Objects
100
,,Global Angle collar:collar,,,,,,Global Angle head:head,,,,,,Global Angle left_elbow:left_elbow,,,,,,Global Angle left_hand:left_hand,,,,,,Global Angle left_shoulder:left_shoulder,,,,,,Global Angle right_elbow:right_elbow,,,,,,Global Angle right_hand:right_hand,,,,,,Global Angle right_shoulder:right_shoulder,,,,,,Global Angle hip:hip,,,,,,
Frame,Sub Frame,RX,RY,RZ,TX,TY,TZ,RX,RY,RZ,TX,TY,TZ,RX,RY,RZ,TX,TY,TZ,RX,RY,RZ,TX,TY,TZ,RX,RY,RZ,TX,TY,TZ,RX,RY,RZ,TX,TY,TZ,RX,RY,RZ,TX,TY,TZ,RX,RY,RZ,TX,TY,TZ,RX,RY,RZ,TX,TY,TZ
,,rad,rad,rad,mm,mm,mm,rad,rad,rad,mm,mm,mm,rad,rad,rad,mm,mm,mm,rad,rad,rad,mm,mm,mm,rad,rad,rad,mm,mm,mm,rad,rad,rad,mm,mm,mm,rad,rad,rad,mm,mm,mm,rad,rad,rad,mm,mm,mm,rad,rad,rad,mm,mm,mm
1,0,-0.20606155595389966,0.03751671982345997,0.06955981028742839,-316.62773659753367,-1247.8915465543107,450.9243872739278,-0.20938467753342424,0.026248326804084954,0.32407961857151824,-278.328011552506,-1454.751622415292,762.7154261998943,-0.5550883318567508,-1.21637692018521,-0.6730040317447795,-537.3257049338653,-1420.9515446615185,268.81747302261806,1.9401533090136547,2.5800440454202467,2.624515831741697,-579.674355101093,-1334.2535432293994,38.89377971633204,-0.1520759506156152,0.04405588064239443,-0.027267156032461794,-440.0038370375639,-1276.697195447718,452.3941059636491,-0.6472671979446383,1.3643551527594857,0.2746781154543303,-62.78050544877248,-1376.4142667038107,253.60485455893382,1.9358718486779682,-0.38782698975787255,-1.376646712410128,-13.007128864206203,-1237.9939059716792,-0.2150875656456933,-0.3758015395982177,0.27399318233566405,-0.11490270708335883,-152.81331778794376,-1260.1043872543546,415.6451175726961,-0.34287508732279337,0.03176996879288024,-0.03169520626605641,-313.6533965608259,-1242.7429897920872,113.30273328543008
2,0,-0.20140163351810542,0.03942826521304133,0.06964850134332945,-317.6395834635063,-1245.11401952821,450.3858792221199,-0.21193288204558855,0.02609307113361742,0.32483317127536043,-279.57852232359335,-1451.4748455155282,762.5424358321739,-0.5517673343075606,-1.2202223752674117,-0.6707805679454344,-538.2507788833885,-1418.569980477655,268.48805520401265,1.9292398368765433,2.588824825159869,2.6227508010931078,-580.8211201477762,-1332.2265259595792,38.4296975832613,-0.15423081716387593,0.043172574315692325,-0.026821067901746737,-441.04370584618533,-1273.8390812081466,451.93996841166586,-0.6492303786739189,1.3637760126424536,0.27493660699019834,-63.71506528514373,-1373.565113018657,253.41591678360578,1.7074026494706478,-0.20324812790257946,-1.2089016545238385,-17.190258762965826,-1239.999608351226,0.3900232103984407,-0.3770709544274168,0.273696399998983,-0.11494256834544107,-153.85139362316943,-1257.2184315306777,415.30915870796247,-0.3435636897895806,0.031772090493788506,-0.03133804749385186,-314.5318569587197,-1240.2661435562209,112.85134388367301
3,0,-0.1967961899659693,0.04131014263955262,0.0697737121951534,-318.6617224625308,-1242.3024765498913,449.8534724217388,-0.21449731300011654,0.025911189312851364,0.3255944319394603,-280.8428411697323,-1448.1591660472893,762.3783154444598,-0.5484611685896605,-1.2241414340248564,-0.6685462878111595,-539.1853159758231,-1416.1604528243433,268.16799072521064,1.918404468281936,2.597643186587566,2.620996151326126,-581.9799330762106,-1330.1747380889783,37.97417381202043,-0.15650401450184465,0.04223606764571516,-0.026372196354507837,-442.0946555459838,-1270.949203360517,451.49042261056854,-0.651252790480634,1.363194061793229,0.27521299954014694,-64.65794986998593,-1370.6815396364107,253.23729224538783,1.4813772663899352,-0.020666310803472268,-1.0429210796711155,-21.354011596365527,-1241.9277797159248,0.9943517479967416,-0.3783566463212181,0.27340200702406636,-0.11497361675085675,-154.89973325968077,-1254.298663043138,414.9792906864845,-0.3442388897192619,0.0317637742583675,-0.03093938981884115,-315.42067917842957,-1237.7641646001703,112.40489859458066
4,0,-0.19228232120602334,0.043131688676628664,0.069946283365037,-319.6990969369161,-1239.4379957098095,449.32249022823856,-0.21707252136837807,0.02569391517939832,0.3263539400584606,-282.13048819106973,-1444.7856378789659,762.2186074651823,-0.5451906814713195,-1.2281285061787388,-0.6662979977894093,-540.1368247115972,-1413.7026077120286,267.8514942005386,1.907758414594485,2.6064588478223722,2.6192357920441065,-583.1567332902459,-1328.0779935596206,37.52146198650897,-0.1589153882682397,0.04123325992074019,-0.025938100206461517,-443.1623822248187,-1268.0068108323346,451.0393717421356,-0.6533257763950903,1.362604379542006,0.2754949288823313,-65.61530998954045,-1367.7495270054983,253.06613855807507,1.2602366746700402,0.15795341841113095,-0.8804809481828204,-25.46977414340035,-1243.7208166956434,1.586884471546241,-0.37965437075015934,0.27310310283411715,-0.11501637316345927,-155.96359031638676,-1251.3293184837614,414.651570745486,-0.34490519918756146,0.03173818087812625,-0.030517352378732474,-316.3227403013732,-1235.2200101449125,111.95831814700846
5,0,-0.1878971773580709,0.044863205853101974,0.0701713258940627,-320.75734958910823,-1236.4996860511387,448.78721470506594,-0.21965342526608447,0.025432680653280255,0.3271018271308693,-283.45203514919945,-1441.3333282950887,762.0577853148634,-0.5419762702201575,-1.2321767878161711,-0.6640322655594549,-541.113716578043,-1411.1739668949263,267.5316152939563,1.8974072945696774,2.6152323561945314,2.617453274419047,-584.3581879379535,-1325.9140164096973,37.06464119582324,-0.1614836242004288,0.04015091883392443,-0.025538314738649762,-444.25324169974044,-1264.988955172521,450.57958368124184,-0.6554394654995348,1.3620014703678178,0.2757682486648198,-66.59399041622765,-1364.7536182457468,252.8987596979638,1.046316561324496,0.3307320716135358,-0.7232806768049248,-29.510713435320415,-1245.3210537314578,2.156197086311477,-0.3809593605689135,0.2727919818346942,-0.11509338367257545,-157.04884992444323,-1248.292992648851,414.3211589800709,-0.3455685457398809,0.031688452428552207,-0.03009410062524512,-317.24124503788835,-1232.6146992060924,111.50553149159343
6,0,-0.18367747707477214,0.04647675870103195,0.07044721741567778,-321.8426400069802,-1233.4653813486648,448.2409914967547,-0.2222351607989235,0.02511945664546234,0.32782792230171237,-284.81879042712086,-1437.7800869658697,761.8892961226778,-0.5388377107122704,-1.236277797367483,-0.6617458664478261,-542.1250701584537,-1408.5505883377336,267.2003288531877,1.8874486703754774,2.6239251995438115,2.6156323975978046,-585.5914545409457,-1323.6590576323842,36.59572073990965,-0.16422523505449876,0.03897617320604824,-0.025194069117113103,-445.3740333849446,-1261.871229909161,450.1028158595146,-0.6575825856492497,1.3613794466410474,0.27601712719633403,-67.60132072103993,-1361.6775361160278,252.7306292358254,0.8417945712881526,0.4959190759271355,-0.5729052049162606,-33.452257273194405,-1246.6721779919592,2.690656854150357,-0.3822662405379585,0.27246030062082377,-0.11522881439041796,-158.16182447115054,-1245.1712887944113,413.9823874070562,-0.34623622343810195,0.03160789969864355,-0.029695730700509057,-318.17958132224396,-1229.9279173751358,111.03958334437549
7,0,-0.17965899603508118,0.04794686566574242,0.07076496558197427,-322.96145676249273,-1230.3123526536951,447.676358723462,-0.22481289588818962,0.02474709492576883,0.32852183423235803,-286.24247435365453,-1434.103331493846,761.7056346920787,-0.5357939898848787,-1.2404209609990844,-0.6594362300501955,-543.1803840390336,-1405.8077464389467,266.84865175074407,1.8779699681227424,2.632499851571452,2.6137577064256643,-586.8639385935896,-1321.2885365627403,36.1057682447614,-0.1671535786257686,0.03769701419424974,-0.024927943004083943,-446.5317836040388,-1258.6285315328917,449.59996794786963,-0.6597422563764491,1.360732231518208,0.2762241757724734,-68.64490687682355,-1358.5048040314093,252.55643488187428,0.6486398355930235,0.6519328311291696,-0.4307886116005793,-37.272554875362786,-1247.7206430344143,3.178637062103006,-0.38356895471921537,0.2720992640987565,-0.11544801594900501,-159.30905003014416,-1241.945475776981,413.6288511238147,-0.3469167939425191,0.03149016789841392,-0.02935200810377779,-319.1411826830158,-1227.1386390501866,110.5527641028993
8,0,-0.17587602196029622,0.04925106588513162,0.07110799143937764,-324.1204327371542,-1227.0180107193544,447.08519711625934,-0.22738161875188428,0.02430965909867745,0.329173008146618,-287.7348982034052,-1430.28081658891,761.498449561106,-0.5328631448913951,-1.244593277867849,-0.6571018669651307,-544.2893281693623,-1402.9206053076152,266.4667854703649,1.8690468591012188,2.6409197686904675,2.6118148418270115,-588.1830568103748,-1318.777682593277,35.58505879610938,-0.1702779501477266,0.03630278668094041,-0.02476346394663812,-447.73353846208494,-1255.2358117562542,449.06125979892334,-0.6619037740958809,1.3600537760561027,0.276370608615647,-69.73243322738638,-1355.2193430996408,252.37014536531248,0.46856683551755335,0.7973977974360128,-0.2981807918935631,-40.952899759875805,-1248.417027620261,3.6087375103846995,-0.38486071536465677,0.271699826011441,-0.11577706566851893,-160.49709333141664,-1238.5971230570026,413.2535205779407,-0.3476199388776828,0.0313293739296847,-0.029095951088773258,-320.1294055505109,-1224.2257416855355,110.0367597724071
9,0,-0.17236076692569563,0.05037035072001427,0.07145235835374039,-325.3261721169376,-1223.5605705480252,446.45889840184384,-0.22993591792752321,0.023802732937383095,0.32977076011758544,-289.30765976518956,-1426.2913553312528,761.2586811020371,-0.5300621145896772,-1.2487790918638104,-0.6547427572426614,-545.4615031177465,-1399.8648596464704,266.04428327056763,1.860742143306187,2.649149366074164,2.609790717395222,-589.5560163119753,-1316.1021538078048,35.023242887492245,-0.17360279059273293,0.034784651760128835,-0.02472464810295475,-448.98617572931136,-1251.6687919093683,448.4764317972289,-0.6640504057707118,1.3593382838354682,0.2764364343704769,-70.87148356784067,-1351.8060185844258,252.16510048178787,0.3029961387005786,0.9311760390820073,-0.17611907979846406,-44.478088167936036,-1248.7172809266644,3.9700032229646562,-0.3861339827846569,0.2712528988846154,-0.1162422935724042,-161.73237843977128,-1235.1086862214272,412.84887369777175,-0.3483562680512282,0.031120211113014717,-0.028963254252236094,-321.1474289903419,-1221.1685877155878,109.48281951264053
10,0,-0.1691427324881612,0.051289458558069774,0.0717674442158862,-326.5850969213323,-1219.9196526015241,445.78854899793845,-0.23246977379137626,0.023223694815642928,0.33030429310940523,-290.9718673224363,-1422.1154638427067,760.9767306808111,-0.5274066101442403,-1.2529599915057825,-0.6523606858808645,-546.7062160257403,-1396.6173201019928,265.57024057071175,1.8531051417862965,2.657154007375753,2.607673511964317,-590.9896191510383,-1313.238610885962,34.409531347241746,-0.17712704953225544,0.033136000991503274,-0.024835488624122316,-450.2962440967746,-1247.9046128975087,447.8349644968652,-0.6661632108869903,1.3585804358859301,0.2764006790499327,-72.06938880726092,-1348.2511119213468,251.93412487386087,0.15302446661422464,1.0523912019058188,-0.06540665893390916,-47.83668555091261,-1248.5837988222445,4.25213368274793,-0.38738048553473725,0.27074956823733254,-0.11686979711650845,-163.0210411620668,-1231.4640185554513,412.40704639511534,-0.34913709018655215,0.030858019775079452,-0.028991553365363475,-322.19818326092235,-1217.9475520274348,108.88193844871093
11,0,-0.1662480337083388,0.05199703788944419,0.07201702671706661,-327.90331993160015,-1216.0767987932547,445.0651263904982,-0.23497638174820437,0.02257194782550689,0.33076270112140416,-292.73790212942725,-1417.7359051469011,760.6426590020491,-0.5249110107099074,-1.2571148546426618,-0.649959515678267,-548.032280945233,-1393.1564234141365,265.0335070346685,1.84617157533317,2.6649000424672047,2.605452486083254,-592.490100049557,-1310.165227425809,33.73289584713382,-0.1808437369587735,0.03135280388883249,-0.025119398374433645,-451.6698365970756,-1243.922398233204,447.1263142212809,-0.6682209145586393,1.3577756085836914,0.27624164026935366,-73.33310693912378,-1344.542698527969,251.66966576950986,0.0194059013223206,1.160443431141573,0.03340088075743719,-51.02118112221737,-1247.9862865572552,4.445676613461503,-0.3885912889376806,0.2701813061403627,-0.11768494869188226,-164.36881755654903,-1227.648788463032,411.91999976472596,-0.3499741541378672,0.030538824288135227,-0.029219538668246184,-323.28431204879996,-1214.5444764192996,108.22505344282723
12,0,-0.16369870301318323,0.05248568833661049,0.07216072481821711,-329.2865494154985,-1212.0158863029774,444.27970608708904,-0.23744802468623352,0.021849096269188524,0.33113496901144784,-294.6152269663301,-1413.1381141004708,760.2464109405967,-0.5225882887664425,-1.2612200497368085,-0.6475453929813807,-549.4478496043051,-1389.4626524339494,264.42291863571415,1.8399638861378003,2.6723549199589955,2.6031176490829067,-594.0630030207832,-1306.862121717465,32.98228402462418,-0.18473969194028875,0.029433872264987594,-0.02559861642441743,-453.11250290266935,-1239.7037133024494,446.34016121713904,-0.6701998564296408,1.356920077526826,0.27593717256616984,-74.66913883167864,-1340.6709171941868,251.36395450273568,-0.09745491169582812,1.2550145133068011,0.12000019194237074,-54.028022102974475,-1246.9023768646125,4.542202764314971,-0.38975691745024876,0.2695401798441759,-0.11871189942489518,-165.78097076501925,-1223.65078822599,411.3797021792568,-0.35087936937197406,0.030159338895902395,-0.029685930511946724,-324.4081712424586,-1210.9430375038678,107.50324956716635
13,0,-0.16151201104042273,0.05275189253210268,0.07215571675825795,-330.74002911288164,-1207.72342837182,443.42367763389484,-0.23987600768413014,0.021059060420892114,0.3314099761922236,-296.61224523899364,-1408.310492721758,759.7780634179144,-0.5204499687026954,-1.2652497999044174,-0.64512688677066,-550.9602765761839,-1385.5188569230327,263.7275477499392,1.8344919447279278,2.679487388679194,2.600659320945604,-595.7130998604187,-1303.3116998805033,32.14684859919731,-0.18879558690372716,0.027381028607758304,-0.026293590660193975,-454.62920269083975,-1235.2329109271939,445.4666669960804,-0.6720740402620838,1.3560112011290313,0.2754650036301523,-76.08348077544032,-1336.6281235530157,251.00919116819364,-0.1974976445900947,1.3360632951647788,0.19433607768418748,-56.85753040763138,-1245.3179854953783,4.534460368141125,-0.3908675330148003,0.26881905206054085,-0.11997308231050022,-167.26225782845415,-1219.4601264331518,410.77832438363015,-0.35186451469069674,0.029716946022808454,-0.03042833815635796,-325.57186477393236,-1207.1290206917183,106.70797505094369
14,0,-0.15969985462907216,0.05279585369693284,0.07195863947677061,-332.26851464609666,-1203.188758056398,442.48896857300764,-0.24225066243014556,0.020208122709650143,0.33157651246571224,-298.73621169541804,-1403.24457323603,759.2280922005717,-0.5185061215229201,-1.2691767083637044,-0.6427150657049789,-552.5760205590263,-1381.3104724305206,262.93696902157944,1.8297540742938363,2.686267788696504,2.5980676470062183,-597.4443506924819,-1299.4989057169794,31.216190023507192,-0.19298617562611284,0.02519917028631366,-0.027222351655980727,-456.2242995346888,-1230.4973606763288,444.49673757621827,-0.6738153072438884,1.3550475786683525,0.27480308140477655,-77.58161204583199,-1332.4089273302795,250.5977511756238,-0.2809900898220555,1.403812057324678,0.2565892802471425,-59.51371278980061,-1243.22739776276,4.4165095469001185,-0.391913167924474,0.26801177033363716,-0.12148871723852918,-168.81693543246817,-1215.0693036997038,410.10844555249145,-0.352940943514258,0.029209651938993473,-0.031482029361921515,-326.7773156348877,-1203.090499370835,105.8312624990741
15,0,-0.1582682677782154,0.0526212546707218,0.0715275686294286,-333.87628506173417,-1198.4040977005886,441.468275140886,-0.24456142328793726,0.019304899866981255,0.3316233139134968,-300.99319259803326,-1397.9350536500158,758.587652846323,-0.5167653973799504,-1.2729724341737962,-0.6403235204682973,-554.3005813251619,-1376.8256406370274,262.04153831648125,1.8257383168286943,2.6926684211891563,2.595332131709418,-599.2599042397671,-1295.4113779273791,30.18061206637537,-0.19728078180038502,0.022896226540664893,-0.028399895337456543,-457.9015921742772,-1225.4875662569843,443.422289314711,-0.6753936519424742,1.3540291786152954,0.2739299523108287,-79.16851329340142,-1328.0101198444092,250.12241171272177,-0.34850227120383814,1.458724974767228,0.3071571864690179,-62.00398069800121,-1240.6330906380917,4.183837990827818,-0.39288400736463847,0.267113343621741,-0.12327632017872259,-170.44880099628446,-1210.4731781003643,409.3632679999371,-0.3541192925179309,0.028636025809929487,-0.03287864470233514,-328.02636794787355,-1198.8179241505065,104.86595415654368
16,0,-0.15721710818891038,0.0522349541811063,0.07082398214910463,-335.5671858801817,-1193.3645229000329,440.35529792367475,-0.24679697201248094,0.018360237240709933,0.3315391260951963,-303.3880704579318,-1392.379716860569,757.8488703814033,-0.515235095679953,-1.2766084963503779,-0.637968339362298,-556.1384701063935,-1372.0552396862258,261.0326814911683,1.8224238600405511,2.698663978852926,2.5924412596584716,-601.1621334739449,-1291.039519862957,29.031389227455456,-0.20164401361409595,0.020483010529996334,-0.02983759361384306,-459.66437782721164,-1220.1971809109564,442.23651381064116,-0.6767776937521569,1.3529574340381982,0.2728251712226194,-80.84870962474577,-1323.4305038642342,249.5765951581759,-0.40087260956811727,1.5014800970186244,0.34662875734346404,-64.33879888663795,-1237.5453060010334,3.833459877664567,-0.39377071373295613,0.2661201046278564,-0.12535021894648732,-172.16126342840832,-1205.668832338236,408.53683777457496,-0.3554091982544421,0.027995129338123852,-0.034644895805789874,-329.3209141316566,-1194.3041314040725,103.8059288440902
17,0,-0.15653996142297305,0.05164663554058756,0.06981462064087016,-337.34469807975336,-1188.067834511426,439.1449797566361,-0.24894544435773527,0.017387023406191113,0.33131280088449194,-305.92458635851375,-1386.5792488856705,757.0051316511446,-0.5139212697410972,-1.2800571745487777,-0.635668043700621,-558.0932098509904,-1366.9928368954256,259.9031889902622,1.819782541248739,2.704232014334706,2.589382268606402,-603.1527008096108,-1286.3764904569302,27.761044065793307,-0.20603667771909312,0.017972974285840243,-0.03154265288247035,-461.51554057010424,-1214.6229347258834,440.93413793775585,-0.6779353093393983,1.351835302483919,0.2714697439958032,-82.62633089015719,-1318.6706421399394,248.95462531327354,-0.43916808615231584,1.5329364483056542,0.3757551398257431,-66.53128285544938,-1233.9814012506895,3.3640002342423467,-0.39456478199098904,0.2650298564043472,-0.12772107877926883,-173.95743633035784,-1200.6553587860112,407.62426774792095,-0.3568190242203797,0.027286445307130924,-0.03680129074751085,-330.6630397851548,-1189.544283216839,102.64632785048457
18,0,-0.15622428960718712,0.050868421989234726,0.06847317141347385,-339.2120260058228,-1182.514355603452,437.8337420718598,-0.25099468976885325,0.01639992532450542,0.33093343216368953,-308.6054114947987,-1380.5369748304108,756.0513736420454,-0.5128288594555863,-1.2832924667154642,-0.6334434867815089,-560.1673609077319,-1361.6345788426518,258.6475114693904,1.817780345315368,2.7093534224331517,2.586141131006895,-605.2326459934558,-1281.418127385231,26.363631454665896,-0.21041685336381058,0.015381880395896348,-0.033517640073151674,-463.45765678020996,-1208.7644901900078,439.5116744784298,-0.6788344237386313,1.3506672877782717,0.2698466028769506,-84.50518094754017,-1313.7325437146171,248.25199100321083,-0.4646404073519581,1.5540979039754728,0.3954174667805136,-68.59676494634473,-1229.9650123203141,2.7757667064643012,-0.39525891286138143,0.26384200118093004,-0.13039544245201237,-175.84024543651165,-1195.4335812128047,406.6219590614924,-0.3583555995095521,0.026509814147527566,-0.0393609326643331,-332.05517789492865,-1184.5357524256378,101.38377651275991
19,0,-0.15625183475643786,0.04991447180881807,0.06678171748341363,-341.17219629329685,-1176.7066721756169,436.4197147743598,-0.25293257498238175,0.015415046563137812,0.3303905343929062,-311.4322387877801,-1374.2585328429295,754.9843604559467,-0.511961841241005,-1.2862910586392164,-0.6313177161831351,-562.3625671756153,-1355.9790352786938,257.26205063843383,1.8163788187923393,2.7140129116674627,2.582702789522395,-607.4024892775218,-1276.1628149528296,24.835025522639885,-0.21474107565748465,0.012727410246027906,-0.035760094702177926,-465.4931090939481,-1202.6242433976606,437.9676581314776,-0.679443949750841,1.3494594207715274,0.26794111366104945,-86.48880749865391,-1308.6193086359538,247.46561025856104,-0.47868012468043775,1.5660754642479933,0.40659331504394924,-70.55234771906302,-1225.525070167152,2.0708099961673803,-0.3958473890638968,0.26255764840819074,-0.13337529176930965,-177.81254160023877,-1190.0057334137498,405.52781600261216,-0.360023970283441,0.025665387809151112,-0.042328439505488494,-333.50026331250126,-1179.2779669868407,100.01659746850417
20,0,-0.15659927027780193,0.048800565220285266,0.06473190736404533,-343.22815949276185,-1170.6493371149704,434.902953641813,-0.2547473228682926,0.014449513488401823,0.3296742667691171,-314.4058852243375,-1367.7515067729512,753.8029410958475,-0.5113233802203904,-1.2890332572191026,-0.6293157936998268,-564.6796175023113,-1350.0270137293314,255.74543824885615,1.815536331931487,2.7181994418840247,2.5790516785723674,-609.6623423487881,-1270.6113097883967,23.17320368620652,-0.21896556816878093,0.010028733489614994,-0.03826224312707734,-467.62420022996616,-1196.2070882969394,436.30286092003314,-0.6797348571973619,1.3482191955472382,0.26574161071987346,-88.58056446006839,-1303.3347520827226,246.5940870622225,-0.4827705280519962,1.5700494394651754,0.41032318951564867,-72.41646126840779,-1220.694714798616,1.2529731577720538,-0.39632643907829246,0.2611796981979867,-0.1366576398272135,-179.87721063151758,-1184.3751152736766,404.3414486001182,-0.36182716645387225,0.02475360927710129,-0.04569903342548663,-335.0018781376042,-1173.7722276466739,98.54501068469277
21,0,-0.1572390792062359,0.04754369386982037,0.0623258150993246,-345.38288614248006,-1164.3485563913027,433.28563827272467,-0.25642787829768776,0.013520996727901675,0.32877570409476287,-317.5263958458591,-1361.0250377143939,752.50827986876,-0.5109159657253842,-1.2915038387082032,-0.6274645610085983,-567.1185170794879,-1343.781361143953,254.09879473860275,1.8152091332699671,2.7219066067304976,2.5751725493421027,-612.0120197935231,-1264.766537262488,21.378520817840656,-0.22304746148635343,0.007306065537852298,-0.04101082767804495,-469.85325830766,-1189.5201604198512,434.5204803088319,-0.6796813456122562,1.346955457480376,0.2632399518091289,-90.78365967551903,-1297.8830283663399,245.637951644076,-0.47844293141197897,1.5672329004935206,0.407678249697087,-74.2084386440074,-1215.5101511984763,0.32792868562053684,-0.3966945727509743,0.25971289615014304,-0.14023416616173157,-182.0372717017851,-1178.54574619357,403.06435654060834,-0.3637659873002847,0.023775223693420718,-0.049457847000499024,-336.564378681487,-1168.0215119573832,96.97131445995214
22,0,-0.1581406245579168,0.04616166228755353,0.059576472169288096,-347.63944945933366,-1157.811875098349,431.57224281615976,-0.2579642927932505,0.01264717739140636,0.3276871532824266,-320.79314101072134,-1354.0894332829755,751.1040510547512,-0.510741508548941,-1.2936927652273775,-0.6257923335936627,-569.6785638011224,-1337.2467676165668,252.3259578245749,1.8153521569920377,2.7251329428195676,2.571051599860721,-614.451144538788,-1258.6333707403153,19.453965322786363,-0.2269459372337177,0.00458023815780237,-0.04398705880556035,-472.18272596082176,-1182.5725747498693,432.6262927466007,-0.6792620865425534,1.3456782401171588,0.26043207915307215,-93.10118200532244,-1292.2682739223576,244.59987458548594,-0.4672347275747213,1.5588375501290364,0.39973030953717587,-75.94812071282215,-1210.009489664792,-0.6967989836151439,-0.39695287297140525,0.25816385598892777,-0.1440909094730379,-184.29595678748913,-1172.522034446026,401.70008747259595,-0.3658388105270965,0.02273132346032349,-0.05357948960697815,-338.1929950661781,-1162.030276195764,95.30004078604713
23,0,-0.1592713658526837,0.04467270900377605,0.05650806327573873,-350.0010875666804,-1151.0478788325336,429.7696711709904,-0.2593481192770871,0.011845169514264562,0.32640251152448146,-324.20489964857154,-1346.9557915312319,749.5965895392044,-0.5108013773688744,-1.2955957272370615,-0.6243285020403405,-572.3584250546783,-1330.4295851694894,250.43367058013695,1.8159195599121325,2.727882150825293,2.5666778944748874,-616.9792416414277,-1252.2184044830863,17.405387811889618,-0.23062324599788517,0.0018723028920913398,-0.047166693664083874,-474.61522654243987,-1175.3751699382187,430.62876496830506,-0.6784614949599033,1.3443985493532584,0.25731856779960954,-95.53610334692493,-1286.4942864073614,243.48484459744108,-0.45065132195993446,1.5460429506295228,0.3875249357008994,-77.65549886440117,-1204.2316095845363,-1.8118291359871872,-0.3971052275344224,0.2565410471084369,-0.14820803483116898,-186.65676465495477,-1166.3084790460025,400.254362448481,-0.3680414293886699,0.021623425634290726,-0.05802791080152139,-339.8938952251694,-1155.8042648286585,93.53807784568295
24,0,-0.16059816628383522,0.04309515304834276,0.05315578664134837,-352.4712391859492,-1144.0659232591886,427.88734811681053,-0.26057280745391836,0.011130912199360616,0.32491765881679036,-327.759922653503,-1339.6356540076645,747.9949893795814,-0.5110963526502738,-1.2972144762359654,-0.6231030193735478,-575.1562111693241,-1323.3376719818154,248.4317183254179,1.8168649814498767,2.730163217221619,2.5620450381740882,-619.5958158983298,-1245.5297293887786,15.241692236386712,-0.234045560699214,-0.0007968203866969019,-0.050520240658874734,-477.15360192761517,-1167.9402682480927,428.5391152965127,-0.6772709833424244,1.3431280959027279,0.253905138175012,-98.09125286420219,-1280.5642544916086,242.30029980287392,-0.4301327785169472,1.5299698115586409,0.372058255580222,-79.35040103332554,-1198.2150810172575,-3.005943149645753,-0.3971584855295835,0.254854744674613,-0.15255969406329942,-189.1234841357546,-1159.9094182548613,398.7351611977345,-0.37036692232042345,0.02045357611815993,-0.06275658882375768,-341.67420608764587,-1149.3503349947232,91.69475209094506
25,0,-0.16208862729226517,0.041447069506985734,0.0495653863648142,-355.05354795249747,-1136.8759017301331,425.93725799391973,-0.26163408920043685,0.01051854726550368,0.3232308741586431,-331.45597224736235,-1332.1406997765941,746.3111428246164,-0.511626479164919,-1.2985569208487988,-0.622145755890057,-578.0695426593354,-1315.9802694101847,246.3330039215373,1.8181415353387265,2.731990428414283,2.557153051743596,-622.300409962173,-1238.5767189707606,12.974978857123078,-0.23718364152555022,-0.0034066447700583846,-0.05401328685844805,-479.80091775497425,-1160.281457624588,426.3713174363738,-0.6756901469713359,1.3418789805006222,0.2502031081516715,-100.7692625415938,-1274.4805500386415,241.05620274177957,-0.40702573865628344,1.5116578122365592,0.3542578747624217,-81.05222369615414,-1191.997173062955,-4.266130676936618,-0.39712252377923507,0.2531169402080052,-0.15711399930182307,-191.70018285135555,-1153.3288359938438,397.1527601673426,-0.37280555959124945,0.01922447202433253,-0.06770906227869465,-343.54198603389324,-1142.6763011932624,89.78186234422054
26,0,-0.16371238211340258,0.03974599602860853,0.04579236954080128,-357.75183195273274,-1129.4880576557644,423.9339231429657,-0.2625303418139248,0.010019800856990477,0.3213432615513168,-335.29033498831745,-1324.4824893588088,744.5597131669421,-0.5123908031046356,-1.2996369706643334,-0.6214857087805024,-581.0956093949302,-1308.3679158437933,244.1535517845783,1.8197015556657536,2.7333832710387185,2.552010375671588,-625.0926409083754,-1231.369831110454,10.620628323406121,-0.24001330270754512,-0.00593736833522399,-0.05760694370917645,-482.5604333813467,-1152.413399298419,424.1420399201748,-0.6737278254325507,1.3406633402689248,0.24622976058388835,-103.57248503541076,-1268.2445912589033,239.76505017903793,-0.3825609156638927,1.4920482138471898,0.33496810259094434,-82.77970992427545,-1185.6129722299888,-5.577668893395715,-0.39701021143797327,0.2513412105853729,-0.16183313016530398,-194.39115907011785,-1146.5702343331952,395.5197168455453,-0.3753447522546028,0.017939591266748933,-0.07281981245357994,-345.5061442860455,-1135.790803128763,87.81365874188859
27,0,-0.16544227852849702,0.038008671050767606,0.04190092462279441,-360.5700166990252,-1121.9128451591873,421.894315390327,-0.2632629153787837,0.009643390053513097,0.3192591687945285,-339.2598080106697,-1316.6722646364474,742.7580360094681,-0.5133869867480825,-1.30047412489089,-0.6211500623888924,-584.231220869726,-1300.5123980205356,241.91243223800507,1.8214961324460486,2.7343662129048854,2.5466359162089476,-627.9722144547463,-1223.920429226808,8.197316508743668,-0.24251568381943606,-0.008370082073733241,-0.06125840614346478,-485.4355353731161,-1144.3516614446883,421.87051545485247,-0.6714029836274638,1.3394929684314332,0.2420086040744114,-106.50288658652886,-1261.8567822557,238.44181015304608,-0.3578362302802915,1.4719713150498692,0.31493950045286584,-84.55077141635228,-1179.0946282296145,-6.924239819805239,-0.3968372647476961,0.24954254332555817,-0.16667359429631037,-197.20085597974222,-1139.6365769535348,393.8507948368569,-0.37796905005649656,0.016603317009297236,-0.07801549282736436,-347.5763047229089,-1128.703197573163,85.80676014830469
28,0,-0.16725538456074177,0.03625080414554913,0.037962560865719086,-363.5120315017831,-1114.1608384852834,419.8376954135324,-0.2638364091614074,0.009394477558576596,0.316986578984916,-343.3606599750016,-1308.7208078819986,740.9259450610465,-0.5146108027946785,-1.3010928156833717,-0.6211631057297133,-587.4728477783902,-1292.4267370683801,239.63159980580156,1.823474483467076,2.7349683589274907,2.541061037148227,-630.9389172197456,-1216.2406246209064,5.726950630833403,-0.2446773380476934,-0.010686941765025337,-0.06492162095590868,-488.42963500485433,-1136.112576787855,419.57833596470675,-0.6687453558539199,1.3383789222530202,0.23756950672082613,-109.56191941788782,-1255.3165312496205,237.103780553547,-0.33380544349707386,1.4521386268492547,0.29482260543450134,-86.38235078586166,-1172.4707390516166,-8.288090064871355,-0.39662198852550445,0.24773711630973425,-0.1715866585485919,-200.13373930486637,-1132.5303051642593,392.1628254972308,-0.3806601965250551,0.01522104401627694,-0.08321649073483631,-349.76261365331914,-1121.4234732789942,83.7800049332625
29,0,-0.1691337591052377,0.03448687907486634,0.03405449272920792,-366.5816709691639,-1106.2426878153547,417.7853767918712,-0.2642588810073504,0.009274198787355895,0.3145374518384504,-347.58857000183497,-1300.6383603049308,739.0855204472826,-0.5160555215552965,-1.3015215277037593,-0.6215450263541287,-590.8166560895606,-1284.1252033813157,237.33564165153837,1.825583219229192,2.7352229764196885,2.5353313957535346,-633.9925884601809,-1208.3431399737633,3.2345185792755546,-0.24649015672553812,-0.01287131323186083,-0.06854806163886967,-491.54603191914697,-1127.7131198465902,417.28917109714297,-0.66579579882009,1.337331135287834,0.23294868453321013,-112.75037949078666,-1248.6223467600435,235.7703658414647,-0.3112719648423667,1.433139490706698,0.27516554528282483,-88.29031916309559,-1165.7658819695573,-9.650236140343956,-0.3963849057205584,0.24594203128258157,-0.17651896387356586,-203.19414085786676,-1125.2534248235893,390.4745036551296,-0.38339725072315106,0.013799254056837547,-0.08833879317826157,-352.07549332030845,-1113.962186492291,81.75423172398084
30,0,-0.17106494173487882,0.032729990540315314,0.03025779832515001,-369.7824250897109,-1098.169116655552,415.76041391474564,-0.2645419732501639,0.009279286087914429,0.3119279900256812,-351.9385494763081,-1292.434597931744,737.260759729976,-0.5177112165903959,-1.3017917256887428,-0.6223106132612335,-594.2585355788998,-1275.623351637783,235.05143538928976,1.827765565866414,2.735166885222712,2.5295085199627705,-637.1330736384771,-1200.2411924171065,0.747845319965529,-0.24795115391637473,-0.014907900335448903,-0.07208760758434764,-494.78774774356316,-1119.1707978823617,415.02841035538813,-0.6626063042442603,1.3363580499355419,0.22818852832678607,-116.06825665690613,-1241.7720082143178,234.46277129287475,-0.29088737221010624,1.4154417404026212,0.2564151507642519,-90.2894032789355,-1159.0002923753161,-10.990716676002762,-0.39614828116926126,0.244175002820846,-0.1814133311417467,-206.38607222842404,-1117.807659426873,388.80611699390874,-0.38615678556070376,0.012345548183403094,-0.09329611407092868,-354.52534529722743,-1106.330413546207,79.75198886994573
31,0,-0.17304213140616068,0.03099171591384854,0.026655387153708805,-373.1172829911573,-1089.9509539322917,413.78721567090133,-0.26470093882188167,0.009401814288537626,0.3091788051114502,-356.40485297281765,-1284.118660302782,735.4771743531,-0.5195640271432553,-1.301936630541527,-0.6234679156344076,-597.7941252638807,-1266.9380649544928,232.80771871927982,1.829960616536987,2.734839710520629,2.523671025284223,-640.3601629566807,-1191.9483933367605,-1.7027472059368445,-0.24906213775929748,-0.016782863786356014,-0.0754895247850801,-498.1573350048461,-1110.503548632437,412.82273179221386,-0.6592396295295029,1.3354662854705335,0.22333725523451806,-119.51458506019426,-1234.7628048795953,233.2036173084506,-0.27315407470901965,1.3993959139967884,0.23892108876820967,-92.39313567614559,-1152.1896881285936,-12.288890521171416,-0.3959355505975895,0.24245400760429564,-0.18620975805938653,-209.7130143338203,-1110.1946617814194,387.17921098842265,-0.3889131714657379,0.010868624977239423,-0.09800222411158153,-357.12221041044074,-1098.5397164163323,77.7971738307798
32,0,-0.1750640415881245,0.029282023290480047,0.023329819144245638,-376.5885169738048,-1081.5991924242492,411.8910899025801,-0.264754552453516,0.009629089954425423,0.3063149586807461,-360.9808855977543,-1275.699225427626,733.7613170096623,-0.5215954276383167,-1.3019898917242367,-0.6250169179753107,-601.4188382952464,-1258.0875954621888,230.63457664819904,1.8321026846357058,2.7342829996215365,2.517915372948487,-643.6735186722614,-1183.4786611383672,-4.084877119577954,-0.24982929712878285,-0.01848393689355701,-0.07870354253920502,-501.6566680865131,-1101.7296376353906,410.6996032536915,-0.6557685161490192,1.3346603557159376,0.21844837351335286,-123.0873020797479,-1227.5918346626186,232.01647978438987,-0.25843148303417723,1.3852424575485214,0.22294248366806046,-94.6138216829554,-1145.3452334950694,-13.5237771125544,-0.39577067097469354,0.24079690213652558,-0.1908465992565588,-213.17768991389553,-1102.4162741311795,385.6161937986856,-0.3916389509441447,0.009378195886888104,-0.102373408063821,-359.87539428860015,-1090.6021170093761,75.91460643668292
33,0,-0.17713443832392742,0.027609217111172042,0.02036102427312515,-380.1974547250208,-1073.1250642313898,410.09772684610573,-0.2647248944439028,0.009943703396324955,0.3033658568740231,-365.65911473432243,-1267.1846227320277,732.1402483523235,-0.5237815644916345,-1.3019842092982998,-0.6269483048158488,-605.127888615248,-1249.0915876004299,228.56285540318314,1.8341208320241151,2.733539208187272,2.5123560763340613,-647.0725955461937,-1174.846142633849,-6.364633345815502,-0.2502627328988632,-0.020000542287374523,-0.081681016015254,-505.2867241838416,-1092.867548445961,408.68672538358686,-0.6522744796083203,1.3339424497556087,0.21357995225928397,-126.78312413801453,-1220.256352186275,230.92536615097353,-0.24694502042146602,1.3731213264077604,0.2086564653399857,-96.96251729424942,-1138.473633769262,-14.674432800430191,-0.39567741325907735,0.23922102004932003,-0.19526191289673447,-216.78182721167326,-1094.4748244048694,384.1398881478682,-0.3943053040030482,0.007884831714632686,-0.1063309591161865,-362.79306998379997,-1082.5300763141308,74.12954289032004
34,0,-0.17926138662913138,0.02597992262555371,0.017823979660422054,-383.9442486693759,-1064.5401236356104,408.4326330521288,-0.2646369985796182,0.010323757592230354,0.3003649808788178,-370.4309944457287,-1258.582974395586,730.6409544351679,-0.5260927275583227,-1.3019499626224267,-0.6292423986124425,-608.9163211421591,-1239.9710702401765,226.62351552116283,1.8359386421298018,2.732650566115919,2.5071252722088695,-650.5565590994102,-1166.065138521011,-8.507192793859867,-0.25037596258267397,-0.021323911747291667,-0.08437615795460501,-509.0473631321381,-1083.9358602589537,406.81142885772863,-0.64884617145564,1.3333122884169433,0.20879369154005697,-130.59744730995575,-1212.7541536365552,229.95414026781577,-0.23879730772721317,1.363083381110758,0.19616807892267893,-99.44901297399598,-1131.577349314674,-15.720354136308288,-0.3956786229034699,0.23774276262694222,-0.1993949481679953,-220.5259239739805,-1086.3734445073376,382.7730398698642,-0.3968825976217029,0.0063997382168904165,-0.10980360895395937,-365.8818712097375,-1074.3364752632065,72.46714038846423
35,0,-0.18145624800968443,0.024399110695879966,0.01578640850187168,-387.82765214072714,-1055.8563279296409,406.920530437163,-0.2645183612696654,0.010743281958822624,0.2973494419570672,-375.2869106066584,-1249.9023545620328,729.2897291444257,-0.5284930267266761,-1.3019139043317305,-0.6318683615034043,-612.7790464538733,-1230.7484044094574,224.8469399168264,1.837474301182482,2.7316578383319263,2.5023715887733435,-654.124206403162,-1157.1500286214598,-10.47751249191802,-0.2501854253042906,-0.022447209563483398,-0.08674731496037189,-512.9371155505264,-1074.9531092909451,405.10004146119843,-0.6455773319194943,1.3327670681161672,0.20415379399429281,-134.52427984181264,-1205.08398422553,229.12591271182558,-0.23398088411608245,1.3551029899432727,0.18552101128551857,-102.08181944797865,-1124.6549159382682,-16.641896544552058,-0.39579547666414494,0.23637719815919667,-0.2031877388312923,-224.40902147383744,-1078.1163953121338,381.5377954068104,-0.39934100641659154,0.004934463725802492,-0.11272978867640016,-369.14649146893197,-1066.0345950374053,70.9518852535004
36,0,-0.18373248642615012,0.022870164575384207,0.014306571374123724,-391.8448124345031,-1047.0861075417954,405.5847379882166,-0.26439831556243065,0.011172831606439995,0.2943593571956294,-380.2161541618421,-1241.1509554387562,728.1115384999059,-0.5309403424040797,-1.301897977634583,-0.6347837538801456,-616.7108799899547,-1221.4471749437334,223.26221583013447,1.8386410409688907,2.730599001142662,2.4982582644561413,-657.7738938658067,-1148.115193067363,-12.241080997128059,-0.2497100110548215,-0.02336565819908169,-0.08875825574081952,-516.9529889344739,-1065.9376325307142,403.5772434514357,-0.6425643708138319,1.3323015013437314,0.1997256466690205,-138.55621240891543,-1197.2459528210545,228.46241589452404,-0.23239187524262864,1.3490912845063432,0.17670862845827912,-104.8681527142867,-1117.7013571635525,-17.42069453047816,-0.3960467659654004,0.2351376868847088,-0.20658675858553466,-228.42849845292562,-1069.709382286281,380.45516294052067,-0.40165118786031173,0.0035005476329560323,-0.11505962182731198,-372.58930557870127,-1057.6380953622395,69.60700036244987
37,0,-0.18610435091619498,0.02139498981959859,0.013431224184699242,-395.9910907977841,-1038.2424179943637,404.446556031251,-0.2643072811453164,0.01158026456056176,0.2914370509442147,-385.20692876023907,-1232.337249317418,727.129385906931,-0.5333866111503746,-1.3019183119925117,-0.6379345385581259,-620.706584744833,-1212.0920168085054,221.8964121728082,1.8393479832490822,2.7295078608480003,2.494960499046454,-661.503475913313,-1138.9749264349596,-13.764709473141131,-0.24897063417250034,-0.0240766632211501,-0.09037943088760213,-521.0903011549087,-1056.9073949752853,402.2654319351131,-0.6399036342016032,1.33190795935928,0.19557433161343485,-142.68443022862093,-1189.2419374468252,227.98338569480586,-0.23384408810360469,1.3449095631127839,0.16968487318595576,-107.81391669718231,-1110.708672998182,-18.040067847836752,-0.39644823727062783,0.23403554803353704,-0.20954458479118163,-232.57989469215454,-1061.159845525362,379.54447388437035,-0.4037849937514002,0.002109125196713763,-0.11675656516842303,-376.2100307477207,-1049.1609899379034,68.4538502522593
38,0,-0.18858551002263563,0.019974167147914085,0.01319381764774117,-400.25991905367056,-1029.3387677993628,403.5246746784219,-0.2642759093875081,0.011931680597037387,0.2886260962949753,-390.2463974256414,-1223.470136061455,726.3636990073979,-0.5357784943360722,-1.3019844467548878,-0.6412556075312079,-624.7609153849326,-1202.708370117962,220.77387567654165,1.8395014095822333,2.7284126481978186,2.492662050690697,-665.3102576470396,-1129.743342890412,-15.017339399200889,-0.24798986614876337,-0.02457993251056329,-0.09158915629733355,-525.3425502904383,-1047.8798039931128,401.18411649092155,-0.637688434634429,1.3315767179257973,0.19176299449032685,-146.89876908677988,-1181.0759650210032,227.70597267432305,-0.23808308997143027,1.3423823949468656,0.16437463869888433,-110.92368313451881,-1103.6663891500898,-18.485397084934647,-0.39701201876909303,0.23307978342328994,-0.21202150906223788,-236.85677334834386,-1052.4772084326717,378.82286294299007,-0.4057161989341816,0.0007705106421585705,-0.11779863141897225,-380.00544429800925,-1040.617618454991,67.51136429538819
39,0,-0.19118771613441268,0.018607145956341782,0.013613010661694078,-404.64270183615315,-1020.3892181914414,402.83462886301345,-0.2643341506844059,0.01219249599927526,0.28597022045082715,-395.3207709737716,-1214.5590666148018,725.8317595078105,-0.5380584588464667,-1.302098824217118,-0.6446718886489655,-628.8686608241795,-1193.322161925698,219.91557020386114,1.8390064613355035,2.727334630119997,2.491551127398501,-669.1909635718768,-1120.434271733705,-15.970841190105492,-0.24679163721377445,-0.024877582889468862,-0.09237466554842311,-529.7013288454851,-1038.8715167606065,400.34936876949,-0.6360059425966386,1.3312963016713109,0.18835111086345915,-151.187815088615,-1172.7545489148642,227.64420622376582,-0.24479991230740755,1.3413100419122668,0.16068330943064105,-114.2006693735255,-1096.5621502918189,-18.744452155450933,-0.39774616031577653,0.23227686851057058,-0.21398702754742036,-241.25063026378996,-1043.673070364218,378.3047856550695,-0.4074212276385254,-0.0005062144098311091,-0.11817914742698311,-383.9691742750492,-1032.0226147055503,66.79549947952377
40,0,-0.19391957689269154,0.017292473475159536,0.014691564762364079,-409.1287723010538,-1011.4083525015137,402.3883220203991,-0.26451027939251864,0.012328619102168885,0.2835121069771489,-400.4154386743117,-1205.6141345458987,725.5471970723604,-0.5401662751779857,-1.3022565828340145,-0.6481000627505269,-633.0246816672635,-1183.9594175490151,219.33848344347425,1.837769253845431,2.7262867887576436,2.491815658552918,-673.141723389783,-1111.0611442539994,-16.600776346170225,-0.2454010095021486,-0.02497422587572834,-0.09273297178557406,-534.1562892122149,-1029.8982486090633,399.77334809569584,-0.6349340543662824,1.3310539172379452,0.18539269876637443,-155.53904567225845,-1164.2869687134714,227.80853399386183,-0.25364410439623203,1.3414798821788876,0.15850523674486355,-117.64671571081982,-1089.3823408611322,-18.807658330194155,-0.3986543098672923,0.2316306175890283,-0.21542114136337162,-245.75085718668663,-1034.7613302987738,378.0015920766675,-0.4088798569537808,-0.0017135779290241232,-0.11790701974795287,-388.091577467833,-1023.3908701995032,66.31876431244643
41,0,-0.19678550602633413,0.016028051459830217,0.016415679217824844,-413.7054076331887,-1002.4112148826318,402.19363880709665,-0.26482991872024836,0.012307682696996619,0.28129213624844096,-405.51513931039284,-1196.6461294664944,725.5195669775446,-0.5420409103926602,-1.3024456681832848,-0.6514508887351289,-637.2239386559526,-1174.645809284293,219.0551237818431,1.8356993665343706,2.725272626981935,2.4936380680115247,-677.1580747236176,-1101.6368744308113,-16.8870954101869,-0.2438440169471986,-0.024877023418393557,-0.09267147891854019,-538.6951657334379,-1020.974591461229,399.4639230724336,-0.6345383648155781,1.3308359598936452,0.18293453300174095,-159.93900726889117,-1155.6854779777448,228.20545670171595,-0.2642359415405984,1.3426765876389222,0.15773099317169698,-121.26226466494846,-1082.1127169453557,-18.668286643316726,-0.39973554445966475,0.23114212571902037,-0.2163153993002535,-250.34476425986685,-1025.7582309892675,377.9211739219687,-0.4100758756648812,-0.0028460319421790125,-0.1170064977265336,-392.3597167316377,-1014.7374925737315,66.08982402470109
42,0,-0.19978491737880336,0.014811409197557853,0.018754816129095513,-418.3579086806072,-993.4132199215047,402.2541642807034,-0.2653151128600938,0.012100282260551085,0.2793471123188518,-410.60416845336283,-1187.6665482465003,725.7540288164654,-0.5436227619390542,-1.302647264543656,-0.6546320955289099,-641.4615083530804,-1165.406155575895,219.07312735841748,1.8327126472431197,2.724285168457886,2.4971897029041643,-681.2349815664337,-1092.173737559603,-16.81474516844638,-0.242147559094889,-0.024595704031980244,-0.09220828672305581,-543.3038569177669,-1012.1138522247037,399.42440590572664,-0.6348693807733492,1.3306285729384524,0.18101442127572293,-164.37352309213307,-1146.9654278247863,228.8372751047568,-0.2761776654040931,1.344690875506476,0.15825331909376972,-125.04634502565712,-1074.739032962477,-18.322558485388324,-0.4009843670833008,0.23080978638668778,-0.2166736209004232,-255.0176652695853,-1016.6823160924031,378.06770010701865,-0.41099767471438764,-0.0039001809695601475,-0.11551644261556435,-396.7574459762993,-1006.0777580178222,66.11320458030413
43,0,-0.20291171341023462,0.013639979090640297,0.021662051620410423,-423.0697456732911,-984.4300363147617,402.5690229624381,-0.26598349526216014,0.011681164547471527,0.2777090293101393,-415.66661559767664,-1178.68756217185,726.2511403687943,-0.5448561446104558,-1.3028365349230335,-0.6575517569763325,-645.7325827756557,-1156.2638886285279,219.39499142717938,1.828734244288591,2.7233062273705917,2.5026250996382187,-685.3668663254167,-1082.683252164046,-16.374161108626243,-0.24033932897005977,-0.024142529592971987,-0.09137214495647511,-547.9665692450017,-1003.3279209485329,399.65341194008903,-0.6359601101080155,1.330418234401229,0.17965960518219815,-168.82792302057985,-1138.1452966993184,229.70196190662458,-0.28906369620531003,1.3473267211092046,0.15997173950818444,-128.9965636440735,-1067.2476471267948,-17.76965765823042,-0.40239087296977805,0.23062938102130273,-0.21651224818986148,-259.75302702369237,-1007.554296389697,378.4414524932011,-0.41163874323094835,-0.004874907396964695,-0.11348913014945135,-401.26560682647374,-997.4270569043254,66.38910931319124
44,0,-0.2061541031272054,0.012511359591052715,0.02507497253475693,-427.8227693303579,-975.4774491618109,403.1328465900935,-0.26684759982085354,0.01103031002749765,0.2764039325342407,-420.6866229277613,-1169.7219404539794,727.0067770994642,-0.5456919098086167,-1.3029836430438722,-0.6601220206120981,-650.0324505406379,-1147.2405126408623,220.01794563407927,1.823701754944941,2.7223060254375246,2.5100762908351566,-689.5476525920875,-1073.1760714298823,-15.561624771859991,-0.23844775000187987,-0.02353220330436069,-0.09020202683359552,-552.6660215989574,-994.6271776652202,400.1448521411777,-0.6378241533632935,1.3301923416709887,0.1788853508714275,-173.2872865041403,-1129.2466197295641,230.79316674734056,-0.30248980516255297,1.3504069829992162,0.16279588424748434,-133.10910771740672,-1059.6260901511241,-17.01164694222481,-0.40394108042922267,0.2305942344353981,-0.21586028813250155,-264.5326818828221,-998.3968252742476,379.0387700256927,-0.4119980427123316,-0.005771384341656951,-0.11098863280735,-405.86233594412886,-988.8008316944769,66.91335771035561
45,0,-0.20949476445016482,0.011423549953319111,0.02891711795689551,-432.5974838263045,-966.5712064300893,403.9358744519688,-0.26791435632309,0.01013385512647388,0.2754509284497975,-425.64865603156795,-1160.7829326931542,728.0121837377685,-0.5460900484980736,-1.3030550172227042,-0.6622630182956349,-654.3564582814952,-1138.355077829702,220.9339680375935,1.8175683561137834,2.7212432291609043,2.5196473738414045,-693.7708152552306,-1063.6618907746474,-14.37946991191256,-0.2365018943978148,-0.022781710250246633,-0.0887463106706245,-557.3837067393525,-986.0204451071907,400.8880613151818,-0.6404544092982277,1.3299397624404061,0.1786937953438885,-177.73668894236536,-1120.2938144629334,232.10035718435145,-0.31606126902316467,1.3537774505430291,0.16664759173687496,-137.37875981936423,-1051.8635824023584,-16.05329030149503,-0.4056174132165607,0.230695428948984,-0.21475882431309995,-269.3370999441721,-989.234187991759,379.8521055903969,-0.4120802332963079,-0.006592974610787506,-0.10808884619700326,-410.5234765921336,-980.2145059311395,67.67745128074108
46,0,-0.2129113429186596,0.010375142151083672,0.033099941352776836,-437.373375170519,-957.7268557064258,404.9641850337458,-0.26918480362752983,0.008984805896189703,0.27486139312879365,-430.53777592521817,-1151.8841149250386,729.2541599348151,-0.5460221118715939,-1.3030148029418935,-0.6639067518371939,-658.6999525511145,-1129.6236968724952,222.12994770708838,1.8103057639897018,2.7200654670612217,2.5314095717520066,-698.0294343536589,-1054.1493780418034,-12.836126171510779,-0.23453135558922722,-0.021910083811756284,-0.08706157908207769,-562.1002034869869,-977.514991958862,401.8680597858501,-0.6438224840295941,1.3296513203908058,0.1790731141687824,-182.1614420829542,-1111.3139034500593,233.60909267662143,-0.3294000462427098,1.3573093757926515,0.17146191309007242,-141.79892720522795,-1043.951485891563,-14.901786214983046,-0.4073993142769884,0.23092206926003725,-0.21326009443648208,-274.14571474913515,-980.0919134479503,380.87019574934084,-0.41189573094842086,-0.007345022149503521,-0.1048712409448157,-415.2230825553542,-971.6834028303878,68.6687666524617
47,0,-0.21637725338666214,0.009365457423412101,0.037525242306577444,-442.12928569563803,-948.9595774221709,406.20005227751074,-0.2706540443335827,0.007583502960451058,0.2746384215159165,-435.3399013710359,-1143.0392056489027,730.7153769885199,-0.5454732804494311,-1.3028264388163284,-0.6650007262859626,-663.0582040309256,-1121.059130155719,223.58799043828535,1.8019068568534773,2.7187103654571825,2.54539701916952,-702.3162492269431,-1044.646132203026,-10.945994445112108,-0.2325660507598427,-0.020938094198019893,-0.08521106714697918,-566.7955306079954,-969.1165881340597,403.0659410085827,-0.6478788663309747,1.329320186950913,0.1799970734175431,-186.5473196703538,-1102.3361379550238,235.30142230526582,-0.3421510178469212,1.360900594384258,0.1771871599417525,-146.361686078923,-1035.8836791129524,-13.566422078980873,-0.4092639654211106,0.23126158982789718,-0.2114261493796696,-278.9372937726821,-970.9963214482037,382.0783390088045,-0.4114605822434095,-0.008034549170476663,-0.10142243553798613,-419.9339974096156,-963.2226518967813,69.87087097210693
48,0,-0.21986272671557697,0.008394618354545259,0.04208798815577329,-446.84382274133173,-940.2840203512395,407.6224142054706,-0.2723114533460407,0.005937807804907338,0.27477654996940315,-440.04205068219113,-1134.2618596619961,732.3748171584676,-0.544443924249646,-1.3024542816409197,-0.665511101753133,-667.4263174756823,-1112.6704642670659,225.28585856511546,1.7923877912404014,2.7171071141721024,2.56160349481585,-706.6237100609175,-1035.158675398402,-8.729154305297298,-0.23063593621250872,-0.019887859622579083,-0.08326281354669468,-571.4495309405419,-960.8296099932198,404.45937228245253,-0.6525538993978396,1.328942156097823,0.18142502099992378,-190.88076080330714,-1093.3915308736812,237.15639083750403,-0.3539873287252976,1.3644753743981852,0.18378415652361027,-151.05784068526427,-1027.6568448704345,-12.058163804840678,-0.4111870843884303,0.23170009644808628,-0.20932712959823704,-283.6903425180727,-961.9740217326533,383.4587735717131,-0.4107961528540034,-0.008669877330394433,-0.09783169385152989,-424.6284877287236,-954.8470823572139,71.26394941355169
49,0,-0.22333602423356966,0.007463552091053572,0.04667941869758998,-451.4957874607249,-931.7141444194707,409.207436457547,-0.27414113969742865,0.004062992445169206,0.2752617731519762,-444.6325530012569,-1125.565448535416,734.2083215449313,-0.5429505222492353,-1.3018652025454116,-0.6654251522260979,-671.7991322771308,-1104.462904631598,227.19753031642142,1.7817894484675147,2.7151785427968247,2.579980300461398,-710.9440247097666,-1025.692481674068,-6.210910564636568,-0.2287706283888707,-0.01878238628102845,-0.08128758991436674,-576.0422723232839,-952.6571897381923,406.0231906998381,-0.6577595423636745,1.328515786821278,0.1833023598065288,-195.14904516363933,-1084.5123105988769,239.1506323518025,-0.3646148517786948,1.367983158139273,0.19122486489046214,-155.87699644229883,-1019.2706638096874,-10.38919824337377,-0.41314376942399367,0.23222273364110993,-0.20703921535904823,-288.38352897379144,-953.0513838523308,384.9911410004791,-0.4099286357483198,-0.009260194651350709,-0.09418845126814163,-429.2789054892604,-946.5711030888751,72.82532947811376
50,0,-0.22676473335669625,0.006573926020116343,0.051190305706708114,-456.06460814158436,-923.2630748637971,410.9291489908135,-0.2761226463821309,0.0019813281583541953,0.2760718641202626,-449.10122038136814,-1116.9628371105268,736.189227392859,-0.5410258449924314,-1.301030078749161,-0.664752854100436,-676.1711196798918,-1096.4376982794042,229.29385913253404,1.7701780664658995,2.712843656220942,2.6004354509169145,-715.2691995130438,-1016.2520439463091,-3.4211926703549853,-0.22699893610893584,-0.017645049978322166,-0.07935670077517912,-580.5544505517989,-944.6013997870398,407.7300722579476,-0.6633918739417182,1.3280424067163035,0.1855615276674867,-199.34043633044598,-1075.7313109401975,241.25902644170733,-0.37377578218067353,1.3713963803869658,0.19949055220935807,-160.80764595095343,-1010.7279093339068,-8.572448606426107,-0.4151093609272278,0.2328140693417746,-0.20464232752274472,-292.9961136675163,-944.2539985943228,386.65301830854133,-0.40888839474755384,-0.009815091643905288,-0.09057996543665224,-433.85835292294865,-938.408569961876,74.53008226996069
51,0,-0.2301170589511516,0.005728023519020139,0.055514225784880286,-460.5307616673539,-914.9429706741156,412.7601311789445,-0.2782318575240875,-0.00027861595005211344,0.2771769939455656,-453.4394738273687,-1108.4661654469455,738.2890714681145,-0.5387183459085162,-1.299925112861408,-0.6635274734821712,-680.5362834437873,-1088.5921966964775,231.54330931689236,1.7576449409995687,2.7100205471001084,2.622834294268872,-719.5910735481411,-1006.8409786248146,-0.3938266367186771,-0.2253483231339668,-0.016499039042192524,-0.07753975706360822,-584.9677790339484,-936.663460116444,409.5512490340047,-0.6693342482527075,1.327525979531775,0.18812348793484418,-203.4442916018931,-1067.0813151517234,243.45538929129464,-0.3812513548377042,1.3747075584805115,0.20856966081818237,-165.83726657787523,-1002.0344428325175,-6.621084417827982,-0.41706028918640864,0.23345848814635486,-0.20221767371502536,-297.5083697062832,-935.6061521731567,388.4204980510306,-0.40770916798312057,-0.010344090791881656,-0.08708917407422828,-438.3413225115131,-930.3726429002379,76.35167748494011
52,0,-0.2333630335912399,0.004928573371180837,0.059550700884258845,-464.87616683391,-906.7649091735169,414.67221896833667,-0.2804420674401598,-0.0026829379688469287,0.2785406344364236,-457.64041867793924,-1100.0866452193777,740.4783331646732,-0.5360907520447648,-1.2985329223656463,-0.661805074963705,-684.8880710976559,-1080.92006184313,233.91274172820061,1.7443051204480586,2.7066295743515627,2.647001626070187,-723.9013462848054,-997.462165102925,2.8342957447058046,-0.2238443311312503,-0.015366783383007654,-0.07590252923863464,-589.2653500714615,-928.8439547581388,411.45724764420515,-0.6754609732226038,1.3269728486774115,0.1908997099654462,-207.45113886685496,-1058.5943744990348,245.71317082820954,-0.3868636670084652,1.3779258551291647,0.21845552630462906,-170.95242829080885,-993.1991115734667,-4.548047587632177,-0.41897487654344784,0.2341405840659083,-0.19984524857470368,-301.9019771025715,-927.1303337240577,390.2687942005389,-0.4064271634338001,-0.01085619346848684,-0.08379282549609143,-442.7042857484916,-922.4756362830781,78.26266671543058
53,0,-0.23647558231351914,0.004178550720175062,0.06320806666205843,-469.084534190046,-898.7387877023237,416.6372075699076,-0.2827251539446805,-0.005193589906955462,0.28012071443660624,-461.69886719724025,-1091.8343786795697,742.7271894245004,-0.5332178922728532,-1.2968433547658693,-0.6596629321017521,-689.2193028605049,-1073.411611117439,236.36822203661274,1.7302950682429923,2.702596672181459,2.6727252968820485,-728.1915989547866,-988.1179151350294,6.224121823164102,-0.22250999843328118,-0.014269396727938297,-0.07450498177763741,-593.4319537249966,-921.1430431416726,413.41862185594243,-0.6816413489128006,1.326391376759819,0.19379459144600247,-211.35272284867145,-1050.3011234236951,248.0061297624702,-0.39047658209671454,1.3810733143715073,0.22914406838833504,-176.13891043417735,-984.2335550339757,-2.3656149453662723,-0.4208340619212506,0.23484554327614238,-0.19760140397835732,-306.1603763921036,-918.8467948288556,392.1728510589718,-0.4050800846105368,-0.011359467141116264,-0.08075992965574028,-446.92620665802923,-914.7288674045026,80.23536896398258
54,0,-0.2394313923991544,0.00348096867027308,0.0664059456383121,-473.14165881843644,-890.8732427994305,418.6275243032532,-0.2850527901661039,-0.0077697309456004416,0.2818709869839142,-465.6113088321045,-1083.7182070379145,745.0062534582861,-0.5301838491594341,-1.2948539984368734,-0.6571968793406977,-693.5221247847699,-1066.054289799158,238.87582421420996,1.7157693235365459,2.6978566355501368,2.699761241740352,-732.4533101991756,-978.8101651391268,9.735386025746577,-0.22136530911521216,-0.013226157883928153,-0.07339958003841672,-597.4543419649749,-913.560652838128,415.4066531691475,-0.687743879809054,1.3257915072754027,0.1967082460211191,-215.14202428112208,-1042.2301140403488,250.30896054725983,-0.3919956920630193,1.3841809649115968,0.24063155686056797,-181.3818261152765,-975.1519286763439,-0.08501508135315664,-0.42262201640284375,0.23555950666826359,-0.19555660364371033,-310.2690680510185,-910.7731770311557,394.107933156677,-0.4037061278203698,-0.011860692753200692,-0.07805055947424702,-450.9889597498493,-907.1425084705138,82.24253299181184
55,0,-0.242211555875677,0.0028386776525418022,0.0690772287542308,-477.0356449373139,-883.1755870163074,420.61684855173803,-0.2873976261342119,-0.010369182286760693,0.28374255224201816,-469.3758311010871,-1075.745593566284,747.2872706167493,-0.5270785664298169,-1.2925703752534832,-0.6545177052813792,-697.787991687296,-1058.83325284943,241.40240315568545,1.70089624860227,2.6923562177814424,2.7278397869033877,-736.6778667935408,-969.540682845266,13.327568632484912,-0.22042670205424905,-0.012254053292407297,-0.07262994383286145,-601.3214282094733,-906.0966422715686,417.39399539603676,-0.6936404642171083,1.3251842781513266,0.19953955359858708,-218.81325617199593,-1034.4071922943463,252.5978499738336,-0.39136732638669747,1.3872849734278951,0.2529125326752871,-186.66575284096888,-965.9705570145136,2.283886151054902,-0.42432662179638175,0.23626990125560185,-0.19377346560137587,-314.21584646549275,-902.9242197645149,396.05017592545744,-0.4023429924213937,-0.012365087280916457,-0.07571501481960792,-454.87763691434145,-899.72544796399,84.25795322576501
56,0,-0.24480197067313042,0.0022541856094227585,0.07116950133389087,-480.7570542905257,-875.6517634126195,422.580659198045,-0.28973437364337706,-0.012949913446773806,0.2856854711272189,-472.9919963525719,-1067.9225449866556,749.5437474630738,-0.5239940825534677,-1.290005818093699,-0.6517467455963801,-702.0076840341374,-1051.7320322622002,243.9163125065836,1.685853005686537,2.6860568761012433,2.756673018893833,-740.8565705196055,-960.3112785955718,16.9608336052142,-0.21970666352345644,-0.0113673983777151,-0.0722299007118543,-605.0244153142595,-898.750924800522,419.3552426529964,-0.6992103678545873,1.3245813178765755,0.20218935121354195,-222.3618412888668,-1026.8549366094912,254.85094595067523,-0.38857661534870586,1.3904230136410385,0.265977943858988,-191.97486805926928,-956.7075300823524,4.732821295324215,-0.42593979074195004,0.23696572919047756,-0.19230517702013572,-317.99096008288825,-895.3115570646364,397.9770797409179,-0.40102694190241295,-0.012876110468357169,-0.07379334524868535,-458.5807334429312,-892.4851671336974,86.2570192214518
57,0,-0.24719350354135802,0.0017295074258946593,0.072645882876946,-484.2989738739996,-868.3063177203791,424.49669419121426,-0.2920407350188116,-0.015471489338589701,0.2876503985899963,-476.4606815311944,-1060.2535729006645,751.7514939473215,-0.5210205881342705,-1.2871810530594225,-0.6490108863484343,-706.1713612584842,-1044.733261710309,246.3880468944009,1.6708199530227907,2.6789370118268656,2.7859629382467666,-744.980642549046,-951.1240110721858,20.596915478697998,-0.2192134210513095,-0.010577550232951325,-0.07222296784835508,-608.5568484693321,-891.5235489070805,421.267404520434,-0.7043438073048559,1.3239943536255754,0.20456363160355764,-225.78437450038922,-1019.5921773770642,257.0487266339181,-0.3836446429989483,1.3936309951397023,0.27981353837805667,-197.29308834360177,-947.3822589876953,7.2552724510607405,-0.4274576163646088,0.2376378038613845,-0.19119434163523252,-321.5871927228831,-887.9436071037952,399.8679335045857,-0.3997919473933206,-0.013395359075135994,-0.07231521313660273,-462.09020953768294,-885.4276368833614,88.21718285096642
58,0,-0.2493819320801595,0.0012660478358781728,0.07348528131282119,-487.6570024357941,-861.1423880679741,426.34531175758156,-0.2942981276815829,-0.017896411367030927,0.28959016445094554,-479.7838895257076,-1052.7416952295089,753.8890633274965,-0.5182425186215406,-1.28412352052615,-0.6464372297099272,-710.26865212687,-1037.819427177323,248.79079166286812,1.6559746870002647,2.6709935733371952,2.8154100689200234,-749.0412270028368,-941.9813773020768,24.199928350598185,-0.218950751082251,-0.0098927196586043,-0.07262226653902898,-611.9145930867282,-884.4147327703325,423.11027712074883,-0.7089449986576983,1.323434757186765,0.20657661385681084,-229.07857282325364,-1012.633612371173,259.1742640118227,-0.3766247579679957,1.396940269499757,0.2943985429087911,-202.6042110424669,-938.0150070905217,9.846536858771742,-0.4288803499016834,0.23827892444774343,-0.1904722937425078,-324.99986467891387,-880.8255542052627,401.7041580254791,-0.3986689377875514,-0.013922547695712901,-0.07130006669192565,-465.40142995341046,-878.5572395122924,90.11833212708743
59,0,-0.2513676937819609,0.0008645186468131958,0.0736820900118822,-490.82915916009046,-854.1617120268377,428.109747860964,-0.2964921709586037,-0.02019129360225596,0.2914612333788137,-482.96454156421805,-1045.388475946403,755.9380798080161,-0.5157348947097471,-1.2808664790055249,-0.6441476993980199,-714.2887807874156,-1030.9736107790961,251.1008675585736,1.6414859822792507,2.6622429213733767,2.8447221574441266,-753.0293956178399,-932.8864774410667,27.737074038936253,-0.2189179082745365,-0.00931788670832351,-0.073430849058998,-615.095741421819,-877.4248549652707,424.86670416963415,-0.7129345626108711,1.322913149083583,0.20815355393659887,-232.24321517367417,-1005.9895293661127,261.21338180869435,-0.3675981464317398,1.4003754007227265,0.3097046479242114,-207.89205719909904,-928.626413511549,12.503710288773846,-0.4302122143202814,0.23888398306950084,-0.19015888679376883,-328.22675601821174,-873.9594188072931,403.46956377437584,-0.397685173291031,-0.014455572401176725,-0.0707575830166471,-468.512990402199,-871.8767186829172,91.94306556667068
60,0,-0.2531554768801623,0.000524888664149088,0.07324537963850644,-493.8157217529353,-847.3646505857067,429.77626950102433,-0.2986129183219823,-0.022327826352974554,0.2932249833638516,-486.00626043915474,-1038.1940998593427,757.8834494329999,-0.513560111208543,-1.2774479411398183,-0.6422538698650383,-718.2207251111699,-1024.180195155233,253.29806232397803,1.6275078919188044,2.652720896837707,2.873622579316167,-756.9361556526337,-923.8431460384986,31.179231233002206,-0.219109679944666,-0.008854820495808378,-0.07464239480692998,-618.1004551248042,-870.5544061652347,426.5227273321072,-0.7162512155891794,1.3224390748391055,0.2092331722839458,-235.27807308860608,-999.6656431314632,263.1547127234308,-0.3566688097672833,1.4039525537047026,0.3256953136750913,-213.14061436763896,-919.2370251970153,15.225595716686987,-0.4314610699566786,0.23945000170218225,-0.19026274029780765,-331.26795818949523,-867.3442071003682,405.1505218207054,-0.39686375266027357,-0.014990651419693251,-0.0706883349016643,-471.4264446770455,-865.3871597750705,93.67686592211501
61,0,-0.2547536913605038,0.0002463631642058529,0.07219765644733309,-496.6190045339353,-840.7502284746231,431.33422801871603,-0.3006548356402673,-0.02428349326957772,0.29484875317358955,-488.91315409854434,-1031.157477901452,759.713455240894,-0.5117653510593506,-1.2739094929142223,-0.6408522910718989,-722.0534020168993,-1017.4254976191701,255.36584573637793,1.614174266448712,2.6424820778606204,2.9018580800346196,-760.7524632322531,-914.8560431601653,34.50141264477868,-0.2195165651468424,-0.008502200665883112,-0.07624221265057099,-620.9307539436751,-863.8039093257831,428.0676301447348,-0.7188527140446317,1.3220207608122712,0.20976959187670394,-238.18383318365693,-993.6630498050528,264.9896642714734,-0.343958127268581,1.4076785202658642,0.3423254055391019,-218.33417763332574,-909.8668526791568,18.012548298421777,-0.43263795474392486,0.23997609886199955,-0.19078190641618603,-334.125663431066,-860.9761289854644,406.73605064484957,-0.396223258911385,-0.015522535087491757,-0.07108463126436321,-474.1459507976558,-859.0880015378145,95.30817668118802
62,0,-0.25617385907356194,2.73890739208518e-05,0.07057327310014545,-499.2430898695691,-834.3161900689189,432.77602052046365,-0.3026165423327076,-0.02604202327880274,0.2963066229894873,-491.68960839273836,-1024.2763773616837,761.4197427490669,-0.5103807653531511,-1.2702950455009987,-0.6400205507498359,-725.7758727995249,-1010.6983065832381,257.2914692343528,1.601593938706136,2.631598258659481,2.929205515658782,-764.4692441912683,-905.9307007676392,37.68308248923206,-0.22012507406882215,-0.008255834425508639,-0.07820847092768937,-623.5902631949472,-857.1738177349409,429.4938840773462,-0.7207160537130058,1.3216649510619611,0.20973370294158677,-240.96201188338117,-987.978297562006,266.7123057582988,-0.329599217347903,1.4115503693267102,0.359541159151499,-223.4574867787621,-900.5349630638807,20.866270382544414,-0.4337565266127663,0.24046338846609625,-0.1917048975639509,-336.8039042912965,-854.8488707569313,408.2178248294049,-0.3957775437556606,-0.016044775110529822,-0.07193147973482879,-476.6778576042514,-852.9770787425236,96.82838870687627
63,0,-0.2574299598318998,-0.00013431801144271992,0.06841658679965691,-501.6935281729743,-828.05906991981,434.0969706731639,-0.3045003461555315,-0.02759357379708695,0.2975799076029417,-494.34009661032127,-1017.5475707761186,762.9972062239742,-0.5094185156303734,-1.2666495634618122,-0.6398142710012477,-729.3775601425532,-1003.9902975031789,259.0659556305938,1.5898468042487894,2.6201562201384507,2.95547731716632,-768.0774240872767,-897.0735219390929,40.70833186452401,-0.2209181396952257,-0.008108959507821145,-0.08051356726609174,-626.0839342309482,-850.6644014305168,430.7970087987604,-0.7218369559604103,1.3213768215733768,0.20911389800552485,-243.61486296243314,-982.60356864484,268.31919117245707,-0.3137313339456786,1.4155556776292502,0.37728046583749764,-228.49585726679788,-891.2591217699438,23.789571992781063,-0.4348324384651335,0.2409148151450942,-0.19301199887840526,-339.3082576197523,-848.953907581173,409.5901142362001,-0.3955356472236897,-0.01655004101341662,-0.0732076205625468,-479.030254981232,-847.0506944163386,98.23174757928152
64,0,-0.2585377661232734,-0.00024172846611702342,0.06577996232401156,-503.97702261955095,-821.9742767883832,435.2951423638696,-0.30631161302453697,-0.028934655451654735,0.29865735682787303,-496.8690119843731,-1010.9669968188581,764.4437896897135,-0.508872725582813,-1.263017804199809,-0.6402651802166567,-732.8484675260537,-997.2963115697279,260.68398817320883,1.5789810039049756,2.608254888638661,2.980525476027862,-771.5679684455692,-888.2917327233507,43.565914627924435,-0.22187562987438356,-0.008052620172461137,-0.0831255479160131,-628.4177528656943,-844.2756327687913,431.9753612587987,-0.7222286992514352,1.32115996404439,0.20791615054007154,-246.14527861843115,-977.5269642909229,269.8091340320775,-0.29649454428470706,1.4196732710352566,0.3954734580650531,-233.43530261100034,-882.0554922416458,26.78611275959183,-0.4358826758553169,0.24133493158245106,-0.1946767754803134,-341.6455285206192,-843.280840430203,410.8496641194788,-0.39550184578321446,-0.017030470005487703,-0.07488658361870121,-481.2125112435664,-841.3037192148001,99.51519449402913
65,0,-0.2595141932495864,-0.00029843790747930224,0.06272171481824576,-506.101114643436,-816.0561898967252,436.37110102505324,-0.30805802059943255,-0.030067820032206195,0.29953507194151424,-499.2805277118541,-1004.5299264838579,765.7602190919815,-0.5087203389998691,-1.2594430944010557,-0.6413803397374243,-736.1793912178048,-990.6144873464167,262.14371116822196,1.5690113777912607,2.596001998690232,3.0042439287850864,-774.9319335405175,-879.5932885831313,46.249151075885834,-0.22297494385941766,-0.008076100477302652,-0.08600949038487682,-630.5984505423285,-838.0070813990847,433.02986974912915,-0.721920375309332,1.3210164283485581,0.2061634403956909,-248.55668510522884,-972.7328809555753,271.18295043386246,-0.2780249268358111,1.423874385173575,0.4140433638914837,-238.2626457196968,-872.9384003156705,29.860140754744936,-0.43692488402633767,0.24172962428712225,-0.19666767583377212,-343.8234299208909,-837.8177425808341,411.99552771550566,-0.39567581978036964,-0.017478035791597662,-0.07693772506804056,-483.23482023043925,-835.729714600551,100.678154908636
66,0,-0.26037668516577334,-0.0003085936144857299,0.059304079723121746,-508.07388522635654,-810.2982659396781,437.32763781361854,-0.3097487483248241,-0.03100114225087915,0.30021615930241874,-501.5784873042992,-998.2311281183881,766.9496834036189,-0.5089228313221162,-1.2559661625666392,-0.6431425413466245,-739.3621150711907,-983.9462430828922,263.4464564787544,1.5599193018882376,2.5835103940611286,3.02656930079253,-778.1605272347017,-870.9867394808858,48.75571103156663,-0.22419167306437077,-0.008167396612725055,-0.08912877316529795,-632.6332319694669,-831.8578276372854,433.9637296572082,-0.720954666584207,1.3209468107508735,0.20389455882076968,-250.8529343325097,-968.2024635622352,272.44318578691184,-0.25845050252224105,1.4281241394299522,0.43290758956959935,-242.96561686805177,-863.9201671996017,33.016242258634485,-0.43797670524190707,0.24210579496487267,-0.1989496316517114,-345.8502726245473,-832.5515019864907,413.02886321226015,-0.39605292924568314,-0.017884922189941477,-0.07932720755079804,-485.10777847735716,-830.3210757554398,101.72228951523049
67,0,-0.2611426500047723,-0.00027681023235847063,0.055591285994422625,-509.9036850807448,-804.6931552091368,438.1694713608849,-0.311393657321672,-0.03174753212868839,0.30071015265317363,-503.7663263666176,-992.0650254223873,768.0174827448053,-0.5094286744795649,-1.2526240438811962,-0.6455118283979229,-742.3895790481719,-977.2961149965057,264.5964115375231,1.5516539417472637,2.570894120804499,3.047480048463477,-781.2451786869135,-862.4810596084113,51.08729166249112,-0.22550030156339612,-0.008313708152895657,-0.09244617134464286,-634.5295311225109,-825.8264013780373,434.7820772267265,-0.7193852539690712,1.3209503738828667,0.20116235432622398,-253.03819322850757,-963.9141194288406,273.5938391070132,-0.23788806680155158,1.4323832107662344,0.4519789812646466,-247.53293618589663,-855.0110122281518,36.25911425142414,-0.4390551413255578,0.24247100583402614,-0.20148556291312092,-347.7346791231461,-827.4681476128741,413.95270667035675,-0.39662458581383664,-0.018243888471841697,-0.08201889696337472,-486.8420096950217,-825.0691895746535,102.65122162730682
68,0,-0.26182895399024547,-0.00020807662438954941,0.051647794995219744,-511.59890422851527,-799.2328249668683,438.90294058944494,-0.313002511107929,-0.03232391858490235,0.3010322440462635,-505.84702527054907,-986.0258433233711,768.9706608691213,-0.5101764104894368,-1.2494490744829168,-0.648428031674834,-745.2560137506987,-970.6714639091572,265.6002451239991,1.544134875271234,2.5582644824542244,3.0669941105486602,-784.1776151569342,-854.0854494041072,53.249208298307146,-0.22687491851718808,-0.008501926959759026,-0.09592473543491446,-636.2948050503105,-819.9107514175839,435.49165638143984,-0.7172739713945708,1.321025184358004,0.19803150631006597,-255.1168330222563,-959.8440751185094,274.6400965042513,-0.21644102709104232,1.4366095937186718,0.4711672107710927,-251.95437911761226,-846.2190238441434,39.593368411850356,-0.4401759520084788,0.24283309902082176,-0.20423771198842075,-349.4853321949267,-822.5531500417311,414.77173149628373,-0.39737870732160524,-0.018548614609973257,-0.08497515872550117,-488.4478499244905,-819.9646026719337,103.47025383255209
69,0,-0.26245147843207084,-0.00010765550285080025,0.047536752363309995,-513.1677883814007,-793.9086879785877,439.5357002733497,-0.31458428281503836,-0.032750346244308885,0.30120236977215104,-507.82309073631797,-980.1077376231815,769.8176377601537,-0.5110981521505777,-1.2464679959448732,-0.6518141539941245,-747.9570351689852,-964.0820688441914,266.46670708681546,1.5372559600720959,2.54572623450445,3.0851652387960145,-786.9499436887006,-845.8091186982664,55.24991852396776,-0.22828991295622034,-0.008719102641579138,-0.09952843084379964,-637.936372029924,-814.1082475672538,436.1004917067373,-0.7146878276168959,1.3211682547283636,0.19457593376152102,-257.0933208960428,-955.966957768767,275.588082833446,-0.1941982755786589,1.4407603397724327,0.4903802273644721,-256.22082415963354,-837.5501947113474,43.02337185534093,-0.4413530981629523,0.24319980228482124,-0.2071687499192682,-351.11076663417117,-817.7916891304138,415.49200358838954,-0.3983002401143986,-0.018794015808610072,-0.08815754508761753,-489.9351024321347,-814.9971940746735,104.18608495831182
70,0,-0.263024741620799,1.902271811003375e-05,0.04331868473248367,-514.6183061514182,-788.7117339225736,440.0764287856985,-0.3161465866526772,-0.03304902683947079,0.30124420179671907,-509.6965631315749,-974.3049054303319,770.5678557586414,-0.512123303637447,-1.2437011964539768,-0.6555803901902709,-750.4896961466404,-957.5396312180203,267.20621741842405,1.5308902565083873,2.533374088047995,3.102078225560541,-789.5547351556907,-837.6610605095555,57.10050080611386,-0.22972062151455286,-0.008952865225313475,-0.10322253491026052,-639.4612974697079,-808.4157154064119,436.6175782082054,-0.711696016038818,1.321375678176609,0.19087595937607452,-258.97211665186177,-952.2563824391175,276.44463758273963,-0.17123405176726902,1.444793182228381,0.509525720154417,-260.3242830480032,-829.0085145847959,46.55312614649281,-0.4425982396856649,0.24357833526282927,-0.21024261737160171,-352.61920945892706,-813.1688840981559,416.1207394776222,-0.3993717318769237,-0.018976516820179395,-0.09152737139606584,-491.31286691077366,-810.1563472336096,104.8065362179076
71,0,-0.26356158541833546,0.00016647053369703887,0.03905045805825004,-515.9580676832182,-783.6326612366897,440.5345550303835,-0.3176952612986861,-0.03324338421917548,0.3011840965492704,-511.4690453871101,-968.6116745713375,771.2314497998236,-0.5131822828767886,-1.2411621215159818,-0.6596285370602507,-752.8524935220742,-951.0572168620063,267.83045866095927,1.524895765903098,2.521289670055634,3.1178432813269223,-791.9851080309082,-829.6498251619875,58.81410887864474,-0.23114390179409947,-0.009191788932067874,-0.10697380570343895,-640.8763277739453,-802.8295011279018,437.05259569723813,-0.7083670309288705,1.3216427467517873,0.18701535448740672,-260.75757707757,-948.6855276579394,277.21711812220565,-0.14760868150358541,1.4486679702906025,0.5285125432233665,-264.25791429807794,-820.5961126439439,50.18618261326301,-0.443920299147459,0.24397503175178253,-0.2134250813642368,-354.01847076957205,-808.6699839243004,416.66607287430315,-0.400573934922276,-0.019094277782800324,-0.09504618283160346,-492.58944310345305,-805.4311161410964,105.3402930555155
72,0,-0.2640729249658962,0.00032925714227195914,0.03478450005038906,-517.1942920227274,-778.662006881715,440.9200090835478,-0.3192341212788786,-0.03335712830132943,0.30105005112299604,-513.1417488366935,-963.0225713444519,771.8189492169328,-0.5142100316536229,-1.238856892195363,-0.6638565351765618,-755.0453323611146,-944.6486651081584,268.35198370982783,1.5191217046868113,2.5095390538319213,3.13258983968273,-794.2348093169667,-821.7833039946585,60.405422123873244,-0.23253860798348724,-0.009425685158175375,-0.11075045089577602,-642.1878693450802,-797.3455618319089,437.41565281046854,-0.7047660018285203,1.3219640469459368,0.18307838876664403,-262.45387053442926,-945.227682635297,277.9132306196475,-0.12337002588944672,1.4523478569303068,0.5472520683192356,-268.016021655663,-812.3134395578047,53.925588830319576,-0.44532510316476215,0.2443949940156166,-0.2166840066730842,-355.3158842214643,-804.2805182477781,417.13683317390814,-0.40188641679022985,-0.0191473647079782,-0.09867611412293611,-493.77230480191747,-800.8103807565868,105.79666687151679
73,0,-0.2645675589812951,0.0005021240465436818,0.030568276630909906,-518.3338176157774,-773.79027149066,441.2429987453525,-0.32076488005997555,-0.033413388762427776,0.3008707122215,-514.7155510185319,-957.5323670720408,772.3410154086627,-0.5151491173063288,-1.2367841705928673,-0.6681628921505616,-757.069450974714,-938.3279944861921,268.783848881235,1.5134150110713147,2.498170934549425,3.146460080329595,-796.2982903242764,-814.0685310338037,61.89011032254772,-0.23388595099684562,-0.009645817380526079,-0.11452193564280168,-643.4020071911974,-791.959574971882,437.7170629536127,-0.7009523458199197,1.3223335298285126,0.17914700270210893,-264.06490389924556,-941.8567514768705,278.5408864848215,-0.09855543781190274,1.4558002078026138,0.5656594449495131,-271.5940396525136,-804.1594786832975,57.7738584681008,-0.44681511349446706,0.24484179462416567,-0.21998935816710938,-356.5182930476094,-799.9864109376331,417.5423377803166,-0.40328815255687955,-0.01913785926032007,-0.1023801441500461,-494.8681365289738,-796.2829875688176,106.18537865019012
74,0,-0.2650520373787043,0.0006801008584217722,0.02644400223299641,-519.3831479279391,-769.0080374665531,441.5138121672406,-0.3222872364795887,-0.03343393421028835,0.3006744761799322,-516.1910605164873,-952.1361048678052,772.8082167183386,-0.5159522600717525,-1.234935308345352,-0.672450762469541,-758.9273123230354,-932.1088332494629,269.13927972171086,1.5076267742191605,2.4872154879446513,3.1596024604173705,-798.1707753760463,-806.5115097059075,63.284328545464504,-0.23516973223398024,-0.00984503528233332,-0.1182586754915469,-644.524555379275,-786.6670595592636,437.9671520425168,-0.6969778195611982,1.3227445565769342,0.17529821137521212,-265.5942634312978,-938.5477020326863,279.10808032006014,-0.07319400852700685,1.4589972217117158,0.5836547633574137,-274.9885089207789,-796.1319755032001,61.73295479634818,-0.44838925916445543,0.24531724001131117,-0.223312966908859,-357.632074971755,-795.7740600737441,417.8921986558947,-0.4047580724539219,-0.019069904028371554,-0.10612224731034943,-495.8829222853349,-791.8378719522699,106.51636465796356
75,0,-0.2655305822920281,0.0008586193530689785,0.022448556580949176,-520.348522413096,-764.3060778010038,441.74264509171263,-0.3237991052695131,-0.03343849730564839,0.3004887100005353,-517.5686842395568,-946.8291088223375,773.2308393398968,-0.516584160341407,-1.2332948032623283,-0.6766314975527664,-760.6224687561265,-926.0039001344318,269.4313744885998,1.50161828845696,2.4766839183214198,3.1721655304501106,-799.8483220016511,-799.1170701785039,64.60425483191041,-0.2363764473058175,-0.010017829683068307,-0.12193166390803047,-645.5611299454716,-781.4635012467435,438.17609593186813,-0.6928850313210935,1.323189923685345,0.17160183453631858,-267.04517048952715,-935.2769495550103,279.62278413452054,-0.047308894583281295,1.4619162747988015,0.6011641293235975,-278.1970439765941,-788.2276746184543,65.80427733121266,-0.45004287926461845,0.24582120789701428,-0.22662810746302262,-358.6631973895791,-791.6303891902792,418.1961423829696,-0.40627554003123956,-0.018949681056350802,-0.10986744611139579,-496.8220736330718,-787.4641599571224,106.79960292330702
76,0,-0.26600505800059154,0.0010336233832466788,0.018613576324151664,-521.2360020078904,-759.6754537041519,441.9394501073801,-0.32529696358414156,-0.03344422095405005,0.30033911435827376,-518.8486930867643,-941.6069783991035,773.6187311054169,-0.5170225469396426,-1.2318410721781805,-0.6806275257574123,-762.1594077175283,-920.0245567105562,269.6728476086986,1.495266465838498,2.4665686754835017,3.1842922851594047,-801.3278717248593,-791.8887614004586,65.86567991129557,-0.23749526302034352,-0.010160313708956533,-0.125512084151512,-646.5172339167234,-776.3444735239278,438.35378397196286,-0.6887064501473068,1.3236618749698679,0.16811863011907818,-268.4204523719026,-932.0226679979587,280.09285204205634,-0.020919547624474327,1.4645400182088006,0.618120667484693,-281.21829571834445,-780.4425542108008,69.98864164281801,-0.4517677827956051,0.2463515679482637,-0.22990894507773502,-359.6172929597028,-787.5428752916079,418.46384229674806,-0.407820740288999,-0.018785323024934932,-0.11358177490498773,-497.6905831189542,-783.1512482500609,107.04495819047052
77,0,-0.2664749847472461,0.0012016718268519566,0.014965688252343562,-522.0515580182725,-755.1075995337919,442.11380471821616,-0.32677627916031254,-0.03346523543063672,0.30024924049571133,-520.0312826527074,-936.4655712074527,773.981173706244,-0.5172584173929136,-1.2305475267543773,-0.6843744711657173,-763.5433860424876,-914.1804476904484,269.87581294164136,1.4884683854992837,2.4568442996849487,3.196115264470137,-802.6072911618988,-784.8287804546579,67.08365485016806,-0.2385178771888105,-0.010270138915829773,-0.12897095223729507,-647.3983438445721,-771.3057479111749,438.5097042648222,-0.684463926683056,1.324152109455582,0.16489888725340862,-269.72252791103296,-928.7650245206598,280.52592978489145,0.005956277042130271,1.4668562706822044,0.6344654690983672,-284.05190996524396,-772.7720487749287,74.28624415376588,-0.45355242690982767,0.24690419151557627,-0.23312991822335524,-360.499745234889,-783.499559378295,418.7047609674807,-0.4093749633278711,-0.018586758197869285,-0.11723217123583779,-498.4931885883439,-778.8888620240841,107.26204246853695
78,0,-0.2669375909943496,0.00136003142229393,0.011526851302559352,-522.801153678899,-750.5943939528942,442.27479492078635,-0.32823198231969547,-0.03351237128807899,0.3002401642130317,-521.1166264187902,-931.4009774725206,774.3267782682209,-0.5172954910466615,-1.2293839163503255,-0.6878224685395652,-764.780259913212,-908.4792399762667,270.0516046016331,1.481144811641114,2.4474688397308593,3.2077525762647072,-803.6854038298892,-777.9379404151355,68.2721993965885,-0.23943827616510474,-0.010346357598047414,-0.1322788321845996,-648.209987689987,-766.3433871235768,438.65284590050277,-0.6801687189063028,1.3246517953082277,0.16198151275827416,-270.9534068427818,-925.4863355101019,280.92936413841556,0.03330079177964718,1.4688577532937694,0.6501484907904149,-286.69848219818965,-765.2112520035328,78.69660655595789,-0.4553822083898771,0.24747305218524945,-0.2362651238465408,-361.31577413247607,-779.4890450772818,418.92800144533925,-0.4109207761766115,-0.01836549211365263,-0.12078631701479746,-499.23453427835307,-774.6670917358541,107.4600881739169
79,0,-0.2673878983005704,0.0015067562772987137,0.008314776404866569,-523.4908087600572,-746.128216704811,442.43091128265723,-0.3296589435177048,-0.03359300828334024,0.30033031216395795,-522.104919674193,-926.4094894584698,774.6633991946239,-0.517148943155637,-1.2283178811369146,-0.6909366770261238,-765.8763165246623,-902.9264653892523,270.2106316398236,1.4732425660119222,2.4383857806879066,3.2193049617398275,-804.5620137966616,-771.2156765017562,69.44407113763872,-0.24025240925785776,-0.010389244119485011,-0.13540565729501755,-648.9578049680844,-761.4538165714799,438.7916136934257,-0.6758219966119452,1.3251516001939376,0.1593936237095138,-272.11470138816486,-922.1711451201126,281.31010844404943,0.06109472239721478,1.4705417146881274,0.6651293958535096,-289.15950762594434,-757.7550929642166,83.21849773768429,-0.45723985630393743,0.24805041475486486,-0.23928776936295423,-362.07051183549083,-775.5004905494746,419.14216614872146,-0.4124420827382025,-0.018134330927241257,-0.12421245573502615,-499.9193156790657,-770.4764104396277,107.64783116708811
80,0,-0.26781883279852703,0.0016407510934667634,0.00534339548903706,-524.1266392837931,-741.7019908580193,442.5899551005667,-0.33105242034427906,-0.033711056449029504,0.30053542885838425,-522.9964131669481,-921.4875688480931,774.9980617198287,-0.5168435292440102,-1.2273166418201744,-0.6936970351677049,-766.8381122188373,-897.5254663453161,270.36226217385314,1.4647356891423744,2.4295264113568047,3.2308539674999612,-805.2379229645832,-764.6600890034521,70.61059347853877,-0.24095780207425796,-0.010400088702672897,-0.13832068238571757,-649.6475816620904,-756.6338711327796,438.93375161957874,-0.671415781309219,1.325641747723559,0.157150638414369,-273.2076479917293,-918.8062298144994,281.67462205791395,0.089316075192773,1.4719094930287953,0.6793783140191341,-291.43732523102375,-750.3984801657898,87.84983421553721,-0.45910590726291367,0.2486271064865533,-0.24216974701723695,-362.7690610452683,-771.5235982409317,419.3552229671441,-0.41392407864964814,-0.017907053152223396,-0.12747921393605102,-500.5523969486582,-766.3076742295844,107.83340164632176
81,0,-0.2682213573309977,0.001761815726340965,0.0026233530731464933,-524.7148665473239,-737.3092108160665,442.75895299331705,-0.33240844252829566,-0.03386706188691871,0.3008686674596784,-523.7914361711903,-916.6318146890058,775.3368995658282,-0.516411239865431,-1.2263487416574936,-0.6960973335203571,-767.67232044506,-892.2774385295309,270.51473257352,1.4556253661075027,2.420812556027907,3.242461229897153,-805.714944216978,-758.2680202966931,71.78153888270855,-0.24155313241502294,-0.010380976751930253,-0.1409925821718756,-650.2852544160116,-751.8808157446488,439.0862721630009,-0.6669342639248684,1.3261121078238103,0.15525683895786474,-274.23313678445766,-915.3805346325074,282.02876326610914,0.11793905178311764,1.4729660562863802,0.6928764836272261,-293.53505477426415,-743.1364098324157,92.58756251418164,-0.4609592386608902,0.24919286105221444,-0.24488137353495815,-363.416529237967,-767.5486062990384,419.57437896691283,-0.41535311379584344,-0.017698038222678583,-0.13055545491560422,-501.1388920360523,-762.1521088701681,108.02422177325859
82,0,-0.2685846187969852,0.0018706695264102677,0.00016249582793998477,-525.2617920465673,-732.9439567828322,442.9440791888285,-0.33372411026023086,-0.03405842690847056,0.3013407835661509,-524.4904092549808,-911.8389340406368,775.6851003221639,-0.5158886432615657,-1.2253857527695877,-0.6981437079010292,-768.385591585875,-887.1815601393656,270.6750779544018,1.4459386308483753,2.412159591269475,3.254168821035586,-805.9959127592964,-752.035162395908,72.9650627135034,-0.24203779263014544,-0.01033456561882769,-0.14338970094357653,-650.876880773815,-747.1923398991814,439.25538998088695,-0.662355431396215,1.3265523259455314,0.15370636090892126,-275.19174612237975,-911.8850488390044,282.3776770606456,0.1469330458642882,1.4737195556713147,0.7056167338040702,-295.4565266553267,-735.9640366930466,97.42752861679371,-0.46277762987029414,0.2497367221359432,-0.24739132231916416,-364.018034554552,-763.5662846209603,419.8059629467821,-0.41671647988490645,-0.017521861808270516,-0.13341019039389496,-501.68420342599785,-758.0012860950693,108.22690994457416
83,0,-0.26889610624949495,0.0019689548736392436,-0.0020336620627177285,-525.7737373543101,-728.6008966971715,443.150585726101,-0.3349977894116871,-0.0342797318150761,0.3019604083352895,-525.0938475274495,-907.1057169388284,776.0468575224793,-0.5153140769829091,-1.2244038613109962,-0.6998526748985658,-768.9844255898262,-882.2351937115592,270.84908126887063,1.4357259024727091,2.403479668847698,3.2660005553753098,-806.084697755742,-745.956190837753,74.1676823380496,-0.2424114615242986,-0.010263868970634627,-0.14548044897961585,-651.4285746067764,-742.5665274928664,439.446459553414,-0.6576529247145743,1.3269519921038098,0.1524845507094236,-276.0837795177785,-908.3126302776387,282.725680919353,0.17626168255214775,1.4741809181303058,0.7176037634911991,-297.2062056117865,-728.8767077601,102.3643407172411,-0.4645383177076682,0.2502474901073113,-0.24966675876293476,-364.57868104545724,-759.5679375908169,420.0553189043114,-0.4180021437311854,-0.017392869219655556,-0.13601257183301885,-502.194015379399,-753.8470932989457,108.44719267152973
84,0,-0.2691418166939301,0.002059220309043714,-0.0039615165161789884,-526.2569503861456,-724.2752769031704,443.3827417058552,-0.3362291960316797,-0.034523143881251446,0.3027343753413427,-525.602355522718,-902.4290167644795,776.425329717352,-0.5147248416188972,-1.2233852530730263,-0.7012488410375681,-769.475057536853,-877.4341440753311,271.0412394493305,1.4250574489541001,2.3946850706324945,3.277964112170376,-805.9862158521028,-740.0249202543749,75.3942958731023,-0.24267370712794434,-0.010172056855866054,-0.14723383227944162,-651.9464082192748,-738.0018046137213,439.66391767189936,-0.6527980454508093,1.327300846154282,0.15156961943054986,-276.90930243750165,-904.6577891117155,283.07615321279934,0.20588189549813415,1.4743634935794885,0.7288541781341663,-298.78911016478105,-721.869961778396,107.39123226955356,-0.46621851196010344,0.2507141918389468,-0.2516736740007904,-365.10350311022665,-755.5454146623725,420.3267131503157,-0.41919844880404944,-0.017324739448312088,-0.1383319778088128,-502.6742415088233,-749.6817004388043,108.6898259702271
85,0,-0.26930642711236846,0.002144884556409743,-0.005619008518667463,-526.7174816756922,-719.9629030057845,443.64378347792444,-0.33741937080879536,-0.03477889787269157,0.303668074649997,-526.016615143763,-897.805736586517,776.822608016299,-0.5141545339609834,-1.2223192309534894,-0.7023624182069133,-769.8633557504778,-872.7729546545684,271.2547461353663,1.4140189167097192,2.3856916278772613,3.2900537932484766,-805.7064474334275,-734.2344766528137,76.64823504200983,-0.24282363905733378,-0.010062277416487755,-0.14862009448692937,-652.4362848156051,-733.496868732239,439.91123263905223,-0.6477618258663311,1.3275890110284607,0.1509345131691107,-277.668176787451,-900.9164427004423,283.43142994582763,0.2357430717738691,1.4742827622914951,0.7393962529537892,-300.21073035103194,-714.9394991382046,112.49993284760788,-0.46779583982880935,0.25112655127716615,-0.2533774006220056,-365.59738104692406,-751.4911291005649,420.6232582707075,-0.4202938083808387,-0.017330053166155972,-0.14033820766511146,-503.13092934335083,-745.4975279138531,108.95852889817344
86,0,-0.2693734727180874,0.0022301834020648586,-0.007005325921566407,-527.1610361957773,-715.6601124740246,443.93587817130253,-0.3385705512969732,-0.03503583152970162,0.30476580823973304,-526.3373682580225,-893.2328215762839,777.239694495172,-0.5136306366110952,-1.2212030075830937,-0.7032266720949271,-770.1547318785922,-868.245224125877,271.49149138084607,1.4027061055071601,2.3764221420252403,3.302253710716819,-805.2524555422369,-728.5774811534167,77.9313469863961,-0.24285962590499838,-0.009937504144627553,-0.14961144361603987,-652.9037869380282,-729.0506034039192,440.19086283918244,-0.64251707948486,1.3278072417758389,0.15054891511735333,-278.3600914115017,-897.0856540727823,283.7927161704331,0.2657863235277956,1.4739560990373244,0.7492694030178298,-301.4769465840219,-708.0811288946867,117.68055460062875,-0.4692486944187481,0.25147543755789087,-0.25474328601265944,-366.06493156018234,-747.398084424092,420.9468573348495,-0.4212764133913316,-0.01741987813932516,-0.14200178525010093,-503.5701270638925,-741.2872190172374,109.25593232753425
87,0,-0.2693255326706378,0.0023201018161933622,-0.008120676695340476,-527.5928078376405,-711.3637405963169,444.2601032164734,-0.33968595537617635,-0.0352819587116103,0.3060311234697069,-526.5653956284867,-888.707257181909,777.676494472464,-0.5131724587104073,-1.2200421299496522,-0.7038754192952367,-770.3540624934656,-863.8439261794804,271.75207933173965,1.3912192032879274,2.3668097455686263,3.3145411886889535,-804.6324063936323,-723.0462397775847,79.24410040313008,-0.24277908931425995,-0.00980041072849492,-0.15018283157645307,-653.3540080696566,-724.6619830156949,440.50422783516757,-0.6370403536116739,1.327947176086496,0.15038129174822645,-278.9845875611358,-893.1633667519968,284.16001856250506,0.2959439624952916,1.4734025841145693,0.7585233528816255,-302.5939524349816,-701.2907008890437,122.92150211408608,-0.47055647126191696,0.25175326867787884,-0.2557374941033825,-366.5103787592816,-743.2599074062194,421.29817167133996,-0.42213397675783143,-0.017603384927317497,-0.14329437042060392,-503.99771972014867,-737.0436202615509,109.5835461899444
88,0,-0.2691444254176851,0.0024202938943494053,-0.008966133906921919,-528.0173048484281,-707.071081378387,444.6164444740866,-0.3407694937232239,-0.035505062213354824,0.3074671056271738,-526.7014938943595,-884.2260724153664,778.1318259147722,-0.5127894995303491,-1.2188505079991694,-0.7043406742505847,-770.4656221593073,-859.5617166294326,272.03586516165456,1.3796567209798545,2.356801140521151,3.3268901685853507,-803.8555895329426,-717.6329338635866,80.58571191639336,-0.24257838235465423,-0.009653273955947408,-0.15031275154411464,-653.7913757794698,-720.3299723386694,440.8516953262255,-0.6313137116204365,1.3280015718672924,0.15040089520615088,-279.54107897376656,-889.1481484789152,284.5321053416684,0.3261392537874862,1.4726428474534783,0.767217010337759,-303.5681836888287,-694.5640316363138,128.20941329665698,-0.47169968746954666,0.25195435165878416,-0.25632790304409825,-366.9374125237568,-739.0708859213032,421.6766151787999,-0.422853533767126,-0.017887504577023275,-0.14418927057486966,-504.4192438913157,-732.7597724791303,109.9417482569016
89,0,-0.2688114165115907,0.0025369932094390286,-0.00954354905742898,-528.4381752987277,-702.7798449239325,445.00381528878796,-0.34182543208966604,-0.035693287592721716,0.3090766159490945,-526.746452285102,-879.7863473397582,778.6034491357384,-0.5124802839574377,-1.217650035827485,-0.7046505309139932,-770.4930284575397,-855.3912141847022,272.3410125421322,1.3681093804460016,2.3463596501059887,3.339274426663334,-802.9324350229266,-712.3298058302385,81.95428904994426,-0.242252755810455,-0.009497903891020875,-0.1499840168799502,-654.2194755343439,-716.0534257053829,441.2325871396761,-0.625326280422914,1.3279645190848177,0.15057963599565977,-280.02886686818107,-885.0389556515281,284.9064989574371,0.35628650860869526,1.4716989302536432,0.7754170589607993,-304.40625523562477,-687.8968326190643,133.5291385606663,-0.4726599892352955,0.2520751440339015,-0.25648506389650727,-367.3490420782056,-734.8260095060866,422.0803775275336,-0.42342131495793617,-0.018276638499656047,-0.14466203988237988,-504.839690876295,-728.4289150991995,110.32979704918259
90,0,-0.2683074422490326,0.0026769159615105133,-0.009855527559602836,-528.8580419879497,-698.4881127748553,445.42009826291735,-0.34285802593472103,-0.03583571877502569,0.31086246694904723,-526.7010306440818,-875.3852236475193,779.0881195314968,-0.5122316970785313,-1.2164698120710908,-0.7048273474853055,-770.4391999931884,-851.3252436480143,272.66457264378363,1.356654208977197,2.33546801545929,3.351670441022837,-801.8745246654478,-707.1293352478232,83.34698651539327,-0.2417964122253322,-0.009335599596865873,-0.14918448556620093,-654.640884596571,-711.8309905305365,441.64520694735745,-0.6190755074495204,1.3278316157673427,0.15089374501495437,-280.44715077994874,-880.8349290565735,285.2795058214028,0.38629154715697017,1.4705941485531098,0.7831962933010083,-305.1149063489526,-681.2846490507344,138.86376500166023,-0.4734200637820262,0.25211442577348847,-0.2561831836131578,-367.7474531750518,-730.521010254911,422.5064777754766,-0.42382270448937814,-0.018772429054356058,-0.14469114994569732,-505.26330907952405,-724.0445054294311,110.7458707377906
91,0,-0.26761335288043286,0.0028471588542329815,-0.009905457874924747,-529.2783560862543,-694.1942926302628,445.8622108247609,-0.34387115047074496,-0.03592291597418455,0.3128275316254111,-526.5659401325647,-871.0199170940025,779.5816653959315,-0.5120188248649651,-1.2153449850874583,-0.7048862870586005,-770.3063288288145,-847.3570329809845,273.00258519934954,1.345349082810919,2.3241308617076344,3.364059780433955,-800.6945941239148,-702.0244004649031,84.76017281575223,-0.24120264409756312,-0.009167128017225003,-0.14790769587233998,-655.0570252654221,-707.6610196540163,442.0868916423228,-0.6125680814433438,1.3276001011618646,0.15132515243008418,-280.7950366918108,-876.5352297535385,285.64628591669765,0.41605253231679923,1.4693529443208955,0.790631730148894,-305.7009539327647,-674.7228162102515,144.1946913148867,-0.47396348068209987,0.25207337528955126,-0.2554010944447668,-368.1338774182596,-726.1524015734801,422.95084892693194,-0.42404229329906223,-0.01937359778620623,-0.1442587118530832,-505.6934163027894,-719.6002541487542,111.18713297006964
92,0,-0.2667101794682887,0.0030550929428343884,-0.009697583962038167,-529.6992782628995,-689.8970738216118,446.326194793168,-0.3448679485490901,-0.0359473968924605,0.31497478683126223,-526.3418276888357,-866.6877304960167,780.079091934788,-0.5118052900876969,-1.2143152676336677,-0.7048342528745449,-770.095869098339,-843.4803583861828,273.35020160924046,1.3342279423105583,2.312376747310141,3.3764309273021906,-799.4065228578676,-697.0084213744941,86.18960442551452,-0.24046404950727235,-0.008992723261211541,-0.14615338191362606,-655.4680461257917,-703.5414966094016,442.5540873517359,-0.6058204818604342,1.327268942212476,0.15186252283500837,-281.0715443352834,-872.1389218569748,286.00096346026857,0.44546115015613463,1.468000711733458,0.7978025400498491,-306.17125262578736,-668.20643919841,149.5017576007066,-0.4742744946111907,0.25195554791527697,-0.2541231716232502,-368.508481966651,-721.7175123496838,423.40845287348793,-0.4240640327578145,-0.020075857002640963,-0.14335122548787507,-506.13223218410116,-715.0901775787283,111.64982549973527
93,0,-0.26557942866152146,0.003308253867383578,-0.009237109158873939,-530.1195950888173,-685.5953848875617,446.80732917546345,-0.3458505171424873,-0.0359040434141523,0.3173072938507546,-526.0292649872063,-862.3860660135565,780.5747115037883,-0.511544057483175,-1.2134231835019167,-0.7046692436179695,-769.8085437986131,-839.6896341690336,273.70182948823884,1.3232968750108904,2.3002597002668246,3.3887804898925733,-798.025308967486,-692.0754793014731,87.63060507840227,-0.2395728157001553,-0.008812103493756282,-0.14392784182647617,-655.8727389708042,-699.4699774088242,443.04244997064853,-0.5988591327340366,1.326838872526241,0.15250190109499223,-281.27561580793787,-867.6449065768606,286.3367780297778,0.47440409745549034,1.4665635888726192,0.8047878544168134,-306.5326603240959,-661.7304004834915,154.76343201163795,-0.4743378471044585,0.25176676002268267,-0.2523401618008858,-368.87028714223635,-717.2145142496643,423.87342404154555,-0.423871490961809,-0.020871899509119735,-0.1419603275046658,-506.58074007576823,-710.5086666634045,112.1293863838679
94,0,-0.26420340947423426,0.0036142279671777435,-0.008530318526784491,-530.5366771727067,-681.2883545371617,447.3002644436427,-0.3468196504815904,-0.035790418020177545,0.3198281214020488,-525.6287423628385,-858.1124354980891,781.0622988910314,-0.5111786697091747,-1.2127121227390156,-0.7043801411661919,-769.4443719781698,-835.9799465853129,274.0512974365146,1.312531231998965,2.2878601373645795,3.401113801486734,-796.567026357968,-687.2204104618208,89.07824798811636,-0.2385210588261614,-0.008624502884110416,-0.14124413664288493,-656.2684977191685,-695.4435517858271,443.5469689517691,-0.5917201493843921,1.3263123855467507,0.15324694049422286,-281.40612772663735,-863.0519093680256,286.6462737890297,0.5027648267613938,1.4650682078854114,0.8116645132459719,-306.7920076491223,-655.2893979525351,159.95705363706912,-0.47413860866644203,0.2515148863049399,-0.2500498864252459,-369.21711838493076,-712.642440125693,424.33923898645617,-0.4234482101318161,-0.021751470741937857,-0.14008350497416192,-507.0385862702467,-705.850571966348,112.62059138797598
95,0,-0.26256559531816587,0.0039805328258386155,-0.007584706149542604,-530.9464838590341,-676.9752771739468,447.7991755691666,-0.3477746541879075,-0.03560697668818999,0.32254021813440975,-525.1406680020204,-853.8644678164918,781.5352692095125,-0.510644865240861,-1.2122242904269973,-0.7039469301284255,-769.0027186869204,-832.3470331462627,274.39203813270257,1.301873909607346,2.2752850590835267,3.413444942905591,-795.04876206338,-682.4388699760945,90.52753913878911,-0.23730120627067375,-0.008428716489880507,-0.1381221047416493,-656.6513240154134,-691.4588260599205,444.06211194952954,-0.5844486812507083,1.325693685470273,0.1541087034304285,-281.4619090009239,-858.3585195283869,286.92152274406675,0.5304254914507875,1.4635413997059614,0.8185048249844112,-306.95607003250177,-648.8780144482263,165.05912843312092,-0.47366210399552494,0.25120958134541743,-0.2472577872227274,-369.5455976409971,-708.001191943338,424.7989081500941,-0.4227781597246672,-0.022701526985653774,-0.1377247379549091,-507.50402272737915,-701.1113033936135,113.11771516638233
96,0,-0.26065102280563096,0.004414489982089011,-0.0064090939981622155,-531.343617461185,-672.6555839540375,448.29793021241017,-0.3487132401743367,-0.03535716790216034,0.3254462432344975,-524.565372641756,-849.6399122460455,781.9868747178227,-0.5098725204212222,-1.2119986357083763,-0.7033413354948322,-768.4823699862517,-828.7872109647341,274.71728704883674,1.2912348930064717,2.2626674145201906,3.425796256655246,-793.4885320988758,-677.7273640096894,91.97360006359095,-0.23590640696315432,-0.008223156406838199,-0.1345881846758301,-657.0158823539344,-687.5119289013635,444.58198685862794,-0.5770978715874215,1.3249886003322566,0.1551050439360525,-281.44176596156353,-853.5632791570304,287.154376426287,0.5572690246924571,1.4620098530350452,0.8253744130510637,-307.03154131860623,-642.4908180356158,170.045672618102,-0.4728939608784366,0.2508619392582466,-0.2439772853055852,-369.8511777563869,-703.2915371759683,425.24518504919166,-0.42184627579734624,-0.023706482564516112,-0.13489503174016934,-507.97389742346894,-696.2869427616776,113.61470782838101
97,0,-0.2584467261106223,0.0049230871517481406,-0.005013729812887436,-531.7214280072351,-668.3288200827104,448.79026771848964,-0.34963150703552986,-0.0350474105003349,0.32854836501859913,-523.9031200257093,-845.436637263469,782.4104156980532,-0.5087878499445042,-1.2120688439594807,-0.7025278517984292,-767.8816349273567,-825.2972596952225,275.0202931708877,1.2804921216906904,2.250164540313156,3.4381974440611085,-791.905174817349,-673.0832482707625,93.41184871880651,-0.23433095478537463,-0.008005917892521622,-0.13067504744882258,-657.3556055839783,-683.5985403166954,445.1005168654038,-0.5697274740000944,1.3242044616674216,0.15625959983952667,-281.3445160324567,-848.6648161159175,287.33673911104074,0.583181277698966,1.4604997315960044,0.8323302230238689,-307.02500802962874,-636.1224905769101,174.89259588105892,-0.4718203162755642,0.2504841068919715,-0.2402299307247885,-370.1282218128225,-698.5150932044562,425.67078731735046,-0.4206390729022182,-0.02474854750097031,-0.13161279868003686,-508.4436942591021,-691.3743667205025,114.10538174688655
98,0,-0.2559422019888138,0.005512827654935976,-0.003410353013544913,-532.0721674179844,-663.9946287487212,449.2699840089472,-0.35052400567120656,-0.03468694647003819,0.3318480385634976,-523.1541233765543,-841.2526243026556,782.7994594516945,-0.5073157929929872,-1.2124614677390777,-0.701465124436178,-767.1984756579194,-821.8742664213154,275.294537147632,1.2694936991323895,2.2379555970416405,3.4506843512815126,-790.3182214213439,-668.5046918476053,94.83817712068135,-0.23257071069361826,-0.0077748544586329705,-0.1264210471174439,-657.662849614952,-679.7139431864586,445.6116233927848,-0.5624021850062738,1.3233499544165803,0.15760043967144519,-281.1690304337082,-843.6620136243862,287.4608546970785,0.608053137123769,1.459036258568865,0.8394187607881898,-306.94292363665517,-629.7679806475206,179.57611501667432,-0.4704282013250654,0.25008886695716787,-0.23604532505065567,-370.3701275786648,-693.6742997992229,426.0686233647411,-0.41914531036805935,-0.025808154646476452,-0.12790405069474275,-508.9076222735682,-686.3713768883079,114.58360298836801
99,0,-0.2531298961705616,0.006189565976668583,-0.0016122197786618295,-532.3871899912074,-659.652741774984,449.7311170840862,-0.35138388557041866,-0.034287568522859704,0.3353457747062524,-522.3185681511593,-837.0859563385075,783.148060606411,-0.5053825062442441,-1.2131942627602152,-0.7001076314434805,-766.4306657654903,-818.5154414109504,275.53395141968645,1.2580614291279633,2.226237955936266,3.463297557483931,-788.7477440265878,-663.9906062381567,96.24912434430586,-0.23062351024256397,-0.007527661168911033,-0.1218695055082368,-657.9290941333423,-675.8530957109493,446.1094113026575,-0.5551897686626144,1.3224349397046964,0.159158424786492,-280.9142856264968,-838.5542074472554,287.5195987132554,0.631782541431152,1.4576432819144258,0.8466746254509467,-306.7915823046525,-623.4226754556248,184.07318719844503,-0.46870611231838105,0.24968920773960343,-0.23146080583587214,-370.5694953510846,-688.7723801603917,426.43201804714937,-0.417356690418917,-0.026864471192411605,-0.12380236743645334,-509.3587518444489,-681.2768333647055,115.04348155147235
100,0,-0.2500056972988068,0.0069583303728118885,0.00036591912148304853,-532.6571941119075,-655.3029767394174,450.16812765552294,-0.3522031139307186,-0.03386322643072405,0.339040913998303,-521.3966413424753,-832.9348014777695,783.4509753423883,-0.5029178803648531,-1.2142747841960435,-0.6984076025449387,-765.5759756877086,-815.2179149184262,275.7331362320041,1.2459956191125434,2.215222526883935,3.4760808801568572,-787.2141824904882,-659.5405404222536,97.6420433040909,-0.2284895445654405,-0.007261965604507249,-0.11706785281992925,-658.1451842416582,-672.0107222043513,446.58835044534874,-0.5481590615124627,1.3214702521642714,0.1609653598652095,-280.57942244605124,-833.3414003841879,287.5067665675836,0.6542763217529507,1.4563428380031018,0.8541193923319347,-306.57709165385785,-617.0825852926805,188.36195106353793,-0.46664475940699,0.24929789596514268,-0.2265208893317145,-370.7183355161513,-683.8132912263537,426.7549306928746,-0.41526856155028524,-0.027895983544936984,-0.1193486121931554,-509.7891936820547,-676.0907871063812,115.4795546389008
101,0,-0.24656942051487232,0.007823135794994383,0.0025078915467987095,-532.8724983298871,-650.9452400116072,450.5760694178104,-0.35297275759108127,-0.033429520739192496,0.34293142003079996,-520.388567564439,-828.7973920851086,783.7038619113483,-0.4998579938119537,-1.2156992866310687,-0.6963171023017184,-764.6323825946209,-811.9785260888442,275.887565091157,1.2330810474124165,2.2051280641535778,3.489079909190016,-785.7381520884778,-655.1545439194687,99.0152594657457,-0.22617170420452914,-0.006975426113469437,-0.11206665104714858,-658.3016062051892,-668.1814188696212,447.04344761884994,-0.5413779517057642,1.3204674728689734,0.16305201428452532,-280.16381118936465,-828.0244829615222,287.4173490686659,0.6754518029321418,1.4551547325334633,0.8617608913150958,-306.30534417178217,-610.7445331887193,192.4221631755198,-0.46423796981586074,0.24892706872269363,-0.22127647709967466,-370.8083102755397,-678.8016640979705,427.03215906530846,-0.4128805972341379,-0.028881137247738147,-0.11459037850285489,-510.19031480286964,-670.8146060167007,115.88695738392256
102,0,-0.2428252595646934,0.008786792741150266,0.004796229233801137,-533.0233434186054,-646.5795348889868,450.9507436479643,-0.3536833163459503,-0.03300309761347351,0.3470137065526023,-519.2946520744157,-824.6720003085086,783.9034599652964,-0.4961474171766806,-1.2174519589915498,-0.6937901962506406,-763.5983006676536,-808.7936154341968,275.9937732263282,1.219093949643179,2.1961745367604713,3.5023406730887365,-784.3402350056715,-650.8330008997004,100.36821931294924,-0.22367587622509105,-0.006665836905283042,-0.10691853151418533,-658.3887890072506,-664.3597705284336,447.47040320811345,-0.5349114239003993,1.319438678670646,0.16544610241325008,-279.66712036900174,-822.6054488802909,287.24778637727553,0.6952381145912581,1.4540961567446569,0.8695929141912051,-305.98198708743433,-604.4063418800939,196.2356172938575,-0.461483707544211,0.2485878588426352,-0.21578384257418742,-370.83100231034416,-673.7427355673625,427.25952323801715,-0.41019741743623617,-0.029799006322497785,-0.10958116503129021,-510.55298431526785,-665.4510890288834,116.26157579043816
103,0,-0.23878218403736814,0.009850719657893463,0.007212342832908647,-533.1002108120899,-642.205973821531,451.288833179628,-0.35432509534369233,-0.03260096407054824,0.3512825118224372,-518.1153307264569,-820.5569111631536,784.04774172871,-0.49174128324812033,-1.219504515010677,-0.6907851136450895,-762.4728262574529,-805.6588322284058,276.0495229417438,1.2038098411597742,2.18857570241112,3.5159085275760122,-783.040759468184,-646.5764395123044,101.70162604747225,-0.22101118562277275,-0.006331239139716839,-0.10167708125341614,-658.3974222246262,-660.5404738029721,447.8657471941156,-0.5288197518611515,1.318396168708486,0.1681703126878244,-279.0893864298042,-817.0875939013487,286.9961918396463,0.7135771797369707,1.4531813537991016,0.8775953713143756,-305.6123908045315,-598.0670099002265,199.78653417993579,-0.45838515719421513,0.24829006578928695,-0.21010342356455478,-370.7782017754705,-668.6422719477098,427.43402385783816,-0.40722911861950867,-0.030629961080531207,-0.10437929396477146,-510.8678408148318,-660.0045619593346,116.6001771549559
104,0,-0.23445425732577382,0.011014768039116728,0.009736741045717938,-533.0941469553657,-637.824793588628,451.5880113108688,-0.3548886038511146,-0.03223974830433824,0.35573083186131965,-516.8512265967959,-816.4503945717246,784.1360288985368,-0.48660704260604654,-1.221816150517265,-0.6872663182520169,-761.2559910685205,-802.5689674861851,276.05394036384416,1.187011958072114,2.1825310733744256,3.529827339322497,-781.8595711223188,-642.3853216372695,103.01755966418527,-0.21819017219542777,-0.005970036353917171,-0.09639571526309391,-658.3187798835799,-656.7184619643905,448.22694982801,-0.5231569058353439,1.3173521691520593,0.17124047348561486,-278.4310814584434,-811.4756874674437,286.66253760039257,0.7304243675992597,1.4524213458562425,0.8857349032429588,-305.201616344811,-591.7268685610658,203.06191034519944,-0.4549518066900135,0.2480418813052041,-0.20429845463914414,-370.64220200440974,-663.5064866577495,427.55396985053943,-0.4039916772629891,-0.03135630176069129,-0.09904660731489391,-511.1255725140426,-654.4809485487862,116.90051394547993
105,0,-0.22986085149125177,0.01227707023800393,0.01234928489131838,-532.9970826261775,-633.4363722242932,451.8470218508428,-0.3553649676008879,-0.03193493460936893,0.360349922072389,-515.5032126831672,-812.3506779329286,784.1690702800943,-0.4807258318616398,-1.224333870510158,-0.6832064001074002,-759.9490153418844,-799.517821971002,276.0076189147775,1.1685000685203455,2.178217506174245,3.5441390163505644,-780.8158019191809,-638.2598192095003,104.31957820368306,-0.21522889411229298,-0.005581111494915176,-0.09112657250773987,-658.1450394574354,-652.8890265762573,448.5525030337369,-0.5179692249590832,1.3163185181143142,0.17466393834157612,-277.6931757993281,-805.7761074637156,286.24879452575,0.7457488151323874,1.451823727840853,0.893965937268218,-304.7543826107719,-585.3877118084096,206.05181515623153,-0.4512004534306528,0.24784967611902084,-0.19843347922048396,-370.41609366381016,-658.3419532481835,427.6190712861813,-0.4005071932151286,-0.03196282745883719,-0.09364699287833719,-511.3172009500293,-648.8878100667067,117.1613979773038
106,0,-0.22502673740153384,0.013633920201326031,0.015029465563353477,-532.8021361836213,-629.0412464647771,452.0657272700719,-0.3557463421269962,-0.03170010593941682,0.36512937430002923,-514.0724796653562,-808.2559208914323,784.1490764835157,-0.47409339175050175,-1.2269931809702115,-0.6785877066444278,-758.5545520518738,-796.498116966599,275.91268579784565,1.1480993787293385,2.1757806835037803,3.5588834123077318,-779.9276421965852,-634.1995840815338,105.61279661138502,-0.21214694980468513,-0.005163941687989755,-0.08591947266170721,-657.8695850010174,-649.0479311618757,448.84196950577075,-0.5132943884507325,1.3153063343159235,0.17843826387763004,-276.87719252371346,-799.9969300327007,285.7590198450601,0.7595334361103991,1.4513925301963873,0.9022321618594036,-304.27503458970824,-579.0528914331818,208.74962704066053,-0.4471560520238141,0.24771785119942635,-0.1925727864439439,-370.09404679475966,-653.1555156989176,427.6304938717903,-0.3968039430897619,-0.032437314593961784,-0.08824480346995527,-511.4343591999106,-643.2343473138668,117.3827426485209
107,0,-0.2199820318050451,0.015079696957507487,0.017756692814202623,-532.5038899261812,-624.6401285088681,452.2451227679124,-0.3560263148353938,-0.0315462289539664,0.3700572737885644,-512.5606072499049,-804.1641940023586,784.0797094224846,-0.4667204855647665,-1.2297191324407204,-0.6734036414002209,-757.0769124773078,-793.501453426165,275.77282878672526,1.1256692361708855,2.175326786254325,3.5740986045662293,-779.2121217965741,-630.2035190209144,106.90393920742581,-0.20896741071638586,-0.0047187058585815254,-0.08082096809370955,-657.4872835508969,-645.1915124031118,449.09599747097764,-0.5091607037730953,1.314325675331317,0.18255024112686016,-275.98525087916033,-794.1479681543759,285.1993870753111,0.7717746479601425,1.4511281505506763,0.9104683744081685,-303.76751385929987,-572.7273709376957,211.15220117722646,-0.4428523203942624,0.24764875435657585,-0.1867788237915736,-369.6715701758304,-647.9541978544188,427.59087237416475,-0.3929162206392545,-0.03277088516082232,-0.08290323785389711,-511.4695559111083,-637.5313598874835,117.5655718845211
108,0,-0.21476198705819105,0.01660683986458487,0.020510580323739466,-532.0986292489432,-620.2339209295279,452.3873149949199,-0.35620028391629827,-0.03148101626181692,0.3751204375837837,-510.9696371400241,-800.0734629145228,783.9660258000117,-0.4586327853501204,-1.232427694492755,-0.6676595722671811,-755.5222632101974,-790.5183227272751,275.5932816282355,1.101111317247393,2.176914675301884,3.5898215166545424,-778.6849058835862,-626.2695578489055,108.2013613429408,-0.2057166587419815,-0.0042463795570892495,-0.07587352174347704,-656.9947243442729,-641.3167648253943,449.3163001454308,-0.505586714888141,1.3133851936610024,0.18697532540955036,-275.0200961681276,-788.240754635798,284.5781542194498,0.7824818547145636,1.4510273530797906,0.9186026404669502,-303.23533289287246,-566.4177325058955,213.25996296649717,-0.4383320259116642,0.24764266047661657,-0.1811106431480616,-369.1457377533887,-642.7451138260798,427.50428118411185,-0.3888839505223051,-0.032958251264310984,-0.07768275087913727,-511.41641703175895,-631.7911590992297,117.71199526200292
109,0,-0.20940661420273685,0.018205883318273813,0.023271214930044512,-531.5845350780675,-615.8237286478827,452.4954651733507,-0.35626580239869465,-0.03150839844799874,0.38030473260326797,-509.302145208554,-795.9815795327995,783.8143752099679,-0.4498702136487973,-1.2350274320821786,-0.6613733081394719,-753.8987847644598,-787.5381697820712,275.3807673917504,1.0743769812033945,2.180548914691575,3.6060888254166614,-778.3601106532237,-622.3944628972331,109.51503549025936,-0.20242412374939248,-0.0037488109227986222,-0.07111483674038269,-656.3904111685624,-637.4214055226805,449.50560001025303,-0.5025811193251056,1.312491801137518,0.19167749256007605,-273.9851139590056,-782.2884671467973,283.9055678901669,0.7916767296635708,1.4510833338417857,0.9265586880623284,-302.68155467453386,-560.1321329877362,215.0769236722582,-0.43364688502112353,0.24769781139286629,-0.17562244403073463,-368.5153725706801,-637.5353810954208,427.3761612099333,-0.38475207383113386,-0.0329978284584257,-0.07263955619416589,-511.2698978231357,-626.02743282446,117.82514957021506
110,0,-0.20396013632619744,0.01986555668881992,0.026019397877534153,-530.9618211917089,-611.4108669726072,452.5736974575331,-0.35622287556015525,-0.03162813461588825,0.38559546766338654,-507.56131004201484,-791.886281354609,783.6322549446987,-0.44048575112968974,-1.237421446253725,-0.6545751216572505,-752.2167824780798,-784.5495068214622,275.14340014320373,1.0454734763635545,2.1861739682208032,3.622938064592064,-778.2501434078437,-618.5736478778376,110.85649690835159,-0.19912191876475283,-0.003228771783785151,-0.06657735819021234,-655.6748993225063,-633.5039162059105,449.6675391421779,-0.5001429702658196,1.3116503542870719,0.1966095312415069,-272.88432711129644,-776.3057949718972,283.19370288422334,0.7993923434036678,1.451285849957745,0.9342584506703013,-302.1087790167949,-553.8802065360018,216.6106167620816,-0.42885702890241323,0.24781050950367658,-0.17036228192768008,-367.78117974545506,-632.3320379127929,427.2132033502308,-0.38056971744942514,-0.032891716078145776,-0.0678242792907084,-511.02645850031485,-620.2550626842299,117.90910787190136
111,0,-0.19847027674325612,0.021572952593521946,0.028736848490392788,-530.2328095819562,-606.9968648227338,452.62697455310314,-0.35607419960070785,-0.03183558502739704,0.39097784891256376,-505.7509747016708,-787.78519980272,783.4281250903372,-0.43054374374389537,-1.239509532362873,-0.6473073152576402,-750.4887413866692,-781.5400738813535,274.8905464080677,1.0144687000690018,2.193669889663541,3.6404088110513064,-778.3655706348513,-614.8010339221835,112.23874424571952,-0.1958443736938169,-0.002689978469295874,-0.06228796165798493,-654.8508702869811,-629.5635606979868,449.8065579552156,-0.4982621306385979,1.3108633752593137,0.20171376354204704,-271.7223747886633,-770.3087492266076,282.4562388099616,0.8056721824289794,1.451621410135986,0.9416246676287474,-301.5191367489114,-547.672913481023,217.87195556127753,-0.4240300134209598,0.24797525797756317,-0.16537101015169697,-366.94582159157926,-627.1419664246841,427.0231899812395,-0.37638917343182193,-0.03264554807549713,-0.0632808119790499,-510.6841976777369,-614.489896205125,117.96875799025301
112,0,-0.19298739555988292,0.023313763141230105,0.03140636395292344,-529.401938982603,-602.5834623975092,452.66094381693136,-0.3558253292245087,-0.03212166337552161,0.39643748232513926,-503.87569834778543,-783.675877899548,783.2111889830239,-0.42011776626581937,-1.2411904984654134,-0.6396233465926272,-748.7293181740333,-778.4970399316911,274.63264901631084,0.9814942416996283,2.2028498037212274,3.658543819104065,-778.7150168942943,-611.0689459509967,113.6760910672555,-0.19262747290104804,-0.002137077940337396,-0.058267836401907844,-653.9231392359648,-625.6003769277647,449.9277458196654,-0.4969199409283821,1.3101308244315644,0.2069231702066163,-270.50447342396785,-764.314420381625,281.70817763007346,0.8105691006545258,1.4520735237923696,0.9485834500328618,-300.91429264429365,-541.5223371424291,218.87501486714658,-0.4192393824783767,0.2481849399187912,-0.16068151779799755,-366.0139299029466,-621.9718228014685,426.814797242871,-0.3722647271657257,-0.0322682229409426,-0.059045411345824084,-510.24293874672003,-608.7484788533693,118.00965328343982
113,0,-0.1875634987151213,0.025072579328655812,0.03401193286906663,-528.4757040108573,-598.1726027397766,452.681758221156,-0.35548476194189743,-0.03247297947158134,0.4019609004912144,-501.940794328413,-779.5557970642817,782.9911455228275,-0.40928812198655995,-1.2423645743972869,-0.6315865467450209,-746.9552651378294,-775.4072367573839,274.3810170649231,0.9467464810645385,2.2134594410626627,3.6773899539041106,-779.3050965822516,-607.3680556783237,115.18396535231534,-0.18950820702116722,-0.001575596232981318,-0.05453256419768608,-652.8985928807484,-621.6151434713623,450.03666808674996,-0.49609006077729856,1.3094499410790166,0.21216288347784212,-269.23636046591747,-758.3406889848943,280.9655083592945,0.8141442417348476,1.4526230059585834,0.9550667220968942,-300.29545760718725,-535.4414324958831,219.63674121007472,-0.41456282712763076,0.24843102912980453,-0.1563183122756358,-364.9920526729348,-616.8279754954319,426.59736245209143,-0.3682513820236917,-0.03177152615080561,-0.05514607617021276,-509.70426545560133,-603.0477529890679,118.03783955044615
114,0,-0.18225115513259332,0.02683324327946804,0.036538804282112924,-527.4625249364447,-593.7664168665661,452.69587764210087,-0.3550639279672052,-0.03287217573191667,0.4075360847087271,-499.9523514734898,-775.4224122007104,782.7779211139746,-0.3981390801860126,-1.2429358291770871,-0.6232684807754751,-745.1852832989204,-772.2574161673555,274.1475868517304,0.9104855718765201,2.225178946566219,3.696998769609662,-780.1403799257945,-603.6873764315575,116.77865547826659,-0.1865238543683833,-0.0010118479278028688,-0.051092386790902194,-651.7860577435428,-617.6093217221771,450.13917501125445,-0.49573944564724276,1.308815167059113,0.21735199968506494,-267.9242226441176,-752.405897389665,280.2448275458257,0.8164659642891664,1.453248335132122,0.9610144519032002,-299.6634102754332,-529.4437328664984,220.1765985271512,-0.4100800154534524,0.2487038258136051,-0.1522974732536593,-363.88853506468394,-611.716452667174,426.3806227092302,-0.3644035324878279,-0.03116966308008788,-0.05160222165742329,-509.0715043363467,-597.4047327189799,118.05966289399684
115,0,-0.17710236804295254,0.028579237270276094,0.03897351703466676,-526.372550805053,-589.3672024291778,452.7098569122555,-0.3545770769213741,-0.03329845286147443,0.41315294880426184,-497.91723568766014,-771.273193649375,782.5813900377918,-0.3867559720441355,-1.242814503727909,-0.6147470159263728,-743.4398042792171,-769.0345199134963,273.944659703833,0.873032208073561,2.237627124388412,3.717426583143303,-781.2233937272503,-600.0143135910369,118.47700298972595,-0.18371121179427632,-0.0004528073951917548,-0.04795264728003948,-650.5961017206281,-613.5849758065095,450.2411988824517,-0.4958294228019646,1.3082181653708167,0.22240565495319467,-266.57461139310357,-746.5284920225503,279.5629264320654,0.8176087958706311,1.4539260609253104,0.9663765913111511,-299.01852786259315,-523.5430230223075,220.51615807575067,-0.4058701974105615,0.24899271146748264,-0.14862697953115087,-362.71333718397426,-606.6428998128753,426.17443260233676,-0.36077363808558205,-0.030478724016602524,-0.048424660263789804,-508.34965320231913,-591.8361652116424,118.08156430718444
116,0,-0.17216745224581165,0.030294089299239445,0.041303896108617524,-525.2174014403665,-584.9773962421276,452.73012792639406,-0.35404105625756704,-0.03372827165520316,0.4188037500246519,-495.84306952692094,-767.1056741030656,782.411092791053,-0.3752222799983348,-1.2419191622260652,-0.6061041785752735,-741.740703291697,-765.7259509033887,273.78462363165863,0.8347621447245941,2.25036821587887,3.7387339089257505,-782.5546563006092,-596.3347728371615,120.29604445736416,-0.1811057985884291,9.40551162568949e-05,-0.045114383848638764,-649.3407746351727,-609.5446733550953,450.3485463122147,-0.49631683457275005,1.307647941262449,0.2272373000520535,-265.19434892061247,-740.726647213463,278.93635768732594,0.8176524352664132,1.454631257558766,0.9711146525689633,-298.36082580100106,-517.7529890793584,220.67864330149578,-0.40200971121788004,0.24928641825581474,-0.14530738582135905,-361.4777939896569,-601.6125486995322,425.988470642364,-0.3574109485482153,-0.02971610519685492,-0.045615883881353514,-507.5452566833016,-586.3581901351145,118.1098676244753
117,0,-0.1674939671951639,0.031961773989220885,0.043519022619808084,-524.0098566570575,-580.5995414908921,452.7627837539803,-0.3534749812339046,-0.03413620901111967,0.4244833958223632,-493.73818827933985,-762.9174983274849,782.2759622547926,-0.36361686424224626,-1.2401785724360803,-0.5974238952799431,-740.1109484045596,-762.319833973305,273.6796666521682,0.7960985232535308,2.2629212258602203,3.760984142353114,-784.1327447671134,-592.6333265521953,122.25260688280221,-0.1787410598008154,0.0006209669392496782,-0.04257504861927076,-648.0332962880225,-605.4913711305688,450.4666930611445,-0.4971552203775854,1.3070910688358008,0.23176110402165104,-263.7904291281871,-735.0178828194369,278.38099617713834,0.8166808166095104,1.4553380178215467,0.97520285906146,-297.6900055715965,-512.086857381413,220.68844189070953,-0.3985695290804117,0.24957330924663465,-0.14233280545645363,-360.1943253451415,-596.6301987917577,425.8319453927124,-0.35436032711961857,-0.02889991028526262,-0.043170631518839875,-506.6662316362413,-580.9860093525541,118.15056824773714
118,0,-0.16312574689762302,0.03356708979566244,0.04560918251225379,-522.7635037083407,-576.2362509340435,452.81337307028645,-0.35289980209528365,-0.03449593727912685,0.4301896226051009,-491.61157211370096,-758.7064735339854,782.1840674053418,-0.3520114722195849,-1.2375332433193234,-0.5887897235197992,-738.5741940348594,-758.8052547122459,273.64149036059666,0.757502133902496,2.274771718666907,3.784241411786517,-785.9543915446516,-588.8934366728411,124.36286337944605,-0.17664759686078793,0.0011200677874725362,-0.04032931989691418,-646.6877031559422,-601.4282902161368,450.6005889612717,-0.4982960116673411,1.3065320211983549,0.23589441070012793,-262.3699181253228,-729.4186887627773,277.91160921680864,0.8147812426386132,1.4560199802081337,0.978628820571064,-297.0055099895123,-506.5570358688651,220.57059826373825,-0.39561297645878823,0.24984166683317424,-0.13969213795755064,-358.8761066344445,-591.7002123069465,425.7133129600217,-0.3516612135011577,-0.028048355701994137,-0.04107671657869143,-505.7216472615038,-575.7335787646062,118.20913063324805
119,0,-0.159102055667766,0.03509599707811984,0.047565796108928596,-521.4923563783957,-571.8901678415474,452.8867131602173,-0.3523377806080552,-0.03478128734847191,0.43592303135119065,-489.47275504265997,-754.4706184937289,782.1423835801647,-0.3404686707425259,-1.2339365734933123,-0.5802826822233853,-737.1543292908251,-755.1724656000785,273.6810327548903,0.7194598386137033,2.285385897099665,3.808567564420703,-788.0146056334277,-585.0977300667482,126.64185822776903,-0.17485245319502632,0.0015836354114768473,-0.03836997252381045,-645.3184671988575,-597.3587859084431,450.75448034770034,-0.4996897156124955,1.3059535974375163,0.23956016781767575,-260.9398593473315,-723.9441701159516,277.5414519827698,0.8120435882521124,1.4566508798131432,0.9813937009164071,-296.30658510380397,-501.1747723035587,220.35030033370435,-0.3931937417532962,0.25007998714012625,-0.1373704666509153,-357.5367124417373,-586.8265237509579,425.64001747947265,-0.34934676025464967,-0.027179201510144326,-0.03931607838609829,-504.7214668293884,-570.613333175207,118.29030275528723
120,0,-0.15545688807284708,0.03653590493155628,0.049381327361390226,-520.2104609977549,-567.5639266459677,452.9867291923756,-0.3518118946400506,-0.03496734812358672,0.4416869734726174,-487.3317126897437,-750.2082098918988,782.1565971107857,-0.32904032366810304,-1.2293555919699009,-0.571979290063636,-735.8749941799736,-751.4130500528947,273.80820928428886,0.6824714750403809,2.2942266553341666,3.834018313241871,-790.3068132944513,-581.2283201832641,129.1030127872668,-0.17337848052687757,0.0020043101338949342,-0.03668876855039647,-643.9401020342103,-593.2862175815883,450.9317568889194,-0.5012870637972872,1.305337435311347,0.2426892451645664,-259.5071882132209,-718.6077264294082,277.2819030823898,0.808559569817933,1.45720511152961,0.9835118683588128,-295.59234773038366,-495.9498439595356,220.05237458526855,-0.3913542676394977,0.25027727802940225,-0.13535054125669935,-356.189747434699,-582.0126642154124,425.6182654365262,-0.34744316716972284,-0.026309228031398277,-0.03786601385955732,-503.67625998355,-565.6359533180869,118.3979554883555
121,0,-0.1522184238390725,0.037875897316354386,0.05104916923049164,-518.9315057997057,-563.2601152697927,453.1163264096506,-0.3513451950436646,-0.03503154924930832,0.4474872876865061,-485.1987320759749,-745.9178249086498,782.2309505961864,-0.3177667100692913,-1.223771298842841,-0.563949910035303,-734.7590786295659,-747.5200369173102,274.0316805261242,0.6470356643695888,2.300771163054293,3.860638649539226,-792.8230120438719,-577.267166410208,131.7576259790131,-0.1722438078075216,0.0023753058578978806,-0.035277329182302725,-642.5667728211224,-589.2138236278169,451.1348288083341,-0.5030401013509845,1.3046645947301545,0.2452225568533009,-258.07866077710855,-713.4207785251061,277.14215367480165,0.8044220714739955,1.4576582924310553,0.9850100449398399,-294.8618574713131,-490.8902928944746,219.70080347964165,-0.39012458754039586,0.2504233573881211,-0.13361425553869818,-354.84847966893363,-577.2617999044871,425.6528431667977,-0.3459692280521928,-0.025453777153952587,-0.036700537715743574,-502.59689647236354,-560.8101818732002,118.53495399718189
122,0,-0.14940864349469304,0.03910689141648875,0.052563501601109466,-517.6684502713995,-558.9812408454742,453.2773004236438,-0.3509601425952372,-0.034954671073409035,0.45333189511923505,-483.08426776907174,-741.5983794901234,782.3681334006989,-0.3066763394850368,-1.2171786355028071,-0.5562574810691426,-733.8282205143369,-743.4879605572554,274.358653832812,0.6136350454213766,2.3045293997587373,3.888457712328866,-795.553931638229,-573.196460385724,134.6143849077268,-0.1714614296431212,0.0026905957984450194,-0.034127949213168654,-641.2119263973996,-585.1446062362887,451.36503926057907,-0.5049031899385791,1.3039161938227362,0.24711290355705826,-256.6607999121552,-708.3925548743781,277.12896114339634,0.7997245175738608,1.457987809068431,0.985925996752471,-294.1141918850285,-486.0022195662077,219.3182787659918,-0.3895216442311088,0.2505091466826262,-0.13214403314877735,-353.52549187450836,-572.5767834102869,425.746984814996,-0.34493609433222805,-0.024626375825577234,-0.03579181398261141,-501.49423365559704,-556.1426927146426,118.7030668434586
123,0,-0.14704310640390514,0.040221723850209876,0.05391912110993286,-516.4331903921718,-554.7297001591893,453.47028904690194,-0.35067795382644107,-0.034721726525086115,0.45923026595634053,-480.99878966406675,-737.2491621626094,782.5692202285197,-0.2957864747323375,-1.2095861303088835,-0.5489566915025078,-733.1023193010553,-739.3128648211717,274.79472483507124,0.5827215439577399,2.3050629305539454,3.9174833909761078,-798.4891959629972,-568.9990266202044,137.67890245272014,-0.17103892516392089,0.002945062786922111,-0.03323431705560419,-639.8879574288713,-581.0812303724989,451.6226151083597,-0.5068338954967978,1.3030740765899032,0.24832645494528038,-255.25986126781552,-703.5299478705483,277.24647546351974,0.7945602802582548,1.4581733347021812,0.9863068305811871,-293.3485232296239,-481.2896453112615,218.92580326825785,-0.389549103032703,0.2505269523908771,-0.13092404649771505,-352.23236576008964,-567.9602152769953,425.9022956311441,-0.344347250333434,-0.023838456635666545,-0.035111598189670544,-500.3788110233749,-551.6380151225892,118.90291674303482
124,0,-0.14513088816632402,0.041215163639509084,0.0551112473150654,-515.2362739383561,-550.5077557750125,453.69476713228767,-0.3505179838314669,-0.03432266417577828,0.46519277704957634,-478.9526282723249,-732.8698635004534,782.8336588692554,-0.285104323158759,-1.2010152757557218,-0.5420936174999036,-732.599081425886,-734.9922525892606,275.34376289726436,0.5547023447235407,2.302003120250694,3.947697005504884,-801.6174804583784,-564.6587233525958,140.9532991572212,-0.1709783121774834,0.003134606321584123,-0.03259210714113273,-638.6059245774436,-577.0259409466485,451.90665758075056,-0.5087937297597495,1.302121488918251,0.2488438015014554,-253.88181968409694,-698.8374477703907,277.49614341242795,0.7890221117256644,1.4581973009678308,0.9862069823424946,-292.5641948653002,-476.75445112497795,218.54235196521438,-0.3901976490261266,0.25047072524002817,-0.12994121182349758,-350.979412945254,-563.4145124645457,426.1187329163229,-0.34419868642276374,-0.023099186288324806,-0.03463262855326832,-499.2605650680553,-547.2985125431588,119.13397485783126
125,0,-0.14367466874290116,0.04208385458917613,0.05613531487936736,-514.0866775368403,-546.3175185530653,453.94908378301517,-0.3504971723590994,-0.03375285018496062,0.4712299859033383,-476.9558235839107,-728.4606014698763,783.1593064278893,-0.2746288096431228,-1.1914996963587223,-0.5357058161040426,-732.333612141787,-730.5249859289202,276.00784250757033,0.5299272507604829,2.295067942189849,3.9790484479641193,-804.9266608549149,-560.1608287933998,144.4358463855518,-0.17127603573745298,0.0032562013145461554,-0.03219941686062549,-637.3753281069448,-572.9805017883333,452.2151723666648,-0.5107487150969697,1.3010437381923312,0.24866051893223282,-252.53237510970837,-694.3171588641438,277.8766928059983,0.7832015909607295,1.4580453079692937,0.9856859986270029,-291.7607949884509,-472.39639644549123,218.18460071433665,-0.3914457355851265,0.25033628481365666,-0.12918592474588173,-349.7754638918197,-558.9419795241932,426.39464428914187,-0.3444792489932917,-0.022415407431951345,-0.03432990606572273,-498.148577069841,-543.1244137721515,119.39459827149884
126,0,-0.1426709569367047,0.04282619341694177,0.056986765338986195,-512.9916540787825,-542.1609371595467,454.23053917375256,-0.35062957700737923,-0.03301329851343157,0.4773518519681624,-475.0179832926484,-724.0219428474534,783.5425116078491,-0.2643528045813147,-1.1810841631380253,-0.5298228313772111,-732.31806648565,-725.9111448148261,276.7872202314163,0.5086780815868623,2.2840765600535304,4.011452170463349,-808.4039504321763,-555.4923979805197,148.12068646963374,-0.1719230852561058,0.0033079064887099087,-0.03205702719801683,-636.2039571433329,-568.9461595636483,452.54513675900625,-0.5126697465680489,1.2998288109549652,0.24778720681678218,-251.2169755480166,-689.9688986773449,278.3841960470679,0.7771885740180496,1.457706456453657,0.9848062228276734,-290.93822497600945,-468.2132175059711,217.86672799702475,-0.39326072985027527,0.25012149571348746,-0.12865252060973673,-348.6277233028654,-554.5448777390102,426.72686031072726,-0.34517114078042704,-0.0217916933967101,-0.034181808246430974,-497.0508646991207,-539.1138930762214,119.68210800743779
127,0,-0.14211043234532808,0.04344215296879733,0.057660853980415906,-511.9566556470969,-538.0397950589027,454.5354962795046,-0.3509260139102847,-0.03211063271263583,0.48356694079929075,-473.14815548150534,-719.5549207842133,783.9782390191199,-0.2542656510971793,-1.1698235027763095,-0.5244670455666559,-732.5613695463107,-721.1518546752706,277.68035451573667,0.4911606769922061,2.2689609371235195,4.044784369138831,-812.0360246101652,-550.6425765105042,151.99764347751614,-0.17290523010682277,0.0032888234270129504,-0.03216847451916038,-635.0978112311377,-564.9236350377337,452.89259969651005,-0.514532734123747,1.2984679230123788,0.24624898462301556,-249.94085331004968,-685.7903769219566,279.0122094657761,0.7710706356425856,1.4571735860113593,0.9836304996300125,-290.0967593833115,-464.20080061553836,217.60029189985866,-0.3956003798936833,0.24982638146097275,-0.12833946045805997,-347.5416970759626,-550.2254872759429,427.11083605874387,-0.3462505419394544,-0.02123050960452709,-0.03417098990463441,-495.9742259085377,-535.2631946278416,119.99290282797132
128,0,-0.14197838352091166,0.043933061725369996,0.05815248738991208,-510.9853334285056,-533.9557152476566,454.8595212484989,-0.35139382173201167,-0.031056777877656493,0.4898816500517834,-471.3547198829222,-715.0610483973963,784.4602301343951,-0.24435581895097672,-1.1577814397094304,-0.5196547869525983,-733.0690136925465,-716.2490945791611,278.68396366819167,0.4774999414499213,2.249773842474485,4.078881642077452,-815.8091332539092,-545.6028594035992,156.05213541379266,-0.1742033604785791,0.003199010168334049,-0.03253993029810798,-634.0610971049642,-560.9131430051424,453.2528091032597,-0.5163185207655991,1.2969559771190005,0.2440844514116989,-248.70906999015062,-681.7774467658679,279.7519823569368,0.7649324885487079,1.4564434047025416,0.9822200046705474,-289.2370946759373,-460.35342181955224,217.3941815066524,-0.39841451026160046,0.24945316382825258,-0.12824925618797983,-346.5211922432892,-545.9861576232562,427.54083422247135,-0.3476883220298643,-0.02073247032263741,-0.03428503625087101,-494.92414057405085,-531.5667956917241,120.32260235784722
129,0,-0.14225522093689183,0.04430135150195392,0.05845610561632871,-510.079612336437,-529.9101725791705,455.1975451072326,-0.3520367592781184,-0.029868397315592,0.49629949787210026,-469.64530070341016,-710.5423280641854,784.9811944564418,-0.23461350795645106,-1.1450293993961043,-0.5153975931660427,-733.8429379739724,-711.2054986184701,279.7931160400401,0.4677381986975415,2.2266927652149118,4.1135413029021795,-819.7092023900707,-540.3672862092109,160.26519524051827,-0.17579391843137623,0.003039355671462256,-0.03317989545744061,-633.0962979183776,-556.914440770132,453.6203599008263,-0.5180125871210375,1.2952919050468479,0.24134413972144614,-247.5265651286202,-677.9244170761502,280.59272745193454,0.7588553661141463,1.4555164984465605,0.9806322906946267,-288.3603841396871,-456.6640410766146,217.25463917883832,-0.40164684082251856,0.24900621816555898,-0.12838815823380736,-345.56838763433535,-541.8293422683997,428.0101408749023,-0.3494508153962648,-0.020296675336351336,-0.034516847906644034,-493.90473199141206,-528.0176023264553,120.66621196297561
130,0,-0.1429170450541952,0.04455028502690379,0.05856561989030161,-509.23983444255373,-525.9045129657784,455.5440389832451,-0.35285504111267263,-0.02856610419478644,0.5028205131333872,-468.02670285575067,-706.0012558919425,785.5330236846778,-0.22503303077781117,-1.1316452922118931,-0.5117035238036005,-734.8814924351354,-706.0241629674002,281.00134590596815,0.4618369459922992,2.2000194117709166,4.148523422834183,-823.7219278521626,-534.9325669839593,164.61360424725044,-0.17764940399332022,0.002811423092447435,-0.034098725906373556,-632.2043087185058,-552.9269033335489,453.98935552178756,-0.5196045669868874,1.2934788735871134,0.2380885187336691,-246.39820346307238,-674.2244109146546,281.5219429031188,0.7529163561447274,1.4543972129433356,0.9789196203434573,-287.4682570958455,-453.12463656349814,217.18534794354193,-0.40523682156970553,0.248491939037336,-0.12876563690391965,-344.68396947519284,-537.7576146484353,428.5113042936913,-0.3515006366592248,-0.019921108048023925,-0.03486475246971282,-492.91878691360375,-524.6071710273573,121.0183013080859
131,0,-0.14393625267958407,0.04468367439347489,0.05847441278885141,-508.4649619913201,-521.9399781070132,455.89319504141383,-0.35384550959980665,-0.02717349237000446,0.5094407624424097,-466.50487234940715,-701.4408206526977,786.1070211672388,-0.21561482297442677,-1.1177122911088158,-0.5085784187660884,-736.1794874275917,-700.7084702734261,282.3007886714501,0.45968192055933843,2.1701746477496595,4.183554562238193,-827.8328635101213,-529.2981377080491,169.07013721281987,-0.17973894260332915,0.002517270495441895,-0.03530801518068154,-631.384628888121,-548.949621582919,454.35357570345116,-0.5210876103535149,1.2915243379706198,0.2343856255866487,-245.3288159475652,-670.6697529981462,282.52577468657614,0.7471876790025754,1.4530934067247412,0.9771276322597999,-286.56282147918716,-449.7265630788082,217.18757640634882,-0.40912138447934004,0.24791851453980718,-0.12939369457888705,-343.8673229728077,-533.7736637418828,429.03638697480676,-0.3537975181998126,-0.019603074340485416,-0.03533235215277028,-491.96782959614706,-521.3259497264809,121.37318855018923
132,0,-0.14528216820731696,0.04470560063248437,0.058175403009640976,-507.75282794489107,-518.0177337781861,456.2391057860973,-0.355001935655825,-0.025716041037490457,0.5161520409479158,-465.0848805879654,-696.8644962926644,786.694138698847,-0.206366955506676,-1.1033176132261306,-0.506027008026699,-737.7283251600428,-695.2619415743757,283.68232967081514,0.46109122657718266,2.1376889542766317,4.218333044038393,-832.0275061945156,-523.4661476542686,173.60391474874686,-0.18202890249998835,0.00215925753265793,-0.03681986820435472,-630.6355997504642,-544.9815179960217,454.7066437612328,-0.5224576394521415,1.2894399314815452,0.23030842444991445,-244.3232302850502,-667.2523672923617,283.5894075647543,0.7417359127717814,1.4516160811505106,0.9752943643049518,-285.64664987721005,-446.46091780476,217.26037226342427,-0.4132365318819792,0.24729561214266943,-0.13028605019239117,-343.1167682767643,-529.8802691002325,429.5772211997932,-0.3562991567562205,-0.019339660132637698,-0.0359281304386628,-491.05224254690296,-518.1635317882913,121.72512260539213
133,0,-0.14692168954704776,0.044620144024262155,0.05766117199705761,-507.1004198545565,-514.138899221178,456.5759351952823,-0.3563154337879364,-0.02421995376317333,0.5229417436758651,-463.7709314397305,-692.276226975904,787.2852127834881,-0.1973060592180393,-1.088551315884203,-0.5040537934044158,-739.5162078789043,-689.6881239891756,285.135761740262,0.4658261221633203,2.1031886926674193,4.2525355224278325,-836.2913783683618,-517.4413847595463,178.18085442944385,-0.18448355282979295,0.0017398461878508583,-0.038646106471064784,-629.9546736791154,-541.0214728868604,455.0421873611277,-0.5237125489892139,1.2872411868129134,0.22593200849763648,-243.38628752469583,-663.9641655228291,284.69747233445605,0.7366211798599565,1.4499789017942613,0.9734496369136001,-284.7227501221888,-443.3188968939903,217.40079462148375,-0.41751870642432154,0.24663398428887942,-0.13145723956842117,-342.42982721699315,-526.0802565001964,430.1256590717097,-0.35896206071386755,-0.019128184836837286,-0.03666485140780686,-490.1714245541738,-515.1089169755613,122.06845675382674
134,0,-0.14881994104929994,0.04443113420109601,0.056924145077144564,-506.5041815282156,-510.3045748930894,456.89807621626517,-0.3577749695354724,-0.02271099355052064,0.5297929227733277,-462.56638921513064,-687.6804035340302,787.8711928282024,-0.18845760908914766,-1.0735051196483598,-0.5026636420585326,-741.5284144825598,-683.9905201516024,286.64994775589497,0.4736039341808545,2.0673786966692016,4.285824518922563,-840.6101082981356,-511.2311478514556,182.76420895397862,-0.18706575462780212,0.0012614032312294873,-0.04079744887379041,-629.3386999770261,-537.0684532547971,455.3539879135298,-0.5248514035432389,1.2849470928910387,0.22133076892056297,-242.52284226235997,-660.7974081916468,285.8344570063799,0.7318963214685932,1.448197635344955,0.971614781827285,-283.79452235011837,-440.292127403668,217.6041749519104,-0.4219059163275304,0.24594500808156133,-0.1329216754567059,-341.8035060258977,-522.3764366247437,430.673808743269,-0.3617423926547736,-0.018966627975213316,-0.03755879255486238,-489.3239752210867,-512.1507737174684,122.39780791551767
135,0,-0.15094092728311845,0.044141928478366184,0.055956815997694295,-505.96031655280785,-506.5158658037151,457.200290349213,-0.3593679297305368,-0.021213372531888073,0.5366845244050851,-461.47382511745127,-683.0818302019827,788.4433543700704,-0.1798555553964377,-1.058271274125447,-0.501862053299376,-743.7476352454631,-678.1725628864715,288.2129852634466,0.48411246244545925,2.0310219124373066,4.31785654256805,-844.9695062142819,-504.8450764826299,187.31517675583703,-0.18973767717707885,0.0007260117198480167,-0.04328271371146177,-628.7842125387483,-533.1216359864885,455.6361149487766,-0.5258736830177712,1.2825794999334006,0.21657565703764406,-241.73774507531255,-657.745021615648,286.9851098297272,0.7276060969762971,1.4462895354364447,0.9698026873434374,-282.8657050265389,-437.37296088147417,217.8643965870594,-0.4263386164476936,0.24524017897388023,-0.134692710029883,-341.2345789604601,-518.7715301480131,431.214249586708,-0.36459680281489987,-0.018854007212949993,-0.03862885559432379,-488.5078947100762,-509.27769733673546,122.70819713313999
136,0,-0.15324818207502586,0.04375522613424335,0.054752001151608214,-505.46507825374636,-502.77389792522354,457.47782626775927,-0.36108071928521673,-0.01974874852475306,0.5435917870895404,-460.4950793117422,-678.4856806284489,788.9934913598697,-0.1715413272766004,-1.0429414851562557,-0.501655083478705,-746.1543527586979,-672.2376360857074,289.8123711154002,0.4970251680250696,1.9949169478485649,4.348290391279975,-849.355633987581,-498.2949500614332,191.79356829191198,-0.19246153164969892,0.00013529861119104388,-0.046108085902482755,-628.2877048850789,-529.1805175593497,455.88304306578004,-0.5267786215050428,1.2801623944048057,0.21173166019581854,-241.0358069392905,-654.800857367924,288.13482268729587,0.7237864530756204,1.4442727170531782,0.9680181213855825,-281.94031276888563,-434.554717264383,218.17418316269698,-0.43076036682805924,0.2445305824146361,-0.13678174058624945,-340.71985835043876,-515.2680832326589,431.74022029710727,-0.36748324817917566,-0.018790688170660718,-0.039895600700153216,-487.72078765809835,-506.47845916470766,122.99516803815447
137,0,-0.1557054069223912,0.04327292545372976,0.05330310842952342,-505.0150320700144,-499.0798256603292,457.7265155902891,-0.3628993442686682,-0.018335372032073888,0.5504867716469541,-459.63133544494167,-673.8974423706686,789.5140827086049,-0.16356227039532406,-1.0276059242875144,-0.5020489370179771,-748.7272561971535,-666.1891402311038,291.43516463958304,0.5120164236977577,1.9598744489128532,4.376795251747658,-853.7548653665422,-491.5944679578467,196.15850980177194,-0.1952003125949953,-0.0005097148716492019,-0.04927648899023903,-627.8458795013325,-525.2450034607401,456.08975016530667,-0.5275646766517867,1.2777210732165678,0.20685559969353468,-240.42174644293104,-651.9598840506999,289.2699843175666,0.7204639109153744,1.44216555970034,0.9662582882544789,-281.02256888191,-431.8318705120792,218.52538724600214,-0.43511830411133695,0.2438263698471229,-0.13919739620010566,-340.25643802709607,-511.86837774357974,432.24577535093437,-0.3703617892347533,-0.018778609552689354,-0.041380248587399554,-486.9600611507165,-503.7422417056164,123.25488127382958
138,0,-0.15827709195423956,0.04269602911939779,0.05160440567943189,-504.6072784658387,-495.4348290486849,457.9428449663084,-0.36480994181039406,-0.016987417118901282,0.5573389842540667,-458.883204233291,-669.3228494648899,789.9984296768531,-0.15596961311238772,-1.0123523414110414,-0.5030492540162654,-751.4436755860736,-660.0305986262683,293.06814827268107,0.5287761375717926,1.926693196276369,4.403058267086993,-858.1539338877473,-484.7590214279251,200.36916566220142,-0.19791853600642187,-0.0012087342298522093,-0.052787094229480934,-627.4558604096969,-521.3154721397183,456.2517966311572,-0.5282291563246468,1.2752812521588186,0.20199434032513522,-239.90012157244215,-649.2183052469863,290.37829402765504,0.7176551171893072,1.4399861736397115,0.9645135733257848,-280.11683540349645,-429.20017038888756,218.9092714795749,-0.4393634670078279,0.24313626657405224,-0.14194483880478048,-339.8418991766305,-508.57434047611986,432.72590675529125,-0.37319535251088576,-0.018821411160318317,-0.043103692250815805,-486.22310808727156,-501.05885524265125,123.48418394322073
139,0,-0.1609291112573341,0.04202460186776511,0.04965127517218241,-504.2396272096626,-491.8401001972547,458.12400455059225,-0.366799223946641,-0.01571451884984198,0.5641160514127183,-458.2508126177969,-664.7678032473577,790.4407621436078,-0.1488160829413274,-0.9972652981035701,-0.504660145197429,-754.2800228423894,-653.7657982308826,294.69798480918894,0.5470231324586486,1.896136740442222,4.42679130348208,-862.5399661221597,-477.80546673163377,204.38546050303546,-0.2005829605525417,-0.001962279161786332,-0.05663498949461877,-627.115360410234,-517.3928102578587,456.36538588132777,-0.5287680176813053,1.2728681467882466,0.19718347786296778,-239.47524864259643,-646.5736014875716,291.4490279950957,0.7153665971759378,1.4377519529619283,0.962768431206554,-279.22754318663783,-426.6566978592512,219.3167758426943,-0.4434510159564664,0.242467138446384,-0.14502520649996403,-339.4744702192683,-505.3874554316668,433.1766294808401,-0.37595044295877095,-0.01892445696124694,-0.04508555625942681,-485.50746905665886,-498.4189315581144,123.68065410615903
140,0,-0.16362928292945758,0.04125778229964796,0.047440443098066234,-503.9107169207917,-488.29681925884466,458.2679136965123,-0.3688548139821249,-0.014521529510755053,0.5707844095093315,-457.7338949704834,-660.2382823524418,790.8363132259894,-0.1421533156536578,-0.9824255325672816,-0.5068830419959874,-757.2122269777062,-647.3989571176373,296.31137048089306,0.5665167611058033,1.8689113041358574,4.447736701431819,-866.9004988249101,-470.75190691527905,208.16878288689927,-0.2031632763297889,-0.002771733782958699,-0.06081101993970492,-626.8227972532197,-513.4784180870462,456.4274072699995,-0.5291758414603964,1.2705055650113701,0.19244654496777977,-239.15111156551757,-644.0244978845079,292.47325187468476,0.71359473593916,1.4354792271344,0.9610023757066066,-278.3591241853253,-424.19985450991885,219.7387660085325,-0.4473403817705314,0.24182364148560823,-0.14843521980071853,-339.15313514064576,-502.3086827270546,433.5950302825381,-0.37859778702172187,-0.01909475029744871,-0.04734333649587152,-484.81096779785685,-495.81409081483827,123.84262115318913
141,0,-0.16634788310042684,0.04039384852426843,0.044970176462621886,-503.62007699687206,-484.80612108387345,458.3732253150416,-0.3709654675568426,-0.013408496237801094,0.5773099795694403,-457.33188288496416,-655.7402436239853,791.1813630566486,-0.1360292121438075,-0.9679094582374586,-0.5097154423946112,-760.2161519140528,-640.9349090721123,297.8951830492935,0.587066351201287,1.8456455918861339,4.465671840613179,-871.2234796936264,-463.6174875412453,211.68265349935402,-0.20563274351300315,-0.0036393570017186315,-0.0653018013066701,-626.5773559678004,-509.5741859161904,456.43546267947437,-0.5294459724481084,1.2682150500994893,0.18779475005154278,-238.93126505669588,-641.57086255922,293.4439751952325,0.7123260006668579,1.4331830115412154,0.959191033284019,-277.5159477306971,-421.82928912524227,220.16625917059517,-0.4509953719508599,0.241207973352557,-0.152166963489482,-338.8776876248372,-499.33838722019505,433.9792807632851,-0.38111288556741385,-0.019340743336882335,-0.049891647334909146,-484.1318172755847,-493.2370781529792,123.96916354215571
142,0,-0.16905810276459418,0.03943033510244713,0.04224044314911886,-503.36813218472304,-481.3690543806942,458.4393108233203,-0.37312118356743024,-0.012370854043506139,0.5836588066915283,-457.04399018248955,-651.2795164287352,791.4732536983917,-0.13048540242643886,-0.9537887886327439,-0.5131496412676113,-763.2679868005271,-634.3792947952625,299.4366240174696,0.6085381962495388,1.8268730608567545,4.4804123891016525,-875.4972526954338,-456.42220928959085,214.89334239420018,-0.20796876187030666,-0.004568251632209169,-0.07008989653992684,-626.3789974905128,-505.68244412020533,456.3878783094694,-0.5295708067932394,1.266015111387516,0.18322723954606274,-238.81873557699421,-639.2135440112021,294.3562449025175,0.7115374044886797,1.4308768487901755,0.9573072248427337,-276.7022622186281,-419.54576693719065,220.59062502012418,-0.4543842588868782,0.24061973870364897,-0.15620784846104396,-338.64873122090427,-496.4762794661224,434.3286165450988,-0.3834764557964061,-0.019672047866900987,-0.05274159663206793,-483.4686952181224,-490.68186721637215,124.06008590894935
143,0,-0.17173643672043917,0.03836419662279281,0.039253033758125,-503.15615296292646,-477.9865358015865,458.4662279433656,-0.37531322070905837,-0.011399820393666748,0.5897976517353958,-456.8692899244715,-646.8616934928963,791.7103781188282,-0.12555497091646475,-0.9401302726009657,-0.517171537398352,-766.3446004361901,-627.7387485933696,300.92335399688045,0.6308599311269597,1.8130171152307288,4.491814158704917,-879.7105301143037,-449.18675798172296,217.77042181569044,-0.2101533515336914,-0.005562292096083194,-0.0751541379292916,-626.2284164570794,-501.80589100941586,456.283703182489,-0.5295421991224775,1.2639205771965731,0.17873185294172692,-238.81592382636723,-636.9541580118962,295.20717729757695,0.7111972012275182,1.42857272653572,0.9553220441358298,-275.9221432878642,-417.35098911352685,221.0037606890761,-0.45747987143839103,0.24005593285156818,-0.16054075035218465,-338.4676284929564,-493.72137119190427,434.6432852904208,-0.3856747425874469,-0.020099059358214374,-0.05590030178696925,-482.8207895367792,-488.14372863692296,124.11587796476415
144,0,-0.17436299503266212,0.03719201124522144,0.03601164574538455,-502.98615742268584,-474.6593017983437,458.45467380349646,-0.37753404299872345,-0.010482970334808633,0.5956945293658448,-456.8067804900098,-642.4920218692674,791.8921468021364,-0.12126058161883488,-0.9269955182405359,-0.5217596079803923,-769.4238533093437,-621.0210693753488,302.34362023291123,0.6540222480889308,1.8043795842539698,4.499773550312298,-883.8523543810375,-441.93235042221215,220.28724333731446,-0.21217352589955663,-0.0066260119294381005,-0.08047007103276377,-626.1269534067056,-497.94750365985976,456.1226957910963,-0.5293519578766821,1.2619420998119635,0.1742863221392682,-238.92451249884115,-634.7948363675748,295.99592943824877,0.7112657916557759,1.4262810541838136,0.9532059051424683,-275.17944923412074,-415.24737172321676,221.39823938120088,-0.46025970875331984,0.2395110405602515,-0.1651443153516366,-338.3364045212249,-491.07194705151517,434.9244670628927,-0.38769968236177543,-0.020632510739552863,-0.05937055304027981,-482.1878153112575,-485.61926245224817,124.13765786289188
145,0,-0.17692172890575292,0.03591021572209639,0.03252193136723732,-502.86077235623924,-471.3878613467518,458.40592585414106,-0.3797772219262487,-0.009604964815455625,0.6013191909158011,-456.85543819904746,-638.1752979654751,792.0189359097648,-0.11761311631114883,-0.9144408810912499,-0.5268841349716384,-772.4848627692433,-614.2353652355962,303.68637531091355,0.6780780176434698,1.8011327357466647,4.5042266376642806,-887.9120532966576,-434.68059275012325,222.4213303910749,-0.2140215392056095,-0.007764453649401067,-0.08601049310368701,-626.0764685836357,-494.1104376106717,455.9053001676057,-0.528992395935389,1.2600858353063318,0.16985985212537472,-239.1453828505224,-632.7379509371436,296.7236127540808,0.7116968147109146,1.424010680072315,0.9509295358724997,-274.4777840708864,-413.23779470441315,221.7674330910789,-0.4627060904771994,0.23897723993777628,-0.1699934180961587,-338.2576120964436,-488.5255539606295,435.1741711310754,-0.38954890660043034,-0.02128297628946611,-0.06315062368907962,-481.5700059591684,-483.10639446788696,124.12710285397672
146,0,-0.17940056452911998,0.034515361795572165,0.028791511351876114,-502.78306271844406,-468.17245271756536,458.32177306902054,-0.38203732373450955,-0.008748399545312993,0.6066435526930178,-457.0142545601997,-633.915770712182,792.0920209248186,-0.11461090529139532,-0.9025173923033978,-0.5325067556474091,-775.508218872076,-607.3921618854912,304.94138611965076,0.7031389787848067,1.803314969107914,4.505146994383893,-891.879192591967,-427.45334682115544,224.15467969929608,-0.2156949941442637,-0.008982984718270755,-0.09174605720264062,-626.0791859225997,-490.2979216221739,455.63261249272847,-0.528456904735995,1.2583533121829464,0.16541500887305527,-239.47854345683402,-630.7858266482727,297.3931531561567,0.712438391561608,1.421768932533224,0.9484649017421183,-273.82046832255617,-411.3253322164742,222.105610271245,-0.4648063490843284,0.23844469590890102,-0.17505975088644551,-338.2341673708231,-486.07900882871473,435.3951137870596,-0.391225577840879,-0.0220603491810179,-0.06723422158104603,-480.9680818255933,-480.6043376448802,124.0863700628552
147,0,-0.18179144048157064,0.03300438253491847,0.02482995641606858,-502.75633948594793,-465.0130073760952,458.20443980451876,-0.3843098078807418,-0.007894737694551271,0.6116420710016749,-457.28225697012147,-629.7170569242694,792.1134994685763,-0.11223959237620959,-0.8912707045083967,-0.53858039185956,-778.4761504105207,-600.503466682316,306.0993322217534,0.7293702527927004,1.8108302263891265,4.502542413316606,-895.7435300894987,-420.27259945882594,225.4739677222466,-0.21719679870810515,-0.010287084400829245,-0.09764591323962396,-626.1375166394929,-486.5131536550456,455.3063391971865,-0.527740522772351,1.2567414932191265,0.1609098329673749,-239.9230743032112,-628.9404570035316,298.0091033006401,0.7134344863589568,1.419561672289153,0.9457860473329098,-273.2105173356997,-409.51297614601344,222.40800955456604,-0.46655305732925134,0.23790192407553123,-0.1803125167161864,-338.2691655467112,-483.72842503902535,435.5905820477803,-0.39273805817559837,-0.022973318231742153,-0.07161057226621084,-480.3831997749581,-478.1135206391283,124.01801014532585
148,0,-0.18409024691924356,0.03137485627942418,0.020648738884218115,-502.78395621394867,-461.909123832334,458.05650457002787,-0.386590957366312,-0.007025287021031757,0.6162920647653743,-457.6585125062633,-625.5820726993403,792.0862065301918,-0.11047263755468024,-0.8807410362997927,-0.545049589520266,-781.3726424722469,-593.5827819223858,307.15189286031705,0.7569830093963884,1.8234510579666237,4.4964507000061475,-899.4949760941493,-413.1603291631207,226.3706610034503,-0.2185349663381126,-0.011682107393317048,-0.10367835868817846,-626.2538721410112,-482.75920389961277,454.9287473727441,-0.5268404728823148,1.2552430253204854,0.15630009384902865,-240.47708898247896,-627.203234795699,298.5774138594905,0.7146263448687102,1.4173933488904733,0.942869850460814,-272.65062662681123,-407.8033644385404,222.67089066798758,-0.4679442676535429,0.23733620390959548,-0.1857191915572451,-338.3656864178738,-481.46925757414755,435.7642882148393,-0.39409941834000783,-0.02402887015443089,-0.0762646214236242,-479.81688750668775,-475.6354865898507,123.9248764571439
149,0,-0.18629666798274658,0.029625255648441564,0.01626115671814814,-502.86910434749336,-458.8600538520952,457.88081584347003,-0.38887785394175234,-0.006122180642830976,0.6205739850847398,-458.14211523228477,-621.5129842771132,792.0136247840686,-0.10927242501189982,-0.8709631002770432,-0.5518512735402671,-784.1835085135924,-586.6450633131521,308.09182192193,0.786225668234277,1.8408251838311809,4.486934745608189,-903.123564903263,-406.1383650423826,226.84103211282957,-0.21972225943795018,-0.013173031297863753,-0.10981147437264609,-626.4304757966448,-479.03893009180973,454.50260822925185,-0.5257566468097817,1.2538466631965448,0.15154159919814195,-241.13771720914107,-625.5747095417823,299.1051716219666,0.7159539706805114,1.415267058779072,0.9396966864984189,-272.1431635602905,-406.19852533941116,222.89156349817853,-0.4689837235875535,0.23673401992926718,-0.19124631655613653,-338.5265993147487,-479.29636618881824,435.9202202035691,-0.39532680348379917,-0.025231843018198318,-0.08117734244189743,-479.27096631762953,-473.1727661062899,123.81003221780827
150,0,-0.18841393222599725,0.027755169809798124,0.011682232287710438,-503.0146166923195,-455.8647028941071,457.6804069625872,-0.39116840204639786,-0.00516932066458438,0.62447162857758,-458.73215810331334,-617.5111811367088,791.8997920644501,-0.10859191251367284,-0.8619660043925247,-0.5589158964499876,-786.8964213289477,-579.7066219973067,308.9130102946227,0.8173740486441584,1.862485302842157,4.474077102037739,-906.6194423391817,-399.22823334190366,226.88608552055405,-0.22077568319540014,-0.014764196266644583,-0.11601372406183914,-626.669182590847,-475.35490952866127,454.0311343438561,-0.5244920199954684,1.2525378447115414,0.14659247583810522,-241.9011091310683,-624.0543815685828,299.600312970428,0.717357598034018,1.4131846057716069,0.9362510031994036,-271.69016448778154,-404.6996475800466,223.06839594812365,-0.46968099033116284,0.2360815105477512,-0.19686028066829084,-338.7543763751363,-477.20409546472166,436.06249234354317,-0.39644067879861344,-0.026584554661480866,-0.08632613414740073,-478.7474659619799,-470.72872909672463,123.67665799476552
151,0,-0.1904484788479778,0.025765489923589402,0.006928588425464573,-503.2227875121744,-452.9216459783332,457.45841204139026,-0.39346139594833984,-0.004153245231064383,0.6279722891383835,-459.42769110231285,-613.5772732771002,791.7492074904379,-0.10837673077248368,-0.8537731217096459,-0.566168933734041,-789.5009084015546,-572.7849710474837,309.6105352193554,0.8507208858951584,1.8878618180410824,4.457974297633668,-909.9728738996691,-392.4509879682762,226.51139990169642,-0.22171584374620393,-0.01645904625187961,-0.12225450012297868,-626.9713148765555,-471.7093911735993,453.5179115656749,-0.523052984144109,1.2512993892425122,0.14141534191757316,-242.76246210506523,-622.6405408072146,300.0713217419552,0.7187791205186221,1.4111465660553466,0.9325218065903269,-271.29333638570847,-403.3068851255824,223.2008008772896,-0.4700514471157391,0.23536490642052407,-0.20252805883164526,-339.05092217795124,-475.1863699961376,436.19520102637915,-0.3974639837481372,-0.0280865263686163,-0.09168529324601354,-478.248535163713,-468.307420597858,123.52796168519981
152,0,-0.19240954982208464,0.02365855022399801,0.002018304887528407,-503.4952165792849,-450.0291594396995,457.2179848059937,-0.39575661643040494,-0.003063882325298133,0.6310668420956576,-460.2276676758043,-609.7111136851047,791.5667372390892,-0.10856761886721972,-0.8464019293172309,-0.573532657461288,-791.9883178963291,-565.8986198683515,310.1806964409635,0.8865651143520551,1.9162980674916692,4.438731146428829,-913.1742775193325,-385.827022832068,225.72689492162996,-0.22256619125742141,-0.018259881945737334,-0.12850460097747018,-627.3375214079813,-468.10427006730265,452.96682666235495,-0.5214495894378128,1.2501122854903097,0.13597929508213505,-243.71606978246513,-621.3301562781608,300.52692071759765,0.7201634363801517,1.4091523597759463,0.9285030572485216,-270.9540619897303,-402.0192034367159,223.28920221557087,-0.4701160892674852,0.23457094305201798,-0.20821787799346542,-339.41742668363696,-473.23680240915024,436.3222891590206,-0.3984212274765685,-0.02973431722854928,-0.0972265453974869,-477.77635124542263,-465.9133860913637,123.36709305072395
153,0,-0.19430871980180395,0.02143822022482887,-0.0030292408401248173,-503.8326831812157,-447.1852682073372,456.96222221380896,-0.39805493787264074,-0.0018951577632756636,0.6337497559943647,-461.1308818772783,-605.9118460097338,791.3575205961225,-0.10910306506171877,-0.8398638226221079,-0.5809281033874902,-794.3517619595821,-559.0668223382883,310.6210392138966,0.9252012829725478,1.947067583168287,4.416455314902794,-916.214284101234,-379.3758656132499,224.54653161340883,-0.22335217397342622,-0.02016763538387693,-0.13473662955122212,-627.7676655256831,-464.5410849978554,452.3819921007499,-0.5196956918995117,1.2489565320183371,0.1302616482685792,-244.75539256145956,-620.1188200944375,300.97576598949695,0.7214596742370667,1.4072003306642988,0.9241939744072233,-270.67340743572385,-400.8342723998573,223.33498041850578,-0.46990110189714607,0.2336872358769846,-0.21389979100024664,-339.854247120845,-471.34881140815486,436.4474229081124,-0.39933756007332155,-0.031521478441389875,-0.10291961759744488,-477.33303224783117,-463.5514919438241,123.19706477164958
154,0,-0.19615937721950402,0.019109946629139566,-0.008193543781288599,-504.23505456839143,-444.3878074111358,456.6940947032003,-0.40035842433771446,-0.0006454303740036532,0.6360190299428881,-462.13589886697935,-602.1779764708313,791.12687671594,-0.10992201247155561,-0.8341639161170529,-0.5882771360614183,-796.5860439954618,-552.3092867236945,310.93036449898955,0.9669094207759638,1.9793928511940067,4.391252411288333,-919.0838279585342,-373.1159546011277,222.98795637297704,-0.22410033339860944,-0.022181675334437687,-0.1409253053386576,-628.2607468104836,-461.02103911069696,451.76766969978456,-0.5178090040177673,1.247811992461667,0.12424935353911756,-245.87314771661153,-619.0007476468995,301.42615324024644,0.7226222675710797,1.4052878345542168,0.9195992437071818,-270.4521314815933,-399.74840920489976,223.34039779311775,-0.4694371875715205,0.23270260989772484,-0.2195461454736318,-340.3608229649239,-469.515746561173,436.573883728281,-0.4002378548350297,-0.033438629847612145,-0.10873283312902164,-476.92055479129397,-461.22674657449994,123.02068191434938
155,0,-0.19797617136352633,0.016680746295302237,-0.013453147991491823,-504.70123163384494,-441.63449630549417,456.41638489312203,-0.4026703940935232,0.0006822657192478598,0.6378760580557019,-463.2409815562032,-598.5074680655962,790.8802125196021,-0.11096648632149249,-0.8293008456561003,-0.5955045118632206,-798.6875761883755,-545.6458573493995,311.1087269794191,1.0119456109766483,2.0124650175714347,4.363221851510319,-921.7742681147053,-367.0644024287071,221.07209964863094,-0.22483737345385046,-0.024299651352134154,-0.14704768597748397,-628.8148587944155,-457.54504192891625,451.1281952248541,-0.515811048169039,1.2466592280131363,0.11794006426363211,-247.06141682806458,-617.9688334338111,301.885744500867,0.7236118519532608,1.40341133793827,0.9147291234096503,-270.2906955002475,-398.75657253303774,223.30850474980576,-0.46875865502823927,0.23160738024519809,-0.2251319409714716,-340.935626534325,-467.7310161232938,436.70447816745866,-0.401145835496613,-0.03547365371968126,-0.11463370962526365,-476.54068072632424,-458.94412772517586,122.84048161472786
156,0,-0.19977444124293872,0.014159153771443576,-0.018785825079761214,-505.22913283778473,-438.923021773278,456.13163648492923,-0.404995435311767,0.002080183555846415,0.6393254265220641,-464.4440162299721,-594.8978542353871,790.6229323400689,-0.11218400377026949,-0.8252665900612823,-0.602539841293074,-800.6542927559082,-539.0961796507412,311.1574217759349,1.0605334622437734,2.045463973699004,4.332453735659032,-924.2775400439756,-361.23675265828507,218.8227415919535,-0.22558923754406068,-0.026517383088402416,-0.15308329712972557,-629.4271835455412,-454.11377017219706,450.4679062536353,-0.5137270127461591,1.2454802724479406,0.11134279649782639,-248.31176751894375,-617.0147597322086,302.3613232104797,0.7243959650766474,1.401566529708496,0.9095994433249471,-270.1892735837501,-397.852407496278,223.24302859327932,-0.4679023030330224,0.23039358461186765,-0.23063507265611877,-341.57615007466603,-465.98821391744457,436.841467428562,-0.40208327954667894,-0.037611994081255144,-0.12058954130473333,-476.19489529700434,-456.70842075624677,122.65868464531523
157,0,-0.20156964247033357,0.011555128376920163,-0.024168751376904624,-505.81571564622453,-436.25112809000746,455.84211498379926,-0.4073393607833126,0.0035360330453293753,0.6403746527356652,-465.74243994379066,-591.3463683567478,790.3603502406783,-0.1135296382626157,-0.8220463315774852,-0.6093193586609706,-802.4855633028149,-532.6793614872626,311.0789608679118,1.112856587410022,2.077578264036305,4.299026944219742,-926.5863358853943,-355.6467371409531,216.26605802817537,-0.2263802269521495,-0.028828800093747883,-0.15901417199134,-630.0940222491839,-450.7277438584546,449.7910757820977,-0.5115855105580206,1.244259319308303,0.10447816223788424,-249.6153859730335,-616.1291530994316,302.8585844033116,0.7249495358659621,1.399748452979399,0.9042314905371989,-270.14776226333856,-397.0283388999474,223.1482469987758,-0.4669061606341686,0.22905517290198085,-0.23603646302630135,-342.2789285950845,-464.28124117486624,436.9865181282401,-0.40306932425776637,-0.0398370441454781,-0.1265679482769217,-475.884359079928,-454.5240722187923,122.47716033473351
158,0,-0.20337678797329273,0.008879926720030833,-0.029578681399583525,-506.45703314843445,-433.61670923836925,455.5497816258627,-0.4097090956943512,0.005033350539539242,0.641033879150427,-467.1331723765113,-587.8500847634484,790.0976063141637,-0.11496762824291695,-0.8196183757585335,-0.6157874184674608,-804.1821092948908,-526.4136443587315,310.8770401580802,1.1690521236660523,2.108024282996767,4.263008634128561,-928.6943094375466,-350.3060437121224,213.43016081221978,-0.22723219187172017,-0.031225935617371085,-0.16482480431016133,-630.8108593676495,-447.38741348233685,449.1018540145321,-0.5094182383317236,1.242983296491767,0.09737816138118442,-250.96321625282607,-615.3017817608676,303.3819656554206,0.7252551549505062,1.397951668280298,0.8986517769226657,-270.16578952756277,-396.2757086532257,223.02884883994602,-0.46580816845796946,0.2275881627675512,-0.24132008510269393,-343.0395962432341,-462.6044193020677,437.14067512206435,-0.40411989622293293,-0.04213060025662035,-0.13253737875063545,-475.60987535359897,-452.39506208753073,122.29740602584346
159,0,-0.20520991699615437,0.006145947095028308,-0.03499211605431888,-507.1483221156286,-431.0178998949788,455.25628154014083,-0.41211249908041053,0.0065520511411541115,0.6413155366028163,-468.61255464013703,-584.4060665243699,789.8395886350622,-0.1164724446387508,-0.8179541524349273,-0.621897651970141,-805.7459251950461,-520.3160983247041,310.55649786743464,1.2292052656042671,2.136064268276654,4.224455275549606,-930.5963003678835,-345.22410491762565,210.34464678286992,-0.22816382288237808,-0.03369897568239543,-0.17050202161007194,-631.5724566142754,-444.0932536125883,448.40422056283916,-0.5072595354055468,1.2416423099611658,0.09008553582375119,-252.34610210382345,-614.5217854380567,303.9345230826749,0.7253031245762696,1.3961704625767468,0.8928916865470737,-270.2427230267234,-395.5849516118887,222.8897855592464,-0.46464489913299306,0.22599077081419114,-0.24647288160912575,-343.85297270553315,-460.95258981535517,437.3043566522358,-0.4052472784032626,-0.04447335807129841,-0.13846755350274884,-475.37187380269825,-450.324797060674,122.12054186619152
160,0,-0.20708160484066152,0.0033665524503476477,-0.04038546459937255,-507.88411759894285,-428.4531612658654,454.9629466779044,-0.41455812575209466,0.008069137739212563,0.641233992551312,-470.1762973072259,-581.0115149190756,789.5908628081297,-0.11802926144224761,-0.8170183204158097,-0.6276137340374613,-807.1802043130128,-514.4023539216474,310.12326460663695,1.2933447388517887,2.161022653481276,4.183415315143189,-932.288570127802,-340.40791893676254,207.04016904742394,-0.22919006597693695,-0.03623636227923536,-0.17603478805946499,-632.3729718483937,-440.84585804752993,447.70194885701926,-0.5051458396886386,1.240229945331239,0.08265270747890335,-253.75492676718227,-613.7779281320072,304.5178552142066,0.7250912917386325,1.394399118730082,0.8869870064864627,-270.37767759753376,-394.94580286320434,222.73611678174518,-0.4634504130434819,0.22426352741142616,-0.251484586420907,-344.7131750238427,-459.32119817944255,437.47737141557036,-0.4064598214159373,-0.04684542563725949,-0.14432984537282179,-475.17041060036223,-448.316026334463,121.94732120015411
161,0,-0.20900252365787034,0.0005558784425634428,-0.04573519986515283,-508.65838826317497,-425.921358200628,454.6708134199977,-0.41705494053284364,0.009559533244290644,0.6408051991158404,-471.8194396261561,-577.6639154784745,789.3556111607304,-0.1196338066287761,-0.816768998396498,-0.6329097292070174,-808.4892680140123,-508.6863831841064,309.58430514197426,1.3614391164953596,2.1823004146814697,4.139933479342333,-933.7690401700937,-335.8619136043658,203.54804322974428,-0.23032167854250515,-0.03882494715960851,-0.1814139487617215,-633.206097102925,-437.6460317136751,446.998583953623,-0.5031150406627065,1.2387434235709065,0.07514034141987604,-255.1807463742816,-613.0588638025043,305.13207599405865,0.7246246740211751,1.3926322559464923,0.8809773509797004,-270.56952250711,-394.34752847610935,222.57285431953952,-0.4622553283720345,0.2224093785137674,-0.2563474577515496,-345.6137493461749,-457.7063589667222,437.6589564575766,-0.4077617986369825,-0.049226828561909734,-0.15009758948731314,-475.0051840089367,-446.3707803224271,121.77815617437095
162,0,-0.2109810626963484,-0.0022713675730295325,-0.05101800670174549,-509.4646860334857,-423.4218244315625,454.38065406191515,-0.4196120000545071,0.010996996695078563,0.6400463542539472,-473.53632156525913,-574.3611755888066,789.1375835232329,-0.12129160416874647,-0.8171581419270978,-0.6377700063493452,-809.6784957114132,-503.1803400368953,308.9475515975326,1.4333938751405222,2.199387129638898,4.09405664568226,-935.0375213547543,-331.58786342645084,199.89989962363862,-0.2315649372290978,-0.041450190442896245,-0.18663192935206907,-634.0652093175015,-434.4948747664966,446.2974341635023,-0.5012057331239741,1.2371836149872393,0.06761559495920011,-256.6149127823304,-612.3534047903757,305.7758365279538,0.7239148932360403,1.3908652433118323,0.8749054937157388,-270.8168890432111,-393.7791710346771,222.40480905168081,-0.4610861572666368,0.22043377202897935,-0.26105593698835045,-346.5478165037617,-456.1049005567441,437.84783409056706,-0.4091533984365878,-0.051597984619158724,-0.15574632257660767,-474.8755637892548,-444.49033196567177,121.61315740629274
163,0,-0.21302301463628157,-0.005100111713015261,-0.05621092407422864,-510.2963033088476,-420.95441332535205,454.09302062633645,-0.42223811898346053,0.012355080176708756,0.6389755872389389,-475.3205699764131,-571.1017489818161,788.9400612147826,-0.12301665028880117,-0.8181320810728792,-0.6421887321855253,-810.7542521452773,-497.8944678938467,308.2218275876725,1.509049109441172,2.2118705545526702,4.0458411165654695,-936.0959220473824,-327.5848677649823,196.12738992864666,-0.2329215019435499,-0.04409639621521991,-0.19168240677652418,-634.9435269971264,-431.3938548124289,445.6015760747787,-0.49945638101095113,1.2355549236834062,0.06015013108866779,-258.0491822089536,-611.6507831926525,306.44639353634665,0.722979437402885,1.389094676695725,0.868816625059211,-271.1181792001896,-393.2298008558548,222.23644536988468,-0.4599649293990704,0.2183447207699942,-0.2656062514540709,-347.50822496051285,-454.51438847372435,438.04228532636927,-0.41063084209423467,-0.053940128716582644,-0.16125395229512884,-474.78063200231855,-442.6751796071701,121.45218577136116
164,0,-0.21513133276887042,-0.007915118880494528,-0.06129148166842053,-511.14643097473015,-418.5195321626011,453.8082987222666,-0.42494153757466324,0.013608082176269893,0.6376116770398166,-477.165099818294,-567.8847429337834,788.7658353186015,-0.1248295973482192,-0.8196322264399432,-0.646168973564521,-811.7238079271561,-492.83707937512185,307.4167625195569,1.5881778735064833,2.2194435997964375,3.995361031230709,-936.9484215192579,-323.8493960214759,192.2619544229344,-0.2343884339489948,-0.04674697600794525,-0.1965599686163488,-635.834265977144,-428.3448637661417,444.9138717056894,-0.497904406939523,1.2338650616543696,0.052817986779311196,-259.4758066713486,-610.9408961409351,307.13972084396016,0.7218407770424139,1.3873188961282052,0.8627575507071845,-271.47157618694024,-392.6887637034203,222.07174793038286,-0.45890909428204824,0.2161528302977381,-0.2699959822127066,-348.48770463580496,-452.93312738335806,438.2402366322099,-0.4121866125829427,-0.05623567358230129,-0.16660085957323068,-474.7192322893332,-440.92504990731726,121.2949136387975
165,0,-0.21730596184485332,-0.01070119477446891,-0.06623783236343503,-512.0083107268136,-416.1181586357779,453.5267685257273,-0.42772960619938305,0.014731954289939526,0.6359738093210496,-479.0621310444445,-564.7100046420466,788.6171996327807,-0.1267555457776988,-0.8215959433824223,-0.6497214559071227,-812.5952492719395,-488.01460978042155,306.5426950582195,1.6704851799002354,2.221908647155701,3.942717552524763,-937.6015949884822,-320.3754028410164,188.33465209698008,-0.23595836053991406,-0.04938473070887235,-0.201259778927071,-636.7307877601008,-425.35025654649763,444.23699576119617,-0.4965852292748708,1.2321247360042102,0.04569339046504377,-260.8876059606405,-610.2145269662474,307.8506586932832,0.7205253674408832,1.3855385083545322,0.8567758472519215,-271.87505732900354,-392.1459161005763,221.9141053053471,-0.4579316669757995,0.21387127877405201,-0.274223618754472,-349.4790153689333,-451.36014269971736,438.4393562066448,-0.41380977683944464,-0.05846849610607701,-0.17176993827526468,-474.69002444703347,-439.23891897421595,121.14089232211458
166,0,-0.21954374362713103,-0.013443381277939113,-0.07102888256162551,-512.8753757871528,-413.75183894652724,453.2486694646031,-0.43060850025580005,0.015705122038479683,0.6340813746483159,-481.00322144398365,-561.5781840013121,788.4959578894648,-0.1288215670985831,-0.8239575855730359,-0.6528630404267122,-813.3773732305805,-483.43174249243054,305.61056459795236,1.755607741491655,2.2191791965332057,3.8880483749531183,-938.0644770773717,-317.1545132935095,184.37605255620602,-0.23761977380285024,-0.05199214158999933,-0.20577726839973662,-637.6267344887646,-422.41286957476694,443.5734703470972,-0.49553127463337443,1.2303472735108234,0.03884861899340796,-262.2780186654721,-609.4635355048721,308.57309430875756,0.7190625742379169,1.3837568695744153,0.8509189893684254,-272.32640971126256,-391.5918400358835,221.7662147338462,-0.4570415612103168,0.2115157373392042,-0.27828812147283427,-350.4750843698559,-449.79514361949737,438.63715549420203,-0.4154863818931087,-0.06062414352799796,-0.17674657681919745,-474.6915410604029,-437.61504975983513,120.98962216260968
167,0,-0.22183839664583996,-0.016127141524982073,-0.07564442317739159,-513.7413749312283,-411.42266756780054,452.97426490097416,-0.4335829757947732,0.01650918669229836,0.6319538072806017,-482.9793154147172,-558.4907708235983,788.4034440461486,-0.13105409721425812,-0.8266496695600987,-0.6556149957066606,-814.0795655165358,-479.091600998713,304.6317896578577,1.8431145778277247,2.2112788629083497,3.831537031017738,-938.3485516327671,-314.17627483167934,180.4161846406243,-0.23935744638875722,-0.054551661146727624,-0.21010786586264527,-638.516145506793,-419.53601785199913,442.9257040645878,-0.4947709993393564,1.2285482043292593,0.032351975355788695,-263.64113163648886,-608.6810122550021,309.30016606364035,0.7174835643204645,1.3819804784440441,0.8452334630380985,-272.82324866091466,-391.01802992509016,221.63001150197778,-0.45624404302233607,0.20910422288239208,-0.2821885112466343,-351.46912785545373,-448.2384701117388,438.8310913828702,-0.41719990365787135,-0.06268995763126643,-0.18151858646342656,-474.7222430896515,-436.0510437803781,120.8406215498913
168,0,-0.22418056827402397,-0.01873853001895303,-0.08006526498975276,-514.6004758073476,-409.133249400908,452.70390304630615,-0.4366561724545249,0.017129482965912785,0.6296104608812642,-484.9808083390773,-555.4501053993063,788.3405537692505,-0.13347634727868607,-0.82960416186031,-0.6580011494862654,-814.7116590963915,-474.9959988753861,303.6181324874763,1.932508629742896,2.1983377687097034,3.7734214313935692,-938.4676577559942,-311.42846968230833,176.4845330419956,-0.2411529433899084,-0.057045994480858585,-0.21424678630941774,-639.3935515924156,-416.7234702367885,442.29603220192223,-0.49432795759847914,1.2267448223296722,0.02626595740218216,-264.97168827368984,-607.8613926396755,310.0244828868774,0.7158202060908924,1.3802192313956196,0.8397638797791039,-273.3630388987441,-390.41704606928414,221.50662554934297,-0.45554123856341777,0.2066568794917559,-0.2859235037719499,-352.45475314545325,-446.69102686767087,439.0186645188839,-0.4189317272997029,-0.06465511894082962,-0.18607608142972648,-474.7805716150415,-434.54390525948605,120.69349130056304
169,0,-0.22655795577980414,-0.021264341903799625,-0.08427338281107191,-515.4473447585073,-406.8866456875277,452.4380705217626,-0.4398294663996859,0.017555476422545745,0.6270705147574126,-486.99762591552803,-552.4593621496876,788.3077847166073,-0.13610587892689147,-0.8327538407822105,-0.6600460131649403,-815.2837730042809,-471.1457360362334,302.58154981445654,2.023229540845348,2.1805863977400612,3.714001065032793,-938.4378044530209,-308.8974783217261,172.61007105642798,-0.24298520703924692,-0.05945836268491718,-0.21818888718643956,-640.2540442653907,-413.9794033941917,441.68675476843976,-0.49421995595293666,1.2249557348416567,0.020645675576651944,-266.2650770647597,-607.0005291737012,310.73835022027123,0.7141040219311278,1.3784865019812884,0.8345521092213506,-273.9431178523884,-389.782630453785,221.39636677799274,-0.4549326401117581,0.20419568977974356,-0.2894912044426569,-353.4260387173142,-445.15420743477506,439.197509462888,-0.42066164058048283,-0.06651061659687828,-0.19041131744561893,-474.8649934026779,-433.090115766455,120.54797114925452
170,0,-0.2289554911780034,-0.023692234472677914,-0.08825207305821488,-516.2772016829699,-404.68630561315507,452.17743537375816,-0.4431023725836139,0.017780993513837617,0.6243529019588921,-489.01931746577503,-549.5225069419164,788.3052828983253,-0.1389524821816848,-0.8360336880559582,-0.6617729738905983,-815.8061322488128,-467.5409269689507,301.53403052540693,2.1146577711498997,2.1583469992829114,3.653642313198961,-938.2768894227851,-306.5686820112074,168.82131522311767,-0.24483119038780624,-0.06177274136589288,-0.22192859970568704,-641.0933189755298,-411.30833571645246,441.10016936276605,-0.49445833251182514,1.223200410572884,0.015537564349561002,-267.5173027930896,-606.0957208530473,311.4339939012578,0.7123652315356039,1.3767990217781292,0.8296364522695362,-274.56072022085306,-389.10978247742463,221.29873934228183,-0.4544155706710508,0.20174412258353558,-0.29288887696446564,-354.3775910199066,-443.62981176437415,439.3654729968879,-0.4223683259574486,-0.06824915276496724,-0.19451849757514927,-474.97403852631186,-431.6857172905608,120.40398562560159
171,0,-0.23135558239738263,-0.026010814104236904,-0.09198612819829954,-517.0858498269482,-402.53598603719723,451.92287695801065,-0.4464724931717346,0.017804285687412578,0.6214762489810184,-491.0351618843518,-546.6442294018074,788.3328922522354,-0.14201647927407005,-0.8393822614634815,-0.6632026470449581,-816.2888711097099,-464.18134467897545,300.48742207332975,2.2061201962741994,2.1320226590790985,3.592781401155075,-938.0043210178004,-304.4268902432939,165.14638609292786,-0.24666651703820636,-0.06397406960605564,-0.2254599363685776,-641.9076923859756,-408.71504330144364,440.53859629942997,-0.49504739570597495,1.2214987319684247,0.010978417313975492,-268.7249436617791,-605.1457006094913,312.10377380359233,0.7106319187706074,1.3751765596794763,0.8250508840899332,-275.2130024650126,-388.3947939987885,221.2124840250031,-0.45398558611488277,0.19932672906599372,-0.296112794938278,-355.3045781386904,-442.11996027581944,439.5206777303083,-0.42402984197598714,-0.06986499292336382,-0.19839355658073665,-475.106328899419,-430.3264015039864,120.26167725648247
172,0,-0.23373840095737336,-0.028209683636716994,-0.09546202860662366,-517.8696817120785,-400.43966216665495,451.6755009075515,-0.44993550729188536,0.01762793662944797,0.618458816354371,-493.03428452026316,-543.8298522481957,788.3902046195417,-0.1452875571493996,-0.8427429991775467,-0.6643514757182162,-816.7418234694363,-461.0667627241921,299.45324848460024,2.2968973045724788,2.102084191573698,3.531924618410109,-937.640546227989,-302.45677753316613,161.61305883439803,-0.24846614565083164,-0.06604842659281802,-0.228776570745259,-642.6940952767433,-406.20446078579323,440.0043940011109,-0.4959840514822792,1.2198705575365492,0.0069947603250981845,-269.8850981766876,-604.150583152344,312.74037989632944,0.708929347641651,1.3736414162110466,0.820824402685034,-275.8970655946015,-387.63524481329557,221.1356467210332,-0.4536368112901849,0.19696870408925035,-0.2991581803879487,-356.2027416050816,-440.627007363067,439.66156916857085,-0.42562408816158953,-0.07135377515383712,-0.202033936473425,-475.2605971685421,-429.007602811752,120.12142580271349
173,0,-0.23608220510803274,-0.030279448505872542,-0.09866814756210367,-518.6256635553673,-398.4014322005135,451.43663839029443,-0.453485196241366,0.01725862832436281,0.6153184304178813,-495.00578289327103,-541.0852202749479,788.4766075591075,-0.14874420627405682,-0.8460654089527948,-0.6652306536932905,-817.1743050077546,-458.1972771002694,298.4425239263001,2.3862320316274532,2.0690550605988647,3.4716455683756213,-937.2064916102183,-300.643313318248,158.24878792778975,-0.2502050195235327,-0.06798317449482048,-0.23187198152775682,-643.4500437394581,-403.78157043276934,439.499963358583,-0.4972576405821151,1.218335300268338,0.0036025617262117893,-270.99532597167234,-603.1117768148413,313.3370045264212,0.7072794451629641,1.372217766213579,0.8169805204599055,-276.60997457223414,-386.82996117989427,221.06567009656942,-0.45336221947237243,0.19469543238914094,-0.3020192275882427,-357.0683886776919,-439.1534570757447,439.7869454915284,-0.4271292495366885,-0.07271229280805376,-0.20543836568782972,-475.43569594411224,-427.7245927433939,119.98385306992988
174,0,-0.23836368828834112,-0.03221168399591636,-0.10159495932544708,-519.3513014387034,-396.42541897943227,451.2078299812042,-0.4571134979479291,0.016706786947828383,0.6120723989245647,-496.93885877774073,-538.416572115141,788.5913278789718,-0.15235381392158062,-0.849306099939766,-0.6658454349089188,-817.59489304072,-455.57358985910463,297.4655668130964,2.4733401755708773,2.0334946093883515,3.412579343816581,-936.7229284247347,-298.9721687495422,155.08069190856978,-0.2518586826793063,-0.06976706698256747,-0.23473965015738774,-644.1735922563765,-401.4512833383896,439.0277405211009,-0.498849999244219,1.2169115293234003,0.0008072651407510848,-272.0535868400691,-602.0318640266785,313.88748612249503,0.7057004605948224,1.3709308929833686,0.8135369294722917,-277.3487729476962,-385.97894119179267,220.9995047083463,-0.4531538709235399,0.19253203847518655,-0.30468920601047067,-357.8983682427424,-437.7018834735581,439.8959703255653,-0.42852421719189004,-0.07393826560202665,-0.20860665254582803,-475.6305977822224,-426.47257332942365,119.84981367433717
175,0,-0.2405583458613222,-0.033998869981590914,-0.10423523529619169,-520.0445930918634,-394.51567151942766,450.99079558884665,-0.46081058499871713,0.015986133350656996,0.6087374062361885,-498.822953867585,-535.8303983394536,788.7334693392894,-0.1560734271397547,-0.8524296210318957,-0.6661948758411009,-818.011210469785,-453.1972372382029,296.531820296308,2.5574222344684214,1.9959799780392429,3.35541365503424,-936.2097778339363,-297.43008480310743,152.13548696854227,-0.2534038447825223,-0.07139032341496206,-0.23737329968630683,-644.8632729181901,-399.2183169209468,438.5901783544763,-0.5007357473453695,1.2156166027877418,-0.0013958801530113809,-273.05818205917416,-600.9144557511147,314.3864210905695,0.7042068019832495,1.3698063584017743,0.8105053568345647,-278.1104919214993,-385.08325165333605,220.9337352852889,-0.4530031265399224,0.19050295565973374,-0.3071606335435452,-358.69003405349633,-436.27485783440665,439.9881696914647,-0.42978898058393583,-0.07503011404841908,-0.21153950107314756,-475.8443866911936,-425.24676729713997,119.72037293892848
176,0,-0.2426408573518264,-0.03563430313457101,-0.10658421083252463,-520.7039694974735,-392.6760690784863,450.7873928159566,-0.4645649617958785,0.015113164956739119,0.6053293871647285,-500.6478859961802,-533.333289777227,788.9020436239399,-0.15985116553089493,-0.8554090767498418,-0.666272038333282,-818.4297207054767,-451.0707467629433,295.64968559787076,2.637676411544962,1.9570872029060309,3.300877062120518,-935.6853767426528,-296.00518739637386,149.43936198744262,-0.2548188785390796,-0.07284466951265735,-0.23976716151348557,-645.5180254172358,-397.08707299163876,438.1897175384286,-0.5028827975436809,1.2144663391235195,-0.003021223228635505,-274.0077016629471,-599.7640257313268,314.8292423555042,0.7028090428252058,1.3688691491789604,0.8078916097072963,-278.8921537486037,-384.1449017920145,220.86471750815565,-0.4529008490117237,0.18863152465121832,-0.3094255099085719,-359.4411993366563,-434.8748844675341,440.0634150259688,-0.43090498608075617,-0.07598675101273072,-0.21423835456389617,-476.07624224396375,-424.04250317322885,119.59677378819174
177,0,-0.2445854855621584,-0.03711199932611139,-0.10863970592190046,-521.3282306483139,-390.9102301653158,450.59956677560837,-0.46836357806695955,0.014106596494722934,0.6018633817479023,-502.40398274754165,-530.9317802129545,789.0959943219583,-0.1636282287409478,-0.8582264993116548,-0.666064659748494,-818.8555405475438,-449.1977102531325,294.82637494400683,2.7133124460787204,1.917372117184962,3.2497245842103144,-935.1657294670163,-294.6872370969035,147.01779187513597,-0.25608423574323746,-0.07412334648530845,-0.2419162558653445,-646.1371225557208,-395.0615206717899,437.8287489168115,-0.5052530678160341,1.2134747339824654,-0.0040918861745723725,-274.9009806569039,-598.5857307410843,315.21226470478473,0.7015140846791222,1.3681428330472294,0.8056957942769193,-279.6907700654783,-383.1666996616005,220.78872045807967,-0.45283759877346785,0.186939627214479,-0.3114755992636036,-360.1500868336028,-433.5043463511188,440.1218947024385,-0.4318554552807653,-0.07680740226342261,-0.21670526983340796,-476.3254176525642,-422.85529367037697,119.48039504970247
178,0,-0.24636649707390104,-0.0384266004039538,-0.11040218576622735,-521.9164797000129,-389.22142865386115,450.4292946939348,-0.47219195797509333,0.012986786317135384,0.5983533761818302,-504.0822092723274,-528.6321878015016,789.3142142439846,-0.16734140993772037,-0.8608729637044603,-0.6655562755466806,-819.2922778521313,-447.5827628903643,294.06779074716087,2.7835658436881614,1.8773517891450993,3.2027210770730936,-934.6637745557006,-293.4678035705247,144.8952905096333,-0.25718277206270534,-0.07522109189553695,-0.24381667122071077,-646.7200958498296,-393.1450882345237,437.5095692210621,-0.5078033691415116,1.212653727690932,-0.004638748629485991,-275.73706633201573,-597.3852232236843,315.5326987104499,0.7003254560637014,1.3676487531249735,0.8039126823863512,-280.50333626758805,-382.1520974417024,220.70206990996286,-0.45280382667978447,0.18544735638437132,-0.3133027496605658,-360.8152781270953,-432.16546121430923,440.1640768248299,-0.4326256561551908,-0.07749146552549598,-0.21894282280748034,-476.5912134132797,-421.68090605520774,119.37270392191975
179,0,-0.24795861011833728,-0.039573299161823026,-0.11187475148315461,-522.4680594691271,-387.6125188929982,450.27852863671217,-0.47603434660454286,0.011775173074182434,0.5948121374599317,-505.674287217342,-526.440459648441,789.555556874338,-0.17092599600531308,-0.8633484417412353,-0.6647277571417367,-819.741900405589,-446.2314624217828,293.37843712952025,2.8477120094908237,1.8374873215216532,3.1606228778230485,-934.1886992269044,-292.34035803434045,143.09510863436864,-0.25809997561781817,-0.07613409663382442,-0.24546582734375264,-647.2666654217343,-391.3405676146208,437.2343326315669,-0.510486431724884,1.2120130273663534,-0.00469928370345495,-276.51519788975304,-596.1684626964523,315.78863643517724,0.6992437240646833,1.3674052844309053,0.8025321934353888,-281.32682344718523,-381.105031939444,220.60128778583854,-0.4527900607012097,0.18417272196320866,-0.31489923528723096,-361.43566565698023,-430.860248070409,440.1906662440989,-0.4332031203461388,-0.07803841490199706,-0.2209540440683039,-476.8729483538483,-420.515423540695,119.27520550780635
180,0,-0.24933747505598877,-0.040547793976167104,-0.11306305577616177,-522.9824947423385,-386.0858713849684,450.1491394606483,-0.4798738785544544,0.010493744031283852,0.591251050893937,-507.1728018869892,-524.3620239992503,789.8188430976992,-0.1743189092401097,-0.8656614017501371,-0.6635592058018692,-820.2046417556389,-445.15006708644205,292.76136884125407,2.9050797574694465,1.798168865130032,3.1241583011938925,-933.7453353327795,-291.3002804418701,141.63888550606063,-0.2588240996505646,-0.07685994293172665,-0.24686270646356712,-647.77667779355,-389.65003486021703,437.0050008081891,-0.5132520283990782,1.2115599866025026,-0.004316288276448254,-277.2347986025637,-594.9415320781173,315.97901326394515,0.6982669924917432,1.367427173480001,0.8015399573729637,-282.1581696095836,-380.0297664134094,220.4832233350782,-0.45278708062290046,0.1831313885192283,-0.31625810578492963,-362.01041019673073,-429.59050363561965,440.20255874022973,-0.43357780120913186,-0.07844775452587954,-0.222742381549852,-477.16993008592516,-419.35529710557097,119.18939224148497
181,0,-0.2504801895814602,-0.04134628081766164,-0.11397514289585933,-523.4594432162194,-384.64332025461266,450.04286468291934,-0.4836927761099339,0.009164551474688388,0.5876799709163656,-508.57129507220526,-522.4016543577645,790.1028645286864,-0.1774619260499021,-0.8678281724523207,-0.6620321221513256,-820.6789488277307,-444.3452157953962,292.218181086416,2.9550637019200154,1.7597036490275046,3.094007629065442,-933.333669859963,-290.34478167459736,140.54626567356058,-0.25934620437129857,-0.07739752834123441,-0.2480080379141269,-648.2500544748481,-388.0747892102924,436.82329399713996,-0.5160481528374379,1.2112995450053112,-0.003536550893153118,-277.89547976303515,-593.7104646656777,316.1035509532009,0.6973914589761246,1.367724979620309,0.800917926370031,-282.9942719231466,-378.9307393729083,220.34517197163723,-0.4527860730322903,0.18233644258814904,-0.31737352592555074,-362.53890580568634,-428.3577875824837,440.2007951221583,-0.4337421694560529,-0.07871902189647724,-0.22431168683599922,-477.48142695577314,-418.1973874970155,119.11669576815537
182,0,-0.2513658458786101,-0.041965486225161275,-0.11462121585414928,-523.898657124826,-383.28612336610695,449.96126245062715,-0.48747258601474425,0.00780928800162382,0.584107096644661,-509.86434138963926,-520.563349600037,790.4063848074807,-0.18030479778096864,-0.8698721015392833,-0.6601317515578785,-821.1614749999384,-443.82351924977695,291.74904176863157,2.9971351324663407,1.7223076915394246,3.070783263420169,-932.9484993943304,-289.47274444489545,139.83449393169582,-0.25966011696799657,-0.07774698031518489,-0.24890442356138903,-648.6867534121377,-386.6153127927903,436.69064560042426,-0.5188222121080587,1.2112342292739617,-0.002409499472848604,-278.4970547836714,-592.4810868486655,316.16268731765757,0.696612002951444,1.3683046347969545,0.8006450071321973,-283.8319816418959,-377.8124252931246,220.18497818190514,-0.45277875875782103,0.18179818599861514,-0.31824108899486275,-363.0207534552532,-427.1634152222763,440.1865176416938,-0.43369124623642813,-0.0788518377294841,-0.22566622098569306,-477.8066435606051,-417.03899750070144,119.05844341352162
183,0,-0.2519761015332595,-0.042402741156411926,-0.11501333656253601,-524.2999567939206,-382.01493559294744,449.90567322495053,-0.4911944633788747,0.0064489257650116715,0.5805388843657027,-511.04760643597797,-518.8502337570134,790.7281401134836,-0.18280809921271698,-0.8718225498895361,-0.6578494899251895,-821.6471209666116,-443.59107574988883,291.3527653394354,3.0308511106692495,1.6861016453916504,3.055010715725235,-932.579251936434,-288.6844898139975,139.5180022485742,-0.259762321612239,-0.0779095657186702,-0.2495563945080848,-649.086744485084,-385.2712521677828,436.608162196636,-0.5215221970845363,1.2113642163911305,-0.0009858691987167964,-279.03956105730646,-591.2588808090253,316.1574979107531,0.6959227769963886,1.3691671363321756,0.8006976915658867,-284.6681030877705,-376.67921129306575,220.00111951619314,-0.45275748611685246,0.18152395311252645,-0.3188580885643194,-363.4557437151082,-426.00845602567153,440.1609306420007,-0.4334225766863817,-0.07884599573350962,-0.22681067491629367,-478.1447017315553,-415.87789484664256,119.01582085288531
184,0,-0.2522957610548602,-0.042656092584251994,-0.11516506706623161,-524.6632165395447,-380.82979542937807,449.8771902072624,-0.4948395082129598,0.005103419521769267,0.5769800086563056,-512.1178855330172,-517.2644786032823,791.0668399242215,-0.184945642626538,-0.8737137700591251,-0.6551852241497166,-822.1291242331611,-443.65293010380515,291.02692500496664,3.0558616703411556,1.6511109777859339,3.0471110862407804,-932.2099916908098,-287.9814791210108,139.60800252226085,-0.2596517931598139,-0.07788759935485635,-0.2499703935377483,-649.4499993265157,-384.04142210450976,436.57659049052796,-0.5240977997226838,1.2116874572435596,0.0006835716376753346,-279.5232866191481,-590.0488704533291,316.0896146669455,0.6953177755940787,1.3703083847792497,0.8010506693112873,-285.49939771141896,-375.53529282238566,219.79276936746518,-0.4527152855229413,0.18151795144501648,-0.319223735776891,-363.8438481315621,-424.8937363964267,440.1252668203625,-0.4329361499879731,-0.07870158301931106,-0.22775019816552924,-478.49462856347276,-414.7123263483737,118.98984202677744
185,0,-0.25231335025770296,-0.04272444714654053,-0.1150910633389919,-524.9883625314844,-379.73012484210034,449.8766389499409,-0.4983891546012848,0.0037914690413113237,0.5734333817044356,-513.0731222931023,-515.8072515121404,791.421168745535,-0.18670631964733897,-0.8755837220628756,-0.6521494785773272,-822.5991964772282,-444.0124979687364,290.7679978004319,3.0719151244416345,1.6172704284118935,3.047385647868706,-931.8196139293391,-287.3659636415316,140.11209879356016,-0.2593297892816256,-0.07768435528740916,-0.25015468216483283,-649.7764948450606,-382.92383110302853,436.5962921348186,-0.5265014521171542,1.212199855687446,0.002549203749329635,-279.9487982938651,-588.8555327301315,315.9611458288351,0.6947913580321162,1.3717191757121594,0.8016774104615979,-286.32259380613215,-374.38459035024715,219.5598369951211,-0.4526458839044924,0.18178112773028993,-0.3193393124478114,-364.1852182722156,-423.8198453026037,440.0807599254025,-0.4322342746279787,-0.0784191201793454,-0.228490428965333,-478.8553525920691,-413.54102404601974,118.98132680782267
186,0,-0.25202166067126125,-0.04260773890940772,-0.11480663760328863,-525.275381471281,-378.7147419699223,449.9045660313242,-0.5018256054447021,0.0025303334432649647,0.5699002366117304,-513.9124066900595,-514.4786902341514,791.7897891810499,-0.18809526736010432,-0.8774728803502319,-0.648765244059503,-823.0477062946214,-444.670980905154,290.57153520917456,3.078861561668489,1.5844324507506538,3.056003094288658,-931.3822285321228,-286.8405964223939,141.03393239361685,-0.25879961608495444,-0.07730398428712063,-0.250119175607455,-650.0662289754991,-381.91572728539234,436.66722688770255,-0.5286892670931557,1.2128954944276225,0.004563618001438196,-280.31696789046987,-587.6827353670326,315.7746006308115,0.6943387058845846,1.3733853502294235,0.8025507103056612,-287.13440199001184,-373.2306879804166,219.30298405704468,-0.45254368075814444,0.18231106467169397,-0.3192082539095655,-364.48019087522994,-422.78714171306626,440.02862416634946,-0.43132141957201253,-0.07799970944968619,-0.2290375185930857,-479.2257085843918,-412.36320425288255,118.99088643641002
187,0,-0.2514182355158432,-0.04230711121315065,-0.11432731033323255,-525.5243382054158,-377.78188596462456,449.96123615089425,-0.5051322981848225,0.0013356886435973016,0.5663802756500338,-514.6359528113076,-513.2779053534664,792.1713463196814,-0.1891342957439444,-0.8794230832126341,-0.645069379222632,-823.4639030403996,-445.62679926916235,290.4323506987037,3.076654654151927,1.5523791370254332,3.072989945722908,-930.8677227743998,-286.40802248657246,142.37287348443445,-0.2580663818858312,-0.07675144013980827,-0.24987521314877745,-650.3192464140562,-381.01366243085266,436.78894416734005,-0.530621863441633,1.213766895890159,0.006682533125770556,-280.6289931443832,-586.5337009821446,315.5328212088077,0.693956200114339,1.3752881037592848,0.8036431904854113,-287.93153615147537,-372.07679387589576,219.02361775713828,-0.4524036912006553,0.1831019164402,-0.3188361594577637,-364.72929715143914,-421.7957632305258,439.97004011342113,-0.43020403303239096,-0.07744517955648997,-0.22939814410714804,-479.6044506490453,-411.178560498295,119.01891631978222
188,0,-0.25050576413053854,-0.0418251005724882,-0.11366837780861119,-525.7353997726495,-376.92925296103886,450.0466365357312,-0.508294379866151,0.0002215193023458512,0.5628718792478323,-515.2450569991813,-512.2030102067129,792.5644730622242,-0.1898615560363493,-0.881476469681124,-0.6411134931808858,-823.8361756359085,-446.87507080506634,290.3447147854633,3.0653519019184876,1.5208369611779908,3.0982245312262364,-930.2424865555552,-286.0704649288559,144.12377228288966,-0.25713675263243957,-0.07603241690799949,-0.24943527506264002,-650.5356714620601,-380.21357116009307,436.9605827171921,-0.5322650616793472,1.214805303909059,0.008865554611583983,-280.8864105046134,-585.4109965432684,315.2389231348552,0.6936417080808465,1.377404446353781,0.8049277528771199,-288.71073920591584,-370.92572142724407,218.7238615595928,-0.4522214646279277,0.18414439260269652,-0.31823073230105875,-364.933274060376,-420.8456357926987,439.90614643548463,-0.4288903500750814,-0.07675821664310127,-0.22957950565418386,-479.9902725652826,-409.9872513973944,119.06559543409695
189,0,-0.24929235028201013,-0.04116580886831606,-0.11284452386654706,-525.9088629648857,-376.1540419391114,450.16048716253476,-0.5112991640736047,-0.0007999619066108955,0.5593723664168976,-515.7420376510415,-511.2511770527954,792.9677957506234,-0.19033047129619388,-0.8836745394955103,-0.6369642440996238,-824.1523384637036,-448.40716242021125,290.30254803653946,3.045113420534402,1.4894935526659892,3.1314348830246277,-929.4702767005394,-285.8293251481804,146.27678262533644,-0.256018720628377,-0.07515329859150564,-0.24881266060205803,-650.715744649422,-379.51086163259686,437.1808777783388,-0.5335904394682928,1.216000970579332,0.011076766478393806,-281.0910975140792,-584.3165462921473,314.89624494066237,0.6933947764014622,1.3797078003115872,0.8063779837956924,-289.4688127540347,-369.77988930778935,218.4065052046491,-0.45199298999203624,0.18542580038352066,-0.31740165487028316,-365.0930753201078,-419.9364847626393,439.83803647387435,-0.4273901985729242,-0.07594247200319455,-0.22958930710934644,-480.3818334869665,-408.7898844246346,119.13089129733861
190,0,-0.24779162275921296,-0.04033504906192465,-0.11186950405645886,-526.0451823172054,-375.45300912577915,450.30225502848947,-0.5141365389383304,-0.0017183728445646883,0.5558782929702167,-516.1301585382765,-510.4187173041461,793.3799393287956,-0.19060798966936948,-0.8860573593167095,-0.6327030177524471,-824.3999349931611,-450.2103409993418,290.29960283907116,3.016199346666584,1.4580156397133686,3.1722007802263326,-928.5131913586919,-285.68481531845555,148.81726932321422,-0.2547213957857918,-0.0741211219191556,-0.24802114452369026,-650.8598595751514,-378.90051366029763,437.4481748880874,-0.534575740084441,1.217343432150034,0.013285154398519475,-281.24526339661384,-583.251665522475,314.50830609856047,0.6932167314311865,1.3821687134477147,0.8079685067937808,-290.20264956380544,-368.6413379781866,218.074936428597,-0.45171459987207707,0.1869301542481507,-0.31636040901791074,-365.2098800007232,-419.06784807027566,439.76675841049763,-0.4257148103561669,-0.07500263919371376,-0.2294357213070885,-480.77778659839475,-407.5874964096045,119.21456931354676
191,0,-0.24602266370337808,-0.03934045000746564,-0.11075592618670792,-526.1449955102551,-374.8225295276223,450.4711706133827,-0.5167992960225444,-0.0025252012656184018,0.5523857707218003,-516.4135381214165,-509.70118271778284,793.7995312365018,-0.1907722562869294,-0.8886629236138079,-0.6284249827383763,-824.5665487647796,-452.2675460356506,290.32962587910043,2.9789659039915595,1.4260672730734427,3.2199600591370894,-927.3327210270281,-285.6356399948677,151.7258090968436,-0.253254825677606,-0.0729435520417571,-0.24707463208901956,-650.9685964040157,-378.3771799086061,437.76044923253926,-0.5352051325332781,1.218821758625156,0.015464864660223149,-281.35142745112375,-582.2171120431769,314.078772247825,0.69311069472412,1.3847556597272745,0.8096752827064841,-290.9092676920723,-367.51175986038623,217.73305731308517,-0.45138288538731974,0.18863835990056,-0.31512005388437236,-365.2850967588275,-418.2390922272999,439.6933176712623,-0.42387664131370273,-0.07394449534677318,-0.22912734313645075,-481.1768079415181,-406.3815313400885,119.31620523308669
192,0,-0.2440097399008314,-0.03819150803129913,-0.10951514376693358,-526.2091434032109,-374.25866410750155,450.66624482248164,-0.5192833549991694,-0.0032138259974665174,0.5488907889948802,-516.5970479302732,-509.0934836395827,794.2252033122335,-0.19090982902130263,-0.8915266627543624,-0.6242375514108798,-824.640110962231,-454.55730223845467,290.38649501011594,2.9338601494621908,1.3933274579617472,3.274019162508069,-925.8908394738551,-285.67874152055316,154.9782929101754,-0.2516298471862409,-0.07162886955006935,-0.24598683404935723,-651.0427487009231,-377.9352858847633,438.1153294173202,-0.5354693270218621,1.220424764111836,0.01759530808103716,-281.41238581672206,-581.2131518546081,313.6114260346505,0.693081525680846,1.3874358943122933,0.8114758560946521,-291.58584498212673,-366.3925402944502,217.38518856003859,-0.45099463287154046,0.19052847702525116,-0.3136949768790331,-365.3203620559986,-417.4494319911877,439.61868021782385,-0.42188920128610535,-0.07277490388105412,-0.2286731352269577,-481.5776225234869,-405.17381579360875,119.43519951914355
193,0,-0.24178183363265301,-0.03689957658356028,-0.10815726947499824,-526.2386822774465,-373.75723099176827,450.88628507751525,-0.5215878675141863,-0.003779519347081205,0.545389519014076,-516.6862035356268,-508.59001973175424,794.655591174547,-0.19111258370433432,-0.8946810756661969,-0.6202583044625274,-824.6091940779759,-457.053784344066,290.4643263561515,2.8814134128899243,1.3595063817155826,3.333567734081128,-924.1510960034981,-285.80912091167164,158.5461352853828,-0.24985796887872033,-0.07018596567149027,-0.24477098322169183,-651.0833407577753,-377.5691247074576,438.51012459763405,-0.5353655524886848,1.2221411689126118,0.01966112054699477,-281.4311679869258,-580.2396355435227,313.11014178518275,0.6931357070211329,1.3901763279754076,0.8133495480076561,-292.2297525972162,-365.28480649274695,217.03596521369437,-0.450546791411182,0.19257606176145772,-0.3121006352174436,-365.31753104513706,-416.69795423338985,439.5437755134184,-0.4197668925597849,-0.07150177803246695,-0.2280823719302858,-481.97902496181354,-403.9665320609269,119.57079254054226
194,0,-0.23937198234224913,-0.035477789778726246,-0.10669130613456401,-526.2348863519129,-373.3138789495198,451.12990975016527,-0.523715193391402,-0.004219429046266204,0.5418785820811273,-516.6870518516188,-508.184818122004,795.0893308740172,-0.19147446396507412,-0.8981554522147067,-0.616612459946923,-824.4632820727177,-459.72703958236735,290.55754984624855,2.822233449774871,1.3243595288977363,3.3976968862805337,-922.0796703107845,-286.01974251058897,162.39659351490798,-0.24795127998369484,-0.06862434116091908,-0.2434396123317729,-651.0916332335554,-377.2729431883814,438.9418541017049,-0.5348974024882762,1.2239597094309942,0.02165199221944831,-281.41098506933713,-579.2960821121941,312.57886231867735,0.6932811901846737,1.3929443864512516,0.8152775959234988,-292.83858617996754,-364.1894819717334,216.69022743010436,-0.4500364777414039,0.19475458613152613,-0.31035330663756994,-365.27866020001204,-415.98364622782094,439.4694981828653,-0.41752485493465535,-0.07013400646506271,-0.22736458784146885,-482.3798923287809,-402.7621888015825,119.72207970966038
195,0,-0.23681645035801943,-0.033940920379031445,-0.10512538399951835,-526.1992392183364,-372.92416126524046,451.39556070548775,-0.5256707515607715,-0.00453253759986261,0.538355264055104,-516.6060584279687,-507.8716736233789,795.5250530333675,-0.19208822944899004,-0.9019756429311017,-0.6134299833009057,-824.193008783131,-462.5433661578793,290.6609537296239,2.756995342513606,1.2876991232916104,3.4654205886808604,-919.6463528539317,-286.3015271422357,166.49319641089107,-0.2459223795625904,-0.06695410370517776,-0.24200440861077557,-651.0691157155368,-377.0410164932238,439.40727894037883,-0.534074553210695,1.2258691973731461,0.023562376196358936,-281.355172227791,-578.381767313498,312.0215764536001,0.6935272170684167,1.395708823252086,0.8172432427519727,-293.41019319903097,-363.1073443101004,216.35290981948026,-0.4494610212201153,0.19703592748228924,-0.30846986791863035,-365.2059811974283,-415.30542817483945,439.3967076919556,-0.4151788153943307,-0.06868134362864806,-0.22652953715156937,-482.7791874869072,-401.5635889112965,119.88802593330605
196,0,-0.23415377003577403,-0.03230517721242135,-0.10346708595212227,-526.1334135014362,-372.58360806698914,451.68151425839346,-0.5274627557191887,-0.004719597087418898,0.534817661735199,-516.4499980526841,-507.64428561363013,795.9613751555903,-0.19304234550382363,-0.9061638320538803,-0.6108424441851253,-823.7903579750138,-465.4658391062866,290.7697008226808,2.686431203380629,1.2494025188471427,3.5356994587722133,-916.8254173003152,-286.643434859289,170.79627822355178,-0.2437843183592713,-0.06518595863781176,-0.24047615462163968,-651.0174856389715,-376.86770952660675,439.90293486263596,-0.5329123556653992,1.227858534777073,0.025391085608025575,-281.26712803397317,-577.4958139660458,311.4422960744714,0.693884132008668,1.3984404591032993,0.8192317778693239,-293.94269510990915,-362.03908447416734,216.02893265750544,-0.4488180467666188,0.19939091682292348,-0.30646761810133566,-365.1018660260557,-414.6621893741445,439.32622570467356,-0.41274494079042834,-0.06715426861114172,-0.2255871696567369,-483.17595200452337,-400.37379420759567,120.06747901978187
197,0,-0.23142370107368895,-0.03058795052794592,-0.10172383659571628,-526.0392387414755,-372.2877952149857,451.98589127793883,-0.5291018504721576,-0.004783038161916735,0.531264751053382,-516.2258514665915,-507.49638634940317,796.3968931982844,-0.1944181402299848,-0.9107382744879208,-0.6089797301405488,-823.2488202888243,-468.4549682958844,290.8793211100591,2.6113187546211876,1.2094173582635093,3.6074661076643153,-913.5963569419234,-287.03263464668623,175.26360872304798,-0.24155054574532722,-0.06333118811531509,-0.23886475798501028,-650.9386138283747,-376.747524128673,440.42516684526083,-0.5314313047545636,1.2299166956256382,0.027140786904429982,-281.1502535976786,-576.637282066525,310.84503195935656,0.6943631942590811,1.4011128268053255,0.8212305341173313,-294.4345031481011,-360.98536629783035,215.72309789582332,-0.4481055885871626,0.20178993152957878,-0.30436415955092905,-364.9687837927736,-414.0528271152993,439.2588310908955,-0.4102396923115729,-0.06556381717736756,-0.22454762821634122,-483.56928863036757,-399.1960865625291,120.25918196058429
198,0,-0.22866616237396736,-0.028807515797865633,-0.09990332712529384,-525.9186582138514,-372.03240803586056,452.3066674451153,-0.5306006676506071,-0.004726852932104778,0.5276963719610515,-515.940710358425,-507.421855925493,796.8301738199132,-0.1962873337838686,-0.915712967743002,-0.6079667276438656,-822.5635043889273,-471.4694674312604,290.98568665152476,2.532468894129674,1.1677635015842203,3.6796511219665615,-909.9444635246044,-287.4547547807228,179.85110553815377,-0.2392348548774141,-0.061401614379162646,-0.23717936610499438,-650.8344977388095,-376.6751321002918,440.97016506924757,-0.529656390651916,1.2320326878981456,0.028817397409516846,-281.00789433096134,-575.8052567481112,310.2337679141325,0.6949763969346457,1.403702706389827,0.8232288452649114,-294.88432687253453,-359.94688497023674,215.43999243192343,-0.4473222231944667,0.2042035157243555,-0.3021773444348888,-364.80925024217316,-413.476287096589,439.19525281572186,-0.4076796808088455,-0.06392139260425317,-0.22342127069045223,-483.9583342121648,-398.0339252235801,120.46178425853422
199,0,-0.22592018977008124,-0.026982706947380884,-0.09801394545884407,-525.7736761434074,-371.8132984988259,452.6416847530351,-0.5319733247782668,-0.004556452369026049,0.5241131299417731,-515.6016921067286,-507.41481976131143,797.2597488539866,-0.19871002164958607,-0.9210972443896157,-0.607920078943607,-821.7312018770665,-474.46710796015253,291.08497538144877,2.4507124086540952,1.1245318784425544,3.7512087510195005,-905.8612340656879,-287.89420409211715,184.51361020258793,-0.2368513203982098,-0.059409543355542896,-0.23542855620142356,-650.7072042768118,-376.6453949128947,441.53400252988337,-0.5276163414095142,1.2341955116253884,0.030429397621174328,-280.8432870353087,-574.998932286183,309.61243313345676,0.6957362937928333,1.4061905412145461,0.8252179685552293,-295.29117493802846,-358.9244235606112,215.1839005639778,-0.44646720735530265,0.20660301050427232,-0.2999252874774641,-364.62577159761025,-412.93160401337883,439.13616113182735,-0.4050815223338237,-0.062238561773568735,-0.222218716845754,-484.34222479113356,-396.89090024780563,120.67385269193204
200,0,-0.22322296682468404,-0.025132569547259464,-0.09606518080773653,-525.6062975100818,-371.62653481099323,452.9886652578888,-0.5332348883348647,-0.004278499744220185,0.5205162187992631,-515.2158650055661,-507.4697253822205,797.6841135310626,-0.2017331689662329,-0.9268952865900564,-0.6089451181755605,-820.75040778718,-477.40562805171464,291.17363032550105,2.366886073224973,1.07988053035222,3.8211414020487697,-901.3445983849543,-288.334551389389,189.2057054566984,-0.2344142245717464,-0.057367685821498426,-0.2336205860720008,-650.5588048287758,-376.65337164421436,442.1126744566225,-0.5253427693483433,1.2363941286217592,0.0319870730142894,-280.6595146865783,-574.2176904954667,308.9848730972877,0.6966558306260303,1.4085607305114476,0.8271909769615605,-295.65434794881446,-357.9189066972198,214.9587269994906,-0.44554060564220316,0.20896117547510484,-0.29762643891851215,-364.4207849290145,-412.41794087145786,439.0821576301857,-0.40246169344938443,-0.060526843592688465,-0.22095091777610215,-484.7200553164943,-395.77068220399593,120.89388207780458
201,0,-0.22060896730561194,-0.023276003922240565,-0.09406797399226871,-525.4184632976996,-371.46844277888823,453.34522791368585,-0.5344008236450013,-0.003900722411144487,0.5169071735410883,-514.7901840134929,-507.58139632054144,798.1017297447153,-0.20538964755386135,-0.9331055798757216,-0.6111330826553518,-819.6213004623187,-480.24366451804417,291.24832014354536,2.2818184678627573,1.0340281861202212,3.8885221138895054,-896.3989668447679,-288.75894797738493,193.88254849719837,-0.23193796952015067,-0.055289054742532165,-0.23176368718943047,-650.391305746113,-376.6943171716399,442.70213968695754,-0.5228692375120809,1.2386174579939286,0.033501705339787226,-280.4594708140027,-573.461172034507,308.3548196648444,0.697748173939776,1.4108017975958902,0.8291426258573953,-295.97342359415063,-356.9314505286421,214.7679312513086,-0.44454339340310706,0.21125278229976843,-0.2952997053758817,-364.19659777184563,-411.9346255739323,439.03376480011786,-0.3998363859129701,-0.058797497006752575,-0.21962924266019315,-485.0908369326255,-394.67696854682043,121.12030671440414
202,0,-0.2181092386470606,-0.021431407884277394,-0.09203498925687771,-525.2119845101463,-371.3356385803081,453.7089091278211,-0.5354864512726538,-0.0034317050347879097,0.513287565714457,-514.3314364616231,-507.74506212302265,798.5110352829042,-0.2096978222120287,-0.9397203375737846,-0.61455868516131,-818.3456860950288,-482.94167480311677,291.30590592819226,2.196315931613381,0.9872457612097322,3.95251428187802,-891.0351040052012,-289.1505767197118,198.50069321223376,-0.22943697504871427,-0.0531868389975495,-0.22986637932433215,-650.2065779582674,-376.7636729428035,443.298364041976,-0.5202302666998865,1.24085440834763,0.03498473853646768,-280.2458347186463,-572.7293393210435,307.72586128208803,0.6990265264662471,1.4129064355130265,0.8310691987067451,-296.2482345682689,-355.9634080557419,214.61447377988395,-0.4434775238006151,0.21345516029429487,-0.29296460149422204,-363.9553300787476,-411.48118338426747,438.99141580758555,-0.39722136027712884,-0.05706131564666383,-0.21826557555061932,-485.4534550494902,-393.6134273169752,121.35151322359192
203,0,-0.21575084611703524,-0.01961632899803785,-0.08998078940956847,-524.9884785086103,-371.2250527975152,454.0771874846416,-0.5365064272437903,-0.0028806681885389248,0.5096586564802483,-513.8461966952644,-507.95636463559003,798.9104594770614,-0.2146616696255776,-0.946724939555606,-0.6192781206857335,-816.926914108205,-485.46281696027256,291.34341799096546,2.1111491332588037,0.9398462014538054,4.012388040785846,-885.2698395452194,-289.4931104958438,203.0188740542674,-0.22692556314593612,-0.05107425535306082,-0.22793778516670063,-650.0062895630546,-376.857052754757,443.89736557987703,-0.517460308869885,1.243093952973278,0.03644694856653039,-280.0210580010806,-572.0225299360897,307.1014143357666,0.7005039170952166,1.4148714335272063,0.8329683357310996,-296.47884002334763,-355.0164088575461,214.5007738584152,-0.44234595134839727,0.21554867409382744,-0.2906414122099602,-363.69886172126854,-411.05736395055703,438.95544520426756,-0.39463179801794124,-0.05532843570789357,-0.2168724133951745,-485.8066313977232,-392.5836390622457,121.58585545507938
204,0,-0.21355648732700688,-0.01784713677615099,-0.08792190276992964,-524.74931120953,-371.13394570693447,454.44751285952003,-0.5374742617861634,-0.0022572370857583887,0.5060210251069618,-513.3407883271922,-508.21134186563165,799.298445207753,-0.22027139281496663,-0.9540974384167646,-0.6253275662840366,-815.3697699087749,-487.7737577712564,291.35804504902546,2.0270407458148667,0.892173111257208,4.067532871075809,-879.1256329050198,-289.77116314231534,207.3987251244431,-0.224417831376506,-0.0489643820996313,-0.2259879243764579,-649.7918451653493,-376.97022594832094,444.4952613498592,-0.5145927191360952,1.2453252484033206,0.03789764913342232,-279.78736207346583,-571.3414995409252,306.48469666673816,0.7021929519586168,1.4166974887786545,0.8348388483201576,-296.6654915066209,-354.09239215379773,214.42867886815898,-0.4411526085687422,0.21751711487426564,-0.28835134426978104,-363.42878864145683,-410.66316166773606,438.9260812162252,-0.392082152178834,-0.05360816311642852,-0.21546295565894102,-486.14889300544735,-391.59103809796034,121.8216719445307
205,0,-0.21154427638303977,-0.016138725617985246,-0.08587677678851466,-524.4955484457171,-371.05991394555315,454.81733982443734,-0.5384018889704376,-0.0015712060973626344,0.5023741924219536,-512.821252642828,-508.5063917435014,799.6734766815657,-0.22650447682451025,-0.9618081915936065,-0.6327222147121702,-813.6803514641665,-489.8453826329998,291.3471368769125,1.944654665153681,0.844588617006507,4.117466166397857,-872.6300125661271,-289.97071694224076,211.60541025366288,-0.22192751801732255,-0.04686997913027237,-0.2240279687420303,-649.5643354057939,-377.0991002864751,445.08831494134796,-0.511658765522754,1.247537790309455,0.039343965827414625,-279.54674563199984,-570.6874534450936,305.87870413038837,0.7041055137645443,1.418388907838,0.8366805205719714,-296.80859451131425,-353.1936320450374,214.39944457733804,-0.4399023368248633,0.21934799012530992,-0.28611664634097844,-363.1463903759133,-410.2988282807313,438.90344013492717,-0.38958599730379284,-0.05190882540395599,-0.21405117587201705,-486.4785505498441,-390.63885442210733,122.05730614212338
206,0,-0.20972768736198816,-0.014504259088726585,-0.08386561901671319,-524.2279193402628,-371.00088880711877,455.18416481642254,-0.5392992978334148,-0.0008323055941498772,0.49871625999667024,-512.29332169395,-508.83821898744253,800.0341118768359,-0.23332711719569516,-0.969819678264124,-0.641455861610485,-811.865935744511,-491.65338530251813,291.3082202202974,1.864587129124015,0.7974609157275233,4.161837677059466,-865.8149144515515,-290.0795123024293,215.6081432520906,-0.2194678621802085,-0.04480330041286869,-0.22207044306864293,-649.3244995630756,-377.23970653558104,445.67298375623494,-0.5086867216040739,1.2497215952894922,0.040790209485543266,-279.3010005392154,-570.062066044219,305.286190914239,0.7062523983870825,1.419953202964274,0.8384938983058732,-296.9086669398269,-352.32275365105994,214.41372590290035,-0.43860077668273206,0.22103270244774256,-0.2839606796288639,-362.85261106820286,-409.9648768460322,438.887523164438,-0.38715588066702283,-0.05023765296346815,-0.21265186615740134,-486.7936878861614,-389.7300577627703,122.29112927045841
207,0,-0.20811563899148489,-0.012954964748781056,-0.0819101317104469,-523.9467938909992,-370.9551265721632,455.54556605848666,-0.540174234110478,-4.9978415441061484e-05,0.4950435864076736,-511.76239471980733,-509.20376899680423,800.3790180625758,-0.24069594170065936,-0.9780865550532265,-0.6515010435861237,-809.9348404455816,-493.1787207675595,291.2390266860624,1.7873599956643647,0.7511519492512427,4.200429911906159,-858.7159463071481,-290.0873872424873,219.3805818293397,-0.21705146263181763,-0.042775905853539145,-0.22012935955828253,-649.0727033683913,-377.38818640799997,446.2459645788112,-0.5057010899214872,1.2518673943467042,0.042237375581068416,-279.0517342385846,-569.4674874178427,304.70965413452393,0.7086428815216897,1.4214005879849514,0.8402800658968078,-296.9662959303949,-351.4827387838049,214.4715776769891,-0.4372542265961465,0.22256661447607404,-0.2819079251615448,-362.54805531741334,-409.6620764984492,438.8782158918222,-0.38480317838661016,-0.04860069354155075,-0.21128064705735608,-487.092163804734,-388.8673053572536,122.52156526803952
208,0,-0.20671269708725426,-0.011499986063211209,-0.08003315224240752,-523.6521761720921,-370.921191455103,455.89924476456787,-0.5410319802146062,0.0007668263950012051,0.49135052181105593,-511.2335167172498,-509.6001532303287,800.7070083655552,-0.2485599379676148,-0.9865559954624785,-0.6628097031186797,-807.8962856427556,-494.40791012461887,291.13753047908796,1.7134163411059105,0.7060056296050464,4.233154726415673,-851.3716059342727,-289.9865565034626,222.90108366981448,-0.2146901395463834,-0.04079848040581663,-0.21822027665127344,-648.8089332999283,-377.54078508554676,446.80423573914425,-0.5027220012423574,1.2539668241605275,0.04368279078211548,-278.80039667800565,-568.9063364918236,304.1513230399498,0.7112842138293374,1.4227433795193984,0.8420404128681456,-296.98209460714025,-350.6769198421739,214.57246501613247,-0.43586948060612546,0.22394900359409656,-0.27998391929898436,-362.2329993619162,-409.3914378874439,438.87529036722566,-0.38253796166170345,-0.047002762955503374,-0.20995393660762307,-487.3716262791101,-388.05289513143515,122.74711687615765
209,0,-0.20551936866228318,-0.010146294406593322,-0.07825821771555116,-523.3437137170976,-370.89793196826207,456.24306577647144,-0.5418752192723721,0.0016098354271086375,0.48762922132770964,-510.71135822887896,-510.0245708381558,801.017077059478,-0.25686249530732896,-0.9951683458302425,-0.6753143378607571,-805.7602591838538,-495.3331921353271,291.00199324030245,1.6431184462619823,0.6623370226481137,4.260046442115262,-843.8224807768739,-289.7718223093537,226.15281849989736,-0.21239480363308172,-0.03888066866163253,-0.2163602767471427,-648.5328076983369,-377.6938490824911,447.3450940108541,-0.49976482503216124,1.256012604287301,0.045119921098717035,-278.54830971045357,-568.3816803663035,303.6131529320269,0.7141810497435608,1.4239953114130124,0.843776395113943,-296.9566603430133,-349.9089608825992,214.71528299269872,-0.4344536559238358,0.22518291543545446,-0.2782151146577521,-361.907417234338,-409.1541895973602,438.8784096219915,-0.3803688797619986,-0.04544743398486673,-0.20868887470824055,-487.6295387076699,-387.2887259435986,122.96639159081795
210,0,-0.20453246150583201,-0.008898660583160889,-0.07660907810146735,-523.0207228276814,-370.8844517458791,456.5750955050316,-0.5427039868900081,0.0024716026516303476,0.4838695562695795,-510.2001957274167,-510.47423137873767,801.3084311334786,-0.2655434685689912,-1.0038581163790583,-0.68892957760083,-803.5373887438265,-495.9525218250292,290.8310128103694,1.576748145072818,0.6204228719225532,4.2812519340603785,-836.1104547829456,-289.4407110338227,229.12373546392874,-0.21017533668019237,-0.03703093279434822,-0.21456786106200437,-648.2436041270173,-377.8438297766745,447.8661843859314,-0.4968400110289455,1.257998690499808,0.04653834891817879,-278.2966970327368,-567.8969996721077,303.0968236638978,0.7173348220288778,1.4251707739792023,0.8454892988889943,-296.89053605833965,-349.18282529292884,214.89838540117265,-0.43301402005088946,0.2262749284043078,-0.27662866836720845,-361.5710206938681,-408.9517462936862,438.8871343259237,-0.37830306716437084,-0.04393706406739498,-0.20750320152501542,-487.8632169750183,-386.576266455246,123.17812598822591
211,0,-0.20374548488551228,-0.007759682205650609,-0.07510918677779305,-522.6822287865454,-370.8800760989525,456.89363492851083,-0.5435157121633443,0.003345627630167351,0.4800591396753885,-509.7038923453643,-510.9462832457729,801.5805157865233,-0.27454117549395235,-1.0125553097393833,-0.7035541219627731,-801.2388225562179,-496.26942176530656,290.62357247056667,1.514509414890175,0.5804938137507243,4.297018193382981,-828.2779459394503,-288.99353227902475,231.80639052480328,-0.20804048679687415,-0.03525644066015545,-0.21286276401514317,-647.9403015491093,-377.9872925586613,448.36552104188615,-0.49395316379032217,1.2599203958349516,0.047923919167304214,-278.04671290073105,-567.456140089653,302.6037423357895,0.7207430804724879,1.4262839946038464,0.847180018225477,-296.7841759268188,-348.5027300987077,215.1196224643327,-0.43155782507588303,0.2272348423899216,-0.2752521626770605,-361.22331098445585,-408.7856697003655,438.90093119549897,-0.3763460819979568,-0.04247286088019656,-0.20641509173719302,-488.0698756180888,-385.9165339757676,123.38120689142495
212,0,-0.20314906998451984,-0.006729860967195226,-0.07378119924838529,-522.3270192426064,-370.88431572444745,457.1972455059693,-0.5443053475586862,0.004226439059674461,0.47618347851986753,-509.225879121101,-511.4377519613902,801.8330317844078,-0.2837942470077301,-1.0211870708326525,-0.719072965507406,-798.8761199172193,-496.29269622810017,290.37908709484697,1.4565329887124476,0.5427286006549054,4.307677921961672,-820.3671947401757,-288.43335923432426,234.19764373396774,-0.20599778115023895,-0.033562989421047885,-0.21126569363239442,-647.6216351535028,-378.12093121255566,448.84149815768086,-0.49110533526862676,1.2617744719356117,0.049259047883620455,-277.7994681045532,-567.0632504156857,302.13504960994896,0.7243988185118168,1.4273481816677622,0.8488488576389411,-296.6379166597083,-347.87308756939007,215.37638730960197,-0.4300921546296484,0.22807530402562873,-0.2741132647159417,-360.86363982094053,-408.6576237811046,438.9191827219689,-0.37450188163317955,-0.041054983228456084,-0.20544294950748423,-488.24668100462134,-385.3100843009796,123.57468798879712
213,0,-0.20273139192539646,-0.00580772228133129,-0.07264650928592797,-521.9537083857903,-370.89682902946663,457.4847662304916,-0.5450655857398741,0.005109644384906505,0.4722262593079994,-508.769137379347,-511.9454918069388,802.0659430886461,-0.29324326217543883,-1.0296796204326617,-0.7353598338713548,-796.461151639059,-496.0360220410026,290.09744268722744,1.4028826748333787,0.507250608962616,4.3136337439840196,-812.4196203327035,-287.76593167447515,236.29824089028324,-0.2040534592188935,-0.03195496850172052,-0.20979800811562532,-647.2861610755652,-378.24158683188807,449.2928897219904,-0.48829350715642794,1.26355914461829,0.05052317944300882,-277.5560519711234,-566.7227078273421,301.6916289488422,0.7282898164488112,1.4283746587787503,0.8504953718151671,-296.4519553274642,-347.2984354060111,215.66567094067594,-0.42862378712663013,0.2288113793172234,-0.2732393335411387,-360.49127650883264,-408.5693256592918,438.9411977965898,-0.37277283924586935,-0.03968267291617841,-0.20460517173293552,-488.39080922073185,-384.75701315333185,123.75780080637831
214,0,-0.20247857842081768,-0.004989968866949188,-0.0717248470379296,-521.5608089773392,-370.9173844585922,457.75532063790223,-0.5457871599651549,0.005991947413184927,0.46816976717529135,-508.3361832877454,-512.4661534361356,802.2794737864517,-0.30283211559020823,-1.0379604097843143,-0.7522797545259299,-794.0060097262094,-495.51743277743924,289.77902596771435,1.3535629939412361,0.4741268397719359,4.315341622755702,-804.4752573013611,-286.99948552004304,238.11229813861596,-0.20221243031553074,-0.030435364045267504,-0.20848134170152874,-646.9323278546855,-378.3462702914325,449.71883806577006,-0.4855112252205088,1.2652740996115435,0.05169337174439236,-277.31754947351436,-566.4390313277449,301.27411804401123,0.7323980345735827,1.4293720204678058,0.8521182526151684,-296.2263344902899,-346.7833573480798,215.98412522143542,-0.4271590773253191,0.229460083246737,-0.2726569840374911,-360.1054777903823,-408.5224938756649,438.96622286513315,-0.37115980306297724,-0.03835441144086925,-0.2039198891742767,-488.499506309553,-384.2569693714601,123.92995931612542
215,0,-0.20237509342493878,-0.004271659575494938,-0.07103395707242885,-521.1468089153049,-370.94582406986996,458.0083132969673,-0.5464592230123246,0.006871136528148868,0.4639954317483916,-507.92905596329626,-512.9961692074424,802.4740940594852,-0.31250908357297813,-1.0459604063950794,-0.7696916882151276,-791.5229246917464,-494.75871508882693,289.4247409947919,1.308527705845576,0.443369510808198,4.313294052095888,-796.5722819933197,-286.14451538490306,239.64671128974302,-0.20047825972159986,-0.02900580513798518,-0.2073371950784659,-646.5585512646613,-378.4321870691971,450.11883148283107,-0.4827493415372709,1.2669204170517154,0.05274498251748869,-277.085052888689,-566.2167848010928,300.88292175028266,0.7366990937775927,1.4303453435999436,0.8537152714567522,-295.96093526457616,-346.33239651074126,216.32813308561816,-0.42570385656513005,0.23003987549379604,-0.27239161857347816,-359.7055568972241,-408.5187955692243,438.9934533317265,-0.3696621979414388,-0.03706809363828038,-0.20340469616687978,-488.57014859517113,-383.80917952086725,124.09075788060859
216,0,-0.2024040878791812,-0.0036464050640497626,-0.07058936730751088,-520.710248848583,-370.9820294286525,458.24341602698144,-0.5470697976132983,0.007746046442404904,0.45968448606227774,-507.54931067480703,-513.5317570134087,802.6504956571665,-0.3222275751051726,-1.0536163952949558,-0.7874511516667336,-789.0241881850902,-493.78473766242763,289.0360102679011,1.2676888062405087,0.4149401828498015,4.3080035545124264,-788.7466330771288,-285.21347880431347,240.91051399330354,-0.19885318759972953,-0.02766664988840712,-0.20638650676973033,-646.1632891445586,-378.49676308190055,450.4926719212212,-0.47999681741754374,1.268500456368761,0.05365242543332711,-276.85966786942066,-566.0604716691612,300.51822597272894,0.7411618840982739,1.431295490695057,0.8552832821769901,-295.6554788506073,-345.94996413023824,216.69388480833246,-0.4242633501424623,0.23057013149800445,-0.27246693829513124,-359.29094837805656,-408.5597940957315,439.02204503430886,-0.36827816679736897,-0.035821209172201135,-0.2030763795785928,-488.6003010454154,-383.4124831287439,124.23996265487966
217,0,-0.20254771360264281,-0.00310657270439881,-0.07040425312977623,-520.2497974235348,-371.02589069941376,458.46054474206784,-0.5476062891743565,0.008616496521495622,0.45521871773586947,-507.1980186666396,-514.0689423967311,802.8095580308151,-0.3319465721285747,-1.0608731625337822,-0.8054127684533796,-786.5220780576425,-492.62273442189246,288.6147583429678,1.2309256184632444,0.3887561966951281,4.299986967629922,-781.0317268691268,-284.22045270545897,241.9142103352733,-0.19733818361131863,-0.02641710717271898,-0.2056492218725003,-645.7451130374158,-378.53767018739467,450.84043429074507,-0.4772415403019959,1.2700176963537022,0.054389962285591884,-276.64251423556715,-565.9744237806665,300.180012158121,0.745748342259012,1.4322185419980888,0.8568182860929858,-295.3095369661124,-345.6402466432522,217.07745874267067,-0.4228421083764497,0.23107059819133735,-0.27290444648339895,-358.86126554826484,-408.6468984919758,439.0511257128064,-0.3670047471088093,-0.03461102232871717,-0.20295065660977657,-488.5877719268354,-383.0653773035845,124.37749695857727
218,0,-0.20278740008445714,-0.0026434942040549016,-0.07048939509253667,-519.7643210344122,-371.077279628449,458.65982836594316,-0.5480560491133382,0.009483208465938848,0.4505812845915413,-506.87577492111285,-514.6035977601942,802.9523068971367,-0.34163078015211834,-1.067685425240877,-0.8234326926830277,-784.0287827316675,-491.3015640495627,288.1633767254543,1.198093662995762,0.36469904728026736,4.289750938937895,-773.4582641437662,-283.18075404660766,242.6691079162001,-0.19593303795404104,-0.025255387816692943,-0.20514387345538648,-645.3027737932579,-378.5528501129313,451.1624194041905,-0.4744711118286443,1.271476538202795,0.05493249709744499,-276.4347221540052,-565.9626877456546,299.868072273445,0.7504134377197963,1.4331053922515034,0.8583155574178348,-294.92255153567373,-345.40711414837943,217.47490445234905,-0.4214439462637902,0.23156084351127953,-0.273722956658284,-358.4163478633978,-408.78131606872677,439.07980647471993,-0.3658380754560044,-0.0334347410429784,-0.20304192936779333,-488.5306623245988,-382.76606910407133,124.50342146937972
219,0,-0.2031040969935274,-0.002247670624574376,-0.07085322342400865,-519.2529454068826,-371.1360269401696,458.84157167402174,-0.5484069743107711,0.010347705589551493,0.44575756047960874,-506.5827148110721,-515.1314965509288,803.0798674999091,-0.3512505228577992,-1.0740193871045869,-0.8413708587930879,-781.5563218016139,-489.85096764234765,287.68466969270804,1.1690330375639364,0.34262420818537126,4.2777789789854905,-766.0541218457865,-282.11053739890326,243.18667694609468,-0.19463648669757874,-0.024178877371699478,-0.20488719012516127,-644.8352587805658,-378.5405357533552,451.4591029227258,-0.47167357050505854,1.2728820819509665,0.05525633932244415,-276.2374245908139,-566.0289122942826,299.5820243484704,0.7551054036086334,1.4339415455214235,0.8597698236713122,-294.49386385109017,-345.25403328337256,217.88232569521395,-0.4200718855045064,0.23205970835050663,-0.27493811815274294,-357.9562961292523,-408.96400926554804,439.10719332572376,-0.36477361117319285,-0.03228966735957114,-0.2033630623724243,-488.4274093988528,-382.51253369354447,124.61791035194396
220,0,-0.20347848756557196,-0.0019089707494216973,-0.07150193803407962,-518.715106916579,-371.201904524079,459.0062141936388,-0.5486481249343255,0.011212195444106163,0.4407359718569336,-506.318540115277,-515.6483794982012,803.193415193645,-0.3607814229232313,-1.0798538256897698,-0.859093018685168,-779.1164602022806,-488.300845343043,287.1817817638431,1.1435760764315157,0.3223718466764393,4.26452034734886,-758.844320434437,-281.02638261514096,243.47795937298895,-0.19344636629443573,-0.023184321488194787,-0.20489374121022885,-644.341838935653,-378.49926900125143,451.7310828854222,-0.4688380198256331,1.2742398885900594,0.055339906150983165,-276.0517469695196,-566.1762403468767,299.321328769019,0.7597662442975649,1.4347071370822764,0.8611754922820251,-294.0227532407786,-345.1839873846986,218.29596029327647,-0.4187280924843937,0.2325847693533429,-0.27656197156697915,-357.4814941918885,-409.1956577066208,439.13239887204554,-0.3638063689187877,-0.031173323351750253,-0.2039251874945581,-488.2768225284397,-382.3025760771203,124.72122461336724
221,0,-0.2038911797724761,-0.0016168201438384346,-0.07243968863374246,-518.1505921777103,-371.27461266097595,459.15428743270996,-0.5487703395506569,0.01207943759959629,0.43550878230184376,-506.08255433491,-516.1500293816052,803.2941261533038,-0.37020391558467014,-1.085180652361162,-0.8764725339151033,-776.7206140324279,-486.680571156234,286.65810879048826,1.1215540861139879,0.3037778363262105,4.250380966467584,-751.8510555520153,-279.9448856463716,243.55304961899353,-0.19235978943612653,-0.02226801422808911,-0.20517562900125028,-643.8221045173212,-378.42791448896344,451.9790284553611,-0.46595514069011484,1.2755557408523999,0.05516433804130642,-275.87879490085186,-566.4072094019925,299.08530551643514,0.7643325448716046,1.4353772053943126,0.8625269109992973,-293.5084850852544,-345.19940649133775,218.7122536198401,-0.4174138069589795,0.23315182138123264,-0.2786025455964766,-356.99261654779383,-409.47662615264204,439.1545543133451,-0.36293114942494276,-0.030083548579697424,-0.20473753927016725,-488.0781117805866,-382.13389407654597,124.81368407256808
222,0,-0.20432288335958776,-0.001360379829930381,-0.07366879601168042,-517.5595650858565,-371.35377240775625,459.28637272361794,-0.5487668234551935,0.012952599172228714,0.4300727812257437,-505.87370671020426,-516.6323504481596,803.3831310031608,-0.3795026426379937,-1.0900049214256369,-0.8933918970085425,-774.3797471893567,-485.0183629100988,286.11719603524864,1.1028029883459507,0.286684479660485,4.235716477114464,-745.0937813316328,-278.88226502524935,243.4206652433325,-0.1913733324091546,-0.021425979639660322,-0.2057422356789316,-643.2759890808702,-378.32566883444,452.2036324108276,-0.46301757525688686,1.276835414879315,0.05471400640920278,-275.71964073050265,-566.7236636558607,298.8731524703297,0.768736599001051,1.4359222298049832,0.8638186457051484,-292.9503678094248,-345.3021093757151,219.12792227971116,-0.4161292589344674,0.23377438961835637,-0.28106350506923683,-356.4906221168474,-409.806938774379,439.1728218273029,-0.3621427578898229,-0.029018567213970323,-0.20580732198847085,-487.83090846087424,-382.0041401429453,124.89563936804161
223,0,-0.2047545813771875,-0.0011287151829778572,-0.0751899927508966,-516.9425811271226,-371.43892311577434,459.403061870262,-0.5486336839449644,0.013835101902704823,0.42442983500677467,-505.6906438235242,-517.0914484895414,803.4614739567726,-0.38866577431717403,-1.0943442987929417,-0.9097439651364725,-772.1042592372721,-483.34072156723244,285.56262800015253,1.0871677477165613,0.27095039319441133,4.2208274678027955,-738.5893319229876,-277.8539955398667,243.08782194437043,-0.19048322305636653,-0.020654137698564487,-0.2066000308873277,-642.7037818005322,-378.19206519772627,452.40556966190576,-0.4600201775690519,1.2780844730239536,0.05397689732690481,-275.57530953548354,-567.1266809658293,298.68396476293117,0.7729078611429402,1.4363089409356449,0.8650457545505494,-292.3478182794692,-345.4932594034554,219.54000459260902,-0.4148735754184551,0.234463282864208,-0.28394385785486226,-355.97673517429286,-410.186259920365,439.1864074016019,-0.3614362004349901,-0.027977024958942578,-0.20713960847194832,-487.53527782892996,-381.9109796278807,124.9674454247185
224,0,-0.2051677046751239,-0.0009109571880244583,-0.07700266013718211,-516.3005893400942,-371.5295248955268,459.5049225752209,-0.5483703851669245,0.014730465707428073,0.41858726366177684,-505.53176721511596,-517.5237077199276,803.5300796858057,-0.39768430563681867,-1.0982280296641298,-0.9254329029878576,-769.9038662448573,-481.6719509885277,284.99791596112004,1.0745055208220877,0.25645907473831175,4.205956833653437,-732.3520677006574,-276.8744792090163,242.5596229776027,-0.18968551849806034,-0.019948447275092943,-0.20775244415602928,-642.1061288173992,-378.0269731713922,452.5854636990434,-0.4569601342479668,1.2793080854650605,0.05294485997170244,-275.44676511677324,-567.6165173329478,298.51675504414715,0.7767747174180201,1.4365014008453139,0.866204032208585,-291.7004348282724,-345.7733356578324,219.94589476217095,-0.4136446835918391,0.23522620115610487,-0.2872377263352394,-355.4524150999884,-410.6138813473971,439.1945740999267,-0.3608068506715613,-0.026957997943936326,-0.20873726918655675,-487.1917243712045,-381.85214323865216,125.02943775291352
225,0,-0.2055443170108393,-0.0006964592899214323,-0.07910503809437695,-515.6349228129807,-371.6249656690584,459.5924703113318,-0.5479800956035639,0.01564215424092312,0.4125580135624706,-505.3952950630681,-517.9258609379219,803.5897296182372,-0.406551371498868,-1.1016954683707294,-0.9403748483600463,-767.7874775398368,-480.0337660121545,284.42638992888016,1.0646875287879103,0.2431257602361218,4.191289154550415,-726.3940331563246,-275.95676188627726,241.83916856931037,-0.18897626287730845,-0.01930502090470419,-0.20919980425631343,-641.4840247427726,-377.8305942258359,452.74386240389805,-0.453836966047881,1.2805108857688452,0.05161371387676199,-275.3348964970321,-568.1925709847299,298.37047442356834,0.7802665575761233,1.4364623390708353,0.8672901932640715,-291.00807690826844,-346.1421203647422,220.34335813490534,-0.4124392213034993,0.23606741217206242,-0.29093418838052126,-354.9193171424637,-411.08871573396493,439.19665566130163,-0.36025058041538127,-0.025960977628424392,-0.21060092936260444,-486.80119025492814,-381.8254716211371,125.08191284000631
226,0,-0.2058673170208813,-0.00047495350568543365,-0.08149438697697091,-514.9472790012718,-371.724572284752,459.6661479138857,-0.5474699037207315,0.01657342796689344,0.40636060607034996,-505.2793257256818,-518.2950499878402,803.6410487478261,-0.4152616196751875,-1.104794251483258,-0.9544983303482811,-765.7630723194698,-478.4449935138715,283.8511018911346,1.0575997151607077,0.23090227845815334,4.17695193191586,-720.7251147246103,-275.1123017225904,240.92758647452607,-0.18835161732335945,-0.018720208523534922,-0.210939344954875,-640.8387957841786,-377.6034530818082,452.88122410377224,-0.45065242769908026,1.2816968634775578,0.049983215361646995,-275.2405054293492,-568.853367384131,298.24403379726505,0.7833161180707581,1.4361547190103672,0.8683019609723105,-290.27095009625236,-346.5987031572354,220.73052565634126,-0.4112524684280734,0.23698751162799134,-0.2950171939728843,-354.37924679599496,-411.60929618283063,439.19207023158765,-0.3597638505648228,-0.024985837023166816,-0.21272895120556853,-486.3650477121012,-381.82895035642605,125.12511370291442
227,0,-0.20612066134985702,-0.00023670912684563495,-0.08416708402100434,-514.239691445506,-371.8276250175714,459.72631374024735,-0.5468508821360565,0.01752720966256527,0.40001885306929214,-505.1819008424489,-518.6288742308615,803.6845033696388,-0.42381067255691524,-1.1075782082027645,-0.9677444821177017,-763.8375807366565,-476.92136811496425,283.2747465969603,1.0531422976986244,0.2197797225407516,4.1630184876256315,-715.3531887329432,-274.3507934213907,239.82418058427717,-0.18780795667296304,-0.01819064970763716,-0.21296527370698393,-640.1720761700127,-377.34638547050577,452.9979141659749,-0.4474103289502973,1.2828692954801546,0.048056891127603765,-275.16429543418764,-569.596565606474,298.1363252132157,0.7858620527699898,1.4355434979194057,0.8692380287835907,-289.4896948417113,-347.14150210433826,221.10586641771675,-0.41007831309205023,0.23798328285717266,-0.2994655665639759,-353.8341106498023,-412.1737813183211,439.18033391809496,-0.35934375984487066,-0.024032783830271763,-0.2151174379863711,-485.88508611254616,-381.86073411108873,125.15922140009046
228,0,-0.20628961068150653,2.730377142550061e-05,-0.08711864275219126,-513.5144946329,-371.9333746424125,459.7732387981107,-0.5461379877368537,0.018505966472467387,0.3935613432316418,-505.101065756306,-518.9254255588402,803.7204094967301,-0.4321946991538207,-1.110105110032597,-0.9800670944970477,-762.0167744162192,-475.47542149332736,282.69960488513607,1.051228351752645,0.2097888744304359,4.149512303766063,-710.2842521157423,-273.68004993292726,238.52669042576156,-0.18734192986219766,-0.017713296052038717,-0.21526889711803626,-639.4857796254358,-377.0605227654152,453.09421184601234,-0.4441163039987313,1.2840307173238126,0.045841755499601435,-275.1068628831014,-570.4189856163536,298.04624286289527,0.7878516730140631,1.434597534160365,0.870097868288445,-288.66547697902126,-347.76830071804613,221.46813802427,-0.4089092653909265,0.2390476697750772,-0.3042531019035675,-353.2858666845325,-412.77996551118565,439.1610737518346,-0.35898805060221456,-0.023102305626327785,-0.21776025676059743,-485.36349440710677,-381.9191592110717,125.18435297458741
229,0,-0.20636099727935153,0.00032524551832481503,-0.0903436497993228,-512.7742837730746,-372.0410611488523,459.8071127883009,-0.5453497939525332,0.01951161184953685,0.3870207175810997,-505.03492525400424,-519.183309367594,803.7489511059132,-0.44041011007636893,-1.1124343644286598,-0.9914325510576183,-760.3051713712537,-474.1164618692638,282.1275128248987,1.0517815765653569,0.20099843715579582,4.136412564338339,-705.5225312028258,-273.105941170885,237.03165044957447,-0.18695048306233059,-0.01728540689139319,-0.21783879495912906,-638.7820676066594,-376.74727394173544,453.1703265588786,-0.44077755937975704,1.2851829353382476,0.04334793586237851,-275.06869061759744,-571.316655184487,297.9727032181834,0.7892437834782927,1.4332915877273265,0.8708813680126276,-287.8000776401655,-348.4762993835014,221.8163154501425,-0.40773652866277343,0.2401698754366849,-0.3093487801023101,-352.7364769421998,-413.42529376873443,439.1340395491631,-0.358695072410908,-0.022195111441377688,-0.22064907669675513,-484.8028395012036,-382.002744476541,125.20056593745923
230,0,-0.20632350904187152,0.0006642343028327832,-0.09383561970504727,-512.0218711775377,-372.1499330804763,459.82805853894973,-0.5445080611800651,0.02054543003587953,0.3804327691624815,-504.98169300133947,-519.4016517579748,803.7702068324437,-0.4484533795746613,-1.1146247542626881,-1.0018196710908964,-758.705960054587,-472.85063816440476,281.55985796933754,1.0547333992427148,0.19351124366186287,4.123660647842232,-701.0705665343811,-272.6323875763135,235.3348341624256,-0.1866308464843862,-0.016904522516460335,-0.22066103327240189,-638.0633158557388,-376.40830525792376,453.2264222679762,-0.4374026312656893,1.2863270798095898,0.04058823653835248,-275.0501445082846,-572.2848745837819,297.9146637674162,0.7900115260492279,1.4316083540876858,0.8715883009042019,-286.8959798105276,-349.2621788898585,222.14950011038508,-0.40655013533221357,0.24133559534307744,-0.3147171077054405,-352.1878652654224,-414.10688094169325,439.09911409785946,-0.3584637061160407,-0.021312073362608687,-0.2237734205882509,-484.2060409951891,-382.11018072017566,125.2078690233679
231,0,-0.2061679812182008,0.0010501736152699456,-0.09758677451504823,-511.2602408096664,-372.25926646864053,459.8361538321446,-0.543637161269208,0.021608024979418373,0.37383541717053276,-504.939733526527,-519.5800939606028,803.7841832996925,-0.4563209880116285,-1.1167323168608252,-1.0112194682749072,-757.2209468678737,-471.6810815217435,280.9976020570832,1.060019569993378,0.18745871224068225,4.111167313504331,-696.9292741428272,-272.26140481048753,233.43176463230435,-0.18638048729663625,-0.016568419545245055,-0.22371940657014405,-637.3320806225327,-376.04551798289594,453.2626483099916,-0.4340011809604744,1.2874636980113814,0.037577673290334644,-275.0514732147249,-573.3182967480811,297.87113972840615,0.7901451315383359,1.4295404662835847,0.8722176325468182,-285.9564483592894,-350.122173056259,222.46681204139196,-0.40533915123808173,0.24252739033336057,-0.32031860412479934,-351.6418823984242,-414.82153509108946,439.05632106089587,-0.35829325298002207,-0.02045417115440109,-0.22712072807660097,-483.5763426257587,-382.2403098373077,125.2062385781985
232,0,-0.205887683062664,0.001487585430019521,-0.10158776145528002,-510.4925024645056,-372.36838241375295,459.8314591786475,-0.5427633807856929,0.022699294519622337,0.3672676162041235,-504.9075961009733,-519.7187755350774,803.7908529480667,-0.46400946521291103,-1.1188084440341546,-1.0196348154759962,-755.8505308782303,-470.6081153182876,280.44132774677047,1.067576399900233,0.18299390038685304,4.098820325943755,-693.0979860158424,-271.9931944144635,231.3182699927153,-0.18619703230512175,-0.016275053383239244,-0.2269956993141817,-636.5910656447717,-375.66102443512904,453.2791747172554,-0.43058385127399335,1.288592883705474,0.034333008828976316,-275.07281121809166,-574.4110201809541,297.8412180286067,0.7896544686067347,1.427092395288587,0.8727666960048648,-284.9855999723717,-351.052146917629,222.76726925522865,-0.4040919491111252,0.24372519794804254,-0.3261104398306035,-351.1002801903119,-415.5657850489586,439.005830000261,-0.3581832954264565,-0.019622442252817243,-0.23067643020300713,-482.91728067645084,-382.39209487090125,125.19563959955704
233,0,-0.20547858311337167,0.0019794567020190133,-0.10582732856260635,-509.7218469500959,-372.47666252910324,459.8140497425106,-0.5419141344087987,0.023818429226550624,0.3607682623744063,-504.88404030244925,-519.8183082785853,803.7901940406554,-0.4715155031139003,-1.1208982692439189,-1.027079995150619,-754.593708699537,-469.62952357739556,279.8913055731564,1.077336790065627,0.18028356346611266,4.0864922747236125,-689.5744744348109,-271.8262739586643,228.99106057722662,-0.18607816497416912,-0.01602249279471405,-0.2304699577621117,-635.8430907106003,-375.25712257487965,453.27622997028345,-0.42716219671442224,1.2897144371443798,0.030872315243045054,-275.11418499768473,-575.5566915480736,297.8240677727506,0.7885712707333568,1.4242821735555864,0.8732302722335474,-283.98845907067323,-352.04767658128674,223.0496594466567,-0.40279654795065684,0.24490697345459783,-0.3320472224096709,-350.56469596319994,-416.33591230400697,438.94795797914736,-0.3581335371344338,-0.018817938822477124,-0.23442403581177804,-482.23264960473404,-382.5645827952559,125.176050178846
234,0,-0.20493957378186894,0.0025271082972161954,-0.11029198373311161,-508.95150352851476,-372.58356165625014,459.7840494085126,-0.5411171238528233,0.0249639336308195,0.35437514999692193,-504.868053382372,-519.8797430159152,803.7822304883892,-0.4788360988801712,-1.123039391440497,-1.0335801130881432,-753.4481114169179,-468.7408668865886,279.34757633538084,1.0892261988058158,0.17949964530493595,4.074048364632898,-686.3549664502693,-271.75763917638625,226.4483033282143,-0.18602150206254267,-0.015808851412922435,-0.23412076466215484,-635.0910623756369,-374.8362694079836,453.2541391059278,-0.42374868892433476,1.2908280470560265,0.027214583348644697,-275.1755220250543,-576.7486146224797,297.8189463997542,0.7869509158366795,1.4211428620962525,0.8735996268486128,-282.9709955400352,-353.1041266839291,223.31241023272412,-0.40144101024159895,0.24604944280671112,-0.33808191274437316,-350.03664732763104,-417.1279872673966,438.8831673104736,-0.3581436308029566,-0.018041692895035287,-0.23834523083915765,-481.52646516194693,-382.7568620190198,125.14748791496916
235,0,-0.2042726338914863,0.0031300966636741206,-0.11496566630382873,-508.18470069867567,-372.6886174510668,459.74166493325237,-0.5403994791436062,0.02613366607129669,0.348124019877045,-504.8588598114503,-519.9045315481089,803.7670692507741,-0.48596868861179704,-1.1252609684914987,-1.039170360074813,-752.4100740951071,-467.93583453421985,278.8100435577093,1.1031586922630945,0.180810615615482,4.061353974521254,-683.4341557995874,-271.7829499491665,223.6901691266792,-0.18602445570342283,-0.015632220517030306,-0.23792551079960356,-634.3379471849091,-374.40105351986506,453.21336019908915,-0.42035678792748987,1.2919334838162095,0.023379392563146122,-275.2566620514818,-577.9798621057747,297.8252007751906,0.7848736299472197,1.4177236784706684,0.8738615644106688,-281.94013992860806,-354.2167213719464,223.5534649469165,-0.4000138839310519,0.247128940770631,-0.34416683959610084,-349.51753689370486,-417.9379096867888,438.81205918972574,-0.3582130019299827,-0.017294690025428137,-0.24241999158506536,-480.8029253555497,-382.9680167593728,125.1100367920922
236,0,-0.2034829070780749,0.0037861591835625804,-0.11982946149525825,-507.4246311801784,-372.79145661677444,459.68721819778875,-0.5397869180139375,0.027324892294272186,0.3420477277662066,-504.85592358079055,-519.894486007792,803.7449333007529,-0.49291123572962803,-1.1275831969322205,-1.043895117607008,-751.4747369383678,-467.20662147772316,278.2785704348211,1.1190332237040104,0.18437303420421808,4.048281801824047,-680.8052200335791,-271.89673177880314,220.71932963618545,-0.1860840872422541,-0.015490606702560979,-0.24186065885376104,-633.5867475679999,-373.95416715087,453.1545173990201,-0.41700106120555613,1.2930307911527772,0.019386648938064605,-275.35736995844263,-579.2433868000857,297.8422625699256,0.7824449867352132,1.4140907026581557,0.8739975696576368,-280.90377169189117,-355.3806049039081,223.7701716382668,-0.3985046721149707,0.2481222995615184,-0.3502547686384086,-349.00866552985127,-418.76145253033087,438.7353631843015,-0.3583406766624575,-0.016577851436846758,-0.2466267127147945,-480.0663697087363,-383.197080488559,125.06387302543175
237,0,-0.20257867492032328,0.004491213981732529,-0.12486138696949961,-506.67442173956067,-372.8917977301453,459.6211747492399,-0.5393029559571405,0.02853434743033917,0.3361755525016496,-504.85894400486313,-519.8517376988725,803.7161884540986,-0.49966224552531174,-1.130017178798331,-1.047806915777491,-750.6361757048863,-466.54431883468703,277.7530757040799,1.1367302872070282,0.1903236763785225,4.034718424830053,-678.4598505013939,-272.0925844545946,217.54138208219865,-0.18619695957088603,-0.015381877306221708,-0.24590199643736432,-632.8404804418255,-373.4983783256503,453.0784289140232,-0.4136973268077878,1.2941204625007574,0.015256394112048316,-275.47734923518055,-580.5321286409225,297.8696374415528,0.7797955792306178,1.410327079984888,0.8739831103694142,-279.87067614851685,-356.59088832744004,223.9591932831114,-0.3969043113861029,0.24900774772181983,-0.3562999729770328,-348.51125218453143,-419.59430820348575,438.6539228397704,-0.35852512131333486,-0.01589202419138037,-0.2509423500484609,-479.3212373948674,-383.4429906076755,125.0092884616477
238,0,-0.20157120660697195,0.005239423771161626,-0.13003627804002835,-505.93710832893913,-372.9894507764954,459.54416705851287,-0.5389681949199804,0.029758301114934726,0.33053265824746486,-504.86784590187466,-519.7786971976208,803.6813627234926,-0.5062206869693878,-1.1325651602185718,-1.0509652615204583,-749.8875576295359,-465.9393068009308,277.2336231275323,1.1561090903857238,0.19877250505932764,4.020570127800018,-676.3883021926478,-272.3633899519476,214.165182996254,-0.18635899498314018,-0.01530371570192348,-0.25002487645255517,-632.102158478899,-373.0365036306451,452.9861285968196,-0.41046279307978134,1.2952035878395514,0.011008684488002005,-275.61625496884443,-581.8391142412814,297.9068877768972,0.7770797494678904,1.406532644492529,0.8737871776762374,-278.8504661429584,-357.8426791922489,224.1164472579071,-0.3952056396549118,0.24976577661852192,-0.36225924837621254,-348.02645791845276,-420.43213565707373,438.56867796319466,-0.35876410054739544,-0.015237978433614451,-0.25534257732853693,-478.5720249469661,-383.70454637114875,124.94671026328217
239,0,-0.20047447219103579,0.006023330882462012,-0.1353257941278747,-505.2156168847676,-373.0843136794739,459.45701122206884,-0.5387997135801461,0.03099262119162519,0.3251397223990091,-504.8827651050467,-519.6780170940051,803.6411572508848,-0.5125858137259317,-1.1352211103882965,-1.0534353629054072,-749.2213179537355,-465.3816392548986,276.7204997047128,1.1770053851570934,0.20979672475638694,4.005767849420631,-674.5794693131396,-272.70151221592636,210.60307519982297,-0.1865653456459833,-0.015253587899547097,-0.25420444363450545,-631.3747739810094,-372.571382272703,452.8788800890433,-0.40731616545993643,1.2962819576386622,0.006663537958401873,-275.77370510825466,-583.157545858968,297.95360908317593,0.7744732771774742,1.4028228918238965,0.8733721358321364,-277.8534650565247,-359.1310918993712,224.23708182439822,-0.3934038350153001,0.250379933470906,-0.36809281942073696,-347.55541174749175,-421.27060688176175,438.48064438261076,-0.35905456049982865,-0.014616410282151705,-0.25980195533156064,-477.82324434885896,-383.9803718843149,124.87671580734046
240,0,-0.19930471430606495,0.006834066800742719,-0.14069856346648976,-504.512750024785,-373.1763662727249,459.3607161888461,-0.5388105770371621,0.03223283233499186,0.32001273710165384,-504.9040302843934,-519.5525582951541,803.596448294067,-0.5187568873738174,-1.1379715946434887,-1.0552867800877264,-748.6293512797326,-464.8614098396839,276.21427837304276,1.1992300827266695,0.22343610067774408,3.990271135235836,-673.0209909429418,-273.0989824667908,206.87099603534742,-0.1868102836039925,-0.015228721275464832,-0.2584158461216821,-630.6612853243209,-372.1058520429388,452.7581828269763,-0.40427769008511755,1.2973581121852076,0.0022409448556157453,-275.9492887050228,-584.480877053063,298.00940052202145,0.7721699511027696,1.3993272381159012,0.8726939446864018,-276.89054876868806,-360.45123702751783,224.31549675020548,-0.39149680787752167,0.25083750502288765,-0.3737650922695521,-347.0992361439412,-422.10545143845576,438.3908921007472,-0.3593925421689469,-0.014027948649334706,-0.2642941110675864,-477.0793823883413,-384.2688857442993,124.80004198126784
241,0,-0.19807988367853063,0.007661634283086206,-0.14612047490181318,-503.83117973489937,-373.2656622932246,459.2564849863651,-0.5390094785945312,0.033474166752579367,0.3151629859633183,-504.93214204238325,-519.4053603339547,803.5482801847722,-0.5247328162158159,-1.140796883779393,-1.0565920359847822,-748.1032114443378,-464.36909006564844,275.7158617962159,1.222568758719259,0.23968967328129362,3.974070999120854,-671.6993892809346,-273.5476650154373,202.98845894448584,-0.18708711681421739,-0.015226095787268171,-0.2626344303724887,-629.9646059844425,-371.6427277602741,452.6257695652051,-0.4013691054098379,1.298435326482114,-0.002239060214296838,-276.14256984281275,-585.8028726873383,298.0738305263791,0.7703769764207816,1.3961865116166658,0.8717028050668472,-275.97294541271975,-361.7981887994953,224.34541425539055,-0.38948552888094107,0.25113006360319473,-0.3792452228601838,-346.65907049275916,-422.932497954663,438.3005227581923,-0.3597731292493607,-0.013473164195698868,-0.2687919244452049,-476.34486218172145,-384.56827860629915,124.71758834789621
242,0,-0.19681895655323767,0.008495253577590801,-0.15155511448930115,-503.17344592170826,-373.352320064709,459.14570783675424,-0.539400521152588,0.03471160482644053,0.3105971888394531,-504.9677501985572,-519.2396156683639,803.497849613429,-0.5305117323339015,-1.1436722353395994,-1.057425220210533,-747.634313489395,-463.8958309666099,275.2265049039698,1.2467821287894227,0.25851394702616953,3.95719162500555,-670.6002409365796,-274.0394001693027,198.9784048434358,-0.1873881370518412,-0.015242447731007193,-0.2668359173399275,-629.2875961797415,-371.1847826892375,452.48359541096454,-0.3986134774298137,1.2995175225398659,-0.00675626976206334,-276.35308603159933,-587.1176513441217,298.1463988769826,0.769309208681858,1.3935496381740022,0.8703442613516243,-275.1119932519715,-363.1669307463481,224.32000526731454,-0.387374275737961,0.25125385577980835,-0.3845074832303393,-346.2360913236608,-423.7477118287597,438.210647243418,-0.3601904330929622,-0.012952578685638878,-0.27326771974326486,-475.62400775556506,-384.8764996444956,124.63041394846125
243,0,-0.19554116632793736,0.009323756859354878,-0.15696433115127123,-502.54196041850537,-373.43651257891196,459.029947471849,-0.539983140610333,0.03593990432330728,0.30631779855537333,-505.01163010265367,-519.0586475673248,803.4464819992955,-0.536090537626556,-1.1465692812071313,-1.0578606190638538,-747.214131549721,-463.4337210454967,274.7478150837742,1.271607545611351,0.2798225860867199,3.9396908654902765,-669.7083796188275,-274.5661224682915,194.866924251879,-0.18770460467892283,-0.015274286009874597,-0.27099655782252186,-628.6330571659543,-370.7347333234816,452.3338186608012,-0.3960349013563351,1.300609102253789,-0.011290124715455973,-276.58033997490446,-588.4197086577443,298.22649700602295,0.7691822478458422,1.3915695013958242,0.8685607778743943,-274.31885868880346,-364.5522805927744,224.2320744929676,-0.38517078421139384,0.2512100220035365,-0.3895314209616029,-345.8315286280021,-424.547228664875,438.1223641826938,-0.3606376157234656,-0.012466673144217393,-0.2776934596627089,-474.9210124905615,-385.1912525507914,124.53972779571953
244,0,-0.19426519499599848,0.01013600796785532,-0.1623089021001215,-501.9390157113502,-373.51845767477613,458.9109173409009,-0.5407521685724948,0.03715361782118553,0.3023234259188966,-505.06465871730995,-518.8658908891939,803.3956010463106,-0.5414644561418014,-1.1494574576869407,-1.0579714032450143,-746.8343869787535,-462.97599462483316,274.2817301959412,1.2967615340107357,0.3034876117203896,3.921659518739947,-669.0081265001096,-275.1199540941917,190.68285568395808,-0.18802677430896597,-0.015317920947885947,-0.27509326510789045,-628.00372816444,-370.295227802305,452.17877398616645,-0.39365806157799094,1.301714695902295,-0.015819496290999137,-276.82378383287437,-589.7039205903734,298.3133686228285,0.7702044743795871,1.3903979836430738,0.8662937870460127,-273.6042182618812,-365.9487964074609,224.07430606228118,-0.3828862924111103,0.2510046431071608,-0.39430181693889255,-345.4466779585636,-425.3273831856,438.03673993506067,-0.3611069498931355,-0.012015893437212204,-0.2820409406614546,-474.23991209358337,-385.5100013896734,124.44687336115702
245,0,-0.19300837863915268,0.010921319978866218,-0.16754925853376712,-501.366797373282,-373.59840896557967,458.7904537079272,-0.5416980266311867,0.0383470992682618,0.29860936417355216,-505.12779110043437,-518.664874876602,803.3466928476191,-0.5466266342097482,-1.15230541762178,-1.0578284039020716,-746.4872217080773,-462.5171862781639,273.8304757120888,1.3219433410143748,0.32934206343497247,3.903219391608355,-668.483542570372,-275.69327478729247,186.4572702947572,-0.18834396435984704,-0.015369505786834893,-0.27910372313478216,-627.4022858121111,-369.86883808155113,452.02093872620185,-0.39150765062716364,1.3028388244732214,-0.02032244291661571,-277.08279541551997,-590.9655262359796,298.4060730126254,0.7725681618330795,1.390180225335337,0.8634861871143623,-272.9779104185136,-367.3506670928006,223.8395694229672,-0.3805354731064956,0.25064861616698647,-0.3988084547134345,-345.0829082832348,-426.08473353585526,437.954790613414,-0.36158991321487954,-0.011600652213483413,-0.28628198945186417,-473.58456257465934,-385.829986315959,124.35330757112823
246,0,-0.19178598189395354,0.011669842897625514,-0.17264622833321916,-500.8273990311815,-373.67664807492844,458.67048282344865,-0.5428070398522926,0.0395145019440898,0.2951681812100881,-505.2020378081221,-518.4592070078833,803.3012660811687,-0.5515678306771623,-1.1550823678785567,-1.057499006335763,-746.1653526694508,-462.0532287952105,273.39650316433006,1.3468394334797973,0.35718405352547133,3.884520187624444,-668.1186955156704,-276.27877093163005,182.22285709640556,-0.18864467230325277,-0.015425091019080326,-0.2830064685804549,-626.831345893359,-369.45805581297026,451.8628932193191,-0.3896076550475681,1.3039854785997376,-0.024775958950303892,-277.3566461358872,-592.2000903066913,298.50345353590126,0.7764398555631321,1.391048177466813,0.8600852463647517,-272.4485647765712,-368.7515912752489,223.52128276996777,-0.37813625481693613,0.2501573679786761,-0.4030457209378364,-344.74166572688415,-426.81608100488654,437.8774665589178,-0.3620773116080403,-0.011221326530221174,-0.2903886615425846,-472.9586234808302,-386.14824886847134,124.26057499320612
247,0,-0.1906105889540245,0.012372897799863542,-0.1775617555323625,-500.32283865444236,-373.75347861932835,458.5529844311656,-0.5440618533221924,0.04064977132522992,0.29199034715929234,-505.288443640383,-518.2525569417942,803.2608099418121,-0.5562762365781746,-1.1577592792096174,-1.0570461884135658,-745.8622040874579,-461.58149411952314,272.98241277222553,1.3711288321690895,0.38678210624980464,3.865735293533424,-667.8979321846676,-276.8694675773817,178.0132271274671,-0.18891673601103212,-0.01548069153275893,-0.28678094591085784,-626.2934669648388,-369.0652917031106,451.7072762481822,-0.3879805210917248,1.3051576220410894,-0.029155732080376588,-277.6444609992903,-593.4034460100079,298.6041139360641,0.7819502639308105,1.3931135653376756,0.8560458490461821,-272.023218434334,-370.1446495531159,223.11382864033675,-0.37570953806093865,0.24955041918435397,-0.40701206085801866,-344.4244734060727,-427.51848526152946,437.8056396184537,-0.3625594258727906,-0.010878250899696407,-0.29433344320969806,-472.3655463955984,-386.4616662737393,124.1702780216948
248,0,-0.18949164643460864,0.013023240237192587,-0.18225956381583477,-499.8550750011473,-373.82922222224863,458.4399528746238,-0.5454419330511825,0.041746637293410375,0.2890648661361419,-505.3880680642621,-518.0486396517954,803.2267514950519,-0.5607374570137743,-1.1603099193006576,-1.0565277266890805,-745.5720155393288,-461.1007788029325,272.5908636988806,1.3944891322755222,0.4178816228191299,3.847056577032371,-667.8061467012382,-277.4587479987415,173.86215868108667,-0.18914753994928277,-0.015532366140092365,-0.29040753553840365,-625.7911553237108,-368.69287793558976,451.5567367944655,-0.3866462167056088,1.306356632474125,-0.033435924603546975,-277.945171372241,-594.5716195745224,298.7064050277062,0.7891839646126516,1.3964604288174098,0.8513339974558914,-271.7069305831676,-371.522175835494,222.61301353444068,-0.3732788175205688,0.2488508158610209,-0.41070931612042094,-344.13292756238224,-428.1892752293429,437.7400935127643,-0.3630261743861768,-0.010571705928954749,-0.2980894582415977,-471.8085684640146,-386.7669939245922,124.08404397106247
249,0,-0.18843518001309437,0.013615242609448052,-0.1867057402149591,-499.4260231322747,-373.9042166659264,458.33335704832353,-0.5469241312525178,0.042798610637298944,0.28637988357244715,-505.5019675694751,-517.8511969558028,803.200414126977,-0.564934678128754,-1.162711665498998,-1.0559955873087814,-745.2899248159479,-460.6112376046552,272.2244759635323,1.4166030294693905,0.4502122450271081,3.828688351283363,-667.8290338341751,-278.0403658762539,169.80280894029593,-0.18932426309487743,-0.015576308447545768,-0.2938675564910023,-625.3268706131064,-368.3430730637415,451.4138834077612,-0.3856212091916363,1.3075816965278355,-0.03758899134183148,-278.25746175134253,-595.7007382351393,298.80842417365596,0.7981692823531974,1.4011374534014163,0.8459304650714187,-271.502408167053,-372.8756341571045,222.0165606732673,-0.37086972356720505,0.24808444811895244,-0.41414197450704593,-343.8686901591625,-428.82605573426474,437.68151753003804,-0.3634672848395313,-0.010301903156618858,-0.3016306804396707,-471.2907104603004,-387.0609149368392,124.0034900665742
250,0,-0.18744369431237026,0.0141449913835531,-0.19086922353098665,-499.03756798566366,-373.97881608936245,458.2351004183852,-0.5484832958844654,0.043798988818572235,0.2839232443917969,-505.63118014011405,-517.6639767978971,803.1829787116343,-0.5688490295029636,-1.1649460637415658,-1.0554955117214584,-745.0120257124674,-460.11427079322,271.88572858100395,1.43716514813637,0.48349580217571264,3.81084070835316,-667.9533173157106,-278.60845527391575,165.86691996942346,-0.18943416335376928,-0.015608947267858424,-0.29714324624226274,-624.9030312249113,-368.01806862929516,451.28123258893396,-0.3849173808499002,1.308829179530795,-0.04158554494945878,-278.57971223380105,-596.7869240361063,298.9080296620214,0.8088687428329944,1.4071503537055274,0.8398344777500498,-271.4096565558524,-374.19550787262887,221.32462235926425,-0.3685094977240133,0.24727927702144908,-0.41731636259540433,-343.63347804896205,-429.42671004803054,437.63050373103164,-0.36387246855194905,-0.010068967139590063,-0.30493215246033384,-470.8147786917896,-387.3400954355618,123.9301873850804
251,0,-0.1865162546923762,0.01461030021264059,-0.19472218898700827,-498.6915750945615,-374.05339293976886,458.14698232426394,-0.5500929051481563,0.04474087551418093,0.2816829818559589,-505.7767119641151,-517.4907098219668,803.1754490213676,-0.5724601384203098,-1.1669991157018684,-1.0550667997958383,-744.7354017846693,-459.61237240340597,271.57685886310855,1.4558889537412478,0.5174544293874077,3.7937224704576273,-668.1669433188146,-279.1575431971039,162.0840488099609,-0.18946489097642824,-0.015627053921777986,-0.30021772177226097,-624.5220185700159,-367.7199966509105,451.1611576649814,-0.3845409079048161,1.3100919933358819,-0.04539427802738487,-278.9099388593308,-597.8261763318732,299.0028716649331,0.8211705474153537,1.41445461352346,0.833067284472638,-271.4256701029466,-375.47120849579125,220.5402959367671,-0.36622641680545875,0.24646449207561058,-0.4202398125852189,-343.4290487672156,-429.98939843177595,437.5875478051906,-0.3642315919380263,-0.00987291631019746,-0.3079702112810967,-470.3833698476467,-387.6012439894769,123.86562484348848
252,0,-0.1856487405418483,0.015010644153935524,-0.19824032606752828,-498.3898976526954,-374.1283412027227,458.0706617556383,-0.551725709119278,0.045617217613467445,0.2796477219140299,-505.9395264509142,-517.3350829854594,803.1786227642758,-0.575746858863784,-1.16886129570564,-1.0547422854393989,-744.4581376929792,-459.10894811594903,271.2997678385394,1.472513523934319,0.5518183677326955,3.7775340473064785,-668.4592302363706,-279.6825686401071,158.4808522744739,-0.18940482111824036,-0.015627852875636294,-0.3030749276688672,-624.1861792557783,-367.45093706194064,451.0558396768552,-0.3844911309285763,1.3113589876351721,-0.04898195014331096,-279.24573441459114,-598.8142463577061,299.09044089727615,0.8348815423604269,1.422948921033242,0.8256754667794951,-271.54417798954455,-376.6910116093381,219.6701251275911,-0.3640491801436811,0.24566962181067545,-0.42291983369157726,-343.25718298146165,-430.5125527645021,437.55305366721944,-0.3645348408777457,-0.00971364450975447,-0.31072272027433095,-469.9988777691838,-387.8411734113267,123.81117435440618
253,0,-0.1848342522612077,0.015347023324855796,-0.201403010718579,-498.1343792747941,-374.20408029273074,458.00762475978775,-0.5533543625336649,0.04642086227095169,0.2778069930827757,-506.12053558494887,-517.2007101860593,803.1930694455256,-0.5786881453274807,-1.1705273192920085,-1.054548492083022,-744.179310004962,-458.60811252722345,271.05593638653795,1.4868099540643422,0.5863329318061545,3.762460511742126,-668.8209673568977,-280.178910669343,155.08045670053642,-0.1892433935381874,-0.01560913129165208,-0.30569957886509214,-623.8978242481287,-367.2129241578201,450.9672218008595,-0.3847594474717216,1.3126143911399932,-0.05231344595212627,-279.58421264042346,-599.7465077142293,299.1681353954752,0.8497221706118545,1.4324696615918822,0.8177338275511666,-271.7554608580454,-377.8420271778616,218.72456666948554,-0.362006273427835,0.24492361964487006,-0.4253633168172112,-343.1196636386594,-430.9948673377448,437.52734181893453,-0.3647728748297669,-0.009590905232597823,-0.3131693073519575,-469.6635010530742,-388.05686298968845,123.76805826507282
254,0,-0.18406364830585786,0.015621766560837554,-0.2041933764591964,-497.9268519754494,-374.28105889077347,457.9591565541765,-0.5549520346217237,0.047144635375198134,0.2761514371270248,-506.32059360432277,-517.0911001062268,803.2191160216194,-0.5812640295527698,-1.171995702976424,-1.0545059475692529,-743.8989593592449,-458.1144762962967,270.8463560575726,1.4985871820435614,0.6207641795322568,3.748665209545932,-669.2444571372962,-280.64242631652036,151.90194109294669,-0.18897144579323058,-0.015569342384014867,-0.3080771068422416,-623.6592242019818,-367.0079511329153,450.8969687689961,-0.3853282595476924,1.3138373289773948,-0.055351908162157085,-279.9219590532296,-600.6178270512379,299.2333450190408,0.865323891520932,1.4427868418619443,0.8093476955112557,-272.04625333477316,-378.9102111990168,217.71840086338727,-0.3601253210842677,0.2442539464671252,-0.4275757989686849,-343.01825191239203,-431.4352859281882,437.51066141078024,-0.36493696844889173,-0.009504300403629505,-0.3152916076642255,-469.37925040630034,-388.24551912781294,123.73732016313363
255,0,-0.18332618430241074,0.01583828708474076,-0.20659829179678343,-497.7691290816286,-374.3597579726944,457.9263192821046,-0.5564929835964407,0.04778144142177915,0.27467292096604584,-506.5404929570713,-517.0096217081631,803.25684105762,-0.5834566474337741,-1.1732681674304715,-1.0546296304804472,-743.6180458439386,-457.6329339016225,270.6714778292985,1.5076970329772543,0.6549029366521713,3.736284201138805,-669.7234985303857,-281.0694970631117,148.95995840985043,-0.18858152540909928,-0.015507697149469058,-0.31019361833316655,-623.4726003104297,-366.8379718410177,450.84643263779003,-0.3861700100878146,1.3150014422917036,-0.05805894649684827,-280.25499177504446,-601.4224395930222,299.283552386765,0.8812295312095033,1.4536018163710962,0.8006544825420182,-272.39974656288047,-379.8804249112062,216.6710639960977,-0.35843243722007934,0.24368567040070885,-0.42956081129924756,-342.95466015475466,-431.83298532512174,437.50320581819966,-0.3650191391551205,-0.009453275062124374,-0.31707350782419547,-469.14795474747984,-388.4046323537202,123.71980006359
256,0,-0.1826102232228961,0.016000803012590988,-0.20860825375797215,-497.66299299451464,-374.4406922854741,457.9099361550784,-0.5579530849193369,0.048324383303158254,0.27336455511687724,-506.7809624515411,-516.959468017701,803.3060778115744,-0.5852512549473716,-1.174348943444571,-1.0549295132851009,-743.3383893577657,-457.16846238831016,270.5311812652907,1.5140383040833767,0.6885669886508198,3.7254217921162667,-670.2533120076315,-281.45708078671197,146.26451399339254,-0.18806816644225507,-0.015424239175021016,-0.31203587466063454,-623.3401102355424,-366.7048990054144,450.8166260757861,-0.38724634378315526,1.316074636019627,-0.06039492141589341,-280.57873582480545,-602.153834349934,299.31644805992596,0.896896981453419,1.4645471698864918,0.791824338050138,-272.795703256566,-380.7365467479115,215.60688078204703,-0.3569515837654447,0.24324060339457593,-0.4313193317688451,-342.9305221958277,-432.1873555755544,437.5051314078521,-0.3650122595132425,-0.009437118829232552,-0.31850138680285706,-468.9712651761594,-388.5320287475186,123.71611487838526
257,0,-0.18190398375458172,0.016114035826627005,-0.21021720937635296,-497.61017791641484,-374.52440960036233,457.91058248753285,-0.5593103038725395,0.0487668990017432,0.2722206282928082,-507.0426674824064,-516.9436190010376,803.3664263554525,-0.5866371679073922,-1.175244042654831,-1.055411162440961,-743.0625965855056,-456.72594043626486,270.4247656392988,1.5175597360774025,0.721601426003462,3.716147347927649,-670.830410150943,-281.80276459038186,143.82091225319314,-0.18742811651892213,-0.015319897803021848,-0.31359129810485037,-623.2638289238263,-366.6105982378249,450.80820410098534,-0.38850742920014064,1.3170189810400028,-0.06231929930313289,-280.8880142090569,-602.804653870868,299.33005693504845,0.911706596292706,1.4751890750248553,0.783059759915588,-273.21069552692114,-381.4616409149969,214.55517605377116,-0.3557039440216141,0.2429364937344929,-0.4328493600435867,-342.9473614987445,-432.49797730772303,437.5165790204737,-0.36491015341862815,-0.009454974655241422,-0.3195643468627735,-468.85065609224336,-388.6259140143051,123.7266449159025
258,0,-0.18119629320499595,0.01618289983538925,-0.2114223186684111,-497.61234785928207,-374.6114872000675,457.92858387005793,-0.5605451043413062,0.04910291064440885,0.27123647117648597,-507.32621217748306,-516.9648044551086,803.4372744935935,-0.5876085620437953,-1.1759605538656197,-1.0560763524680374,-742.7939760183303,-456.309995336657,270.3509635019763,1.518261750039543,0.7538772906148161,3.7084935125357754,-671.4524206151139,-282.1048133065774,141.6298730325536,-0.1866605017927033,-0.015196515871016886,-0.31484800948590014,-623.2457243662674,-366.556877401684,450.8214549149844,-0.38989148078990443,1.3177907964901137,-0.06379107390506242,-281.1770588499238,-603.3666132386528,299.3228720492734,0.9249725419673613,1.4850323930132647,0.7745940462276786,-273.6184727968733,-382.03818488734754,213.55024696129107,-0.3547073201172936,0.24278629313556216,-0.4341456283537038,-343.0065578697923,-432.76459661094157,437.53769755104,-0.36470767500340934,-0.00950585513703489,-0.3202544264276109,-468.787422936835,-388.6849087081026,123.7515269757518
259,0,-0.18047731146335463,0.016212195177392454,-0.21222367399076636,-497.6710704668118,-374.7025252295137,457.9640214661587,-0.5616407871316376,0.049326979881630914,0.2704082647158432,-507.6321432666531,-517.0254679119461,803.5178268629065,-0.5881650775812355,-1.176506020576523,-1.0569236508669768,-742.5364421928116,-455.92488320929687,270.30797595134396,1.5161968682659486,0.7852888057902137,3.7024558714066806,-672.1178706753941,-282.3622088144214,139.6878085923946,-0.18576691934289283,-0.015056849440613383,-0.31579489878551886,-623.2876286404509,-366.54547107185465,450.8563001717438,-0.3913245209555208,1.318340936050376,-0.06476924667130106,-281.43954393613166,-603.8304427748743,299.2939913588266,0.935958236947828,1.493528715202539,0.7666885058516358,-273.99046348322287,-382.44835626604436,212.63117989327307,-0.35397556349016196,0.24279751652524578,-0.4351994578419955,-343.10931364023094,-432.98709809571284,437.5686688653603,-0.3644007689780432,-0.0095886666204788,-0.3205667857088072,-468.7826762515519,-388.708073461331,123.79065440927846
260,0,-0.17973919370946326,0.01620631616165686,-0.21262399156572184,-497.7877874266958,-374.7981367347981,458.0167441610365,-0.5625837526554899,0.04943446214661051,0.26973280959652346,-507.9609554146003,-517.1277326177019,803.6071412129859,-0.5883121849804811,-1.1768879456011634,-1.05794893450054,-742.2944100428671,-455.5744053180016,270.2935276472432,1.5114687806761293,0.8157495696122367,3.6979940238319826,-672.8259444221956,-282.5746764483948,137.98724226030996,-0.18475144943158267,-0.014904538302562546,-0.3164217282605764,-623.3912048840566,-366.57802009713424,450.9123047028065,-0.3927204227313644,1.318615297992534,-0.06521335618600019,-281.6686437302287,-604.185858659531,299.24325253985563,0.943895875482714,1.500087453028678,0.7596283868675159,-274.29640976756394,-382.6743772629543,211.84150014990394,-0.35351804833181527,0.24297171182084557,-0.4359987658583495,-343.25662046205065,-433.16547692479986,437.6097331538075,-0.36398651093442463,-0.009702241239160476,-0.32049985522195545,-468.8373320279353,-388.69492345855025,123.84368431180789
261,0,-0.1789766617757011,0.01616898571819041,-0.2126282911061052,-497.96378251546037,-374.89893440959224,458.08638703078185,-0.5633636844232985,0.04942165116702963,0.2692072739786771,-508.3130976797961,-517.273370689023,803.7041704941887,-0.5880612838339667,-1.1771134550779139,-1.0591458059712882,-742.0726800353675,-455.26186091888405,270.3049384863469,1.5042300618464362,0.8451881477467589,3.695033963128396,-673.5762249696783,-282.74269627849236,136.5173418379192,-0.1836205837820685,-0.014744047553152515,-0.3167192650778634,-623.5579111945129,-366.6560465616388,450.98869539878905,-0.393981271869261,1.3185555727829759,-0.06508404422372473,-281.85711623448566,-604.4215653620772,299.17136048726644,0.9480098622347296,1.5040899749082906,0.7537175276005357,-274.50512976342236,-382.69891255651027,211.2286470307907,-0.3533391990805902,0.2433040559789168,-0.4365282259331948,-343.4492280556995,-433.29981076685544,437.66121369010324,-0.3634631261008785,-0.009845376884808316,-0.3200554369402366,-468.952098645396,-388.6454317745681,123.91005178993018
262,0,-0.17818745737402553,0.016103025479186607,-0.212243578629056,-498.20014856651653,-375.0055142462698,458.1723953268337,-0.5639736515104419,0.04928590438535065,0.26882893628897075,-508.68898067145886,-517.4637765488333,803.8078090475427,-0.5874295232223753,-1.177189138310448,-1.0605058897926027,-741.8763147045913,-454.99003489756296,270.33920787874257,1.4946785862069862,0.8735435144638523,3.693471607709461,-674.3684348055336,-282.8674984968606,135.26453558721417,-0.18238307050335067,-0.01458058217867225,-0.31667943796620385,-623.7889627954819,-366.78092475605894,451.0843886074539,-0.39499808279557425,1.318100234336804,-0.0643436431355424,-281.9974133910652,-604.5252933354179,299.08000196206814,0.9475438010052812,1.5049066617793438,0.7492717842695521,-274.58539584903735,-382.50551343438036,210.8432724442276,-0.3534380845800133,0.2437830924180991,-0.43676957877573724,-343.6876163748318,-433.3902327483387,437.7235398452946,-0.36282998529129756,-0.010016884831386031,-0.319238747634338,-469.12746105653946,-388.5600215550885,123.98899099495645
263,0,-0.1773726548025884,0.016010169527242428,-0.2114785457422162,-498.4977548341763,-375.1184364459202,458.2740528880227,-0.5644101300666978,0.04902573994828189,0.2685949389210526,-509.0889838936831,-517.6999456695153,803.9169409045055,-0.5864393480825296,-1.1771210635261689,-1.0620190011611748,-741.710507398566,-454.76121663066914,270.3931067917634,1.4830527304568033,0.9007607608511762,3.693177281876221,-675.2021875491233,-282.9510433351032,134.2131761359161,-0.18104968113238726,-0.014419978325021607,-0.31629550985499594,-624.0852941015793,-366.9538490814384,451.19802504574295,-0.39565189632634845,1.317185772075649,-0.06295676609034498,-282.0818176388728,-604.4838747451515,298.97194178059726,0.9417904829943602,1.5019166117196985,0.7466113424057189,-274.5069120620527,-382.07909811686477,210.73836739033106,-0.35380809330790036,0.2443906235695176,-0.4367020893867836,-343.97197269360436,-433.4369065417461,437.7972671146217,-0.36208757740757386,-0.010215644387233682,-0.3180583939343695,-469.36366322581864,-388.4395473605113,124.07956232987547
264,0,-0.17653681621614772,0.0158909281253804,-0.21034329617851108,-498.8572163150616,-375.2382040805856,458.39051362606796,-0.5646729460243738,0.04864089676357742,0.26850206716993275,-509.51346271178284,-517.9824594902578,804.0304879808043,-0.5851177919287125,-1.1769149543702422,-1.0636731932998977,-741.5804445092924,-454.57724510344735,270.4632722550208,1.4696254934172384,0.9267874230297878,3.694000912804416,-676.0767637785932,-282.995986813032,133.346217677915,-0.17963290999707995,-0.014268576586854344,-0.31556225624114065,-624.4475225014764,-367.17580007525106,451.3280108558059,-0.39581527878981737,1.3157481510251505,-0.06089087823662163,-282.102603666224,-604.2833590432048,298.85109506494143,0.9301241164206842,1.4945295724145442,0.7460520754513119,-274.2413674597848,-381.40645507989984,210.9682276207203,-0.3544367058014061,0.24510177065077698,-0.4363031419984288,-344.3021750812563,-433.44000470845594,437.88309285487856,-0.36123745879168967,-0.010440663562726257,-0.31652626903251085,-469.66069009997045,-388.28526634348225,124.18068493363013
265,0,-0.17568797902556688,0.015744505805307174,-0.20884910742207005,-499.27886658501444,-375.3652401279128,458.52083451815474,-0.5647651432928834,0.048132350706906434,0.26854656567928137,-509.96275436055294,-518.3114771350338,804.1474558107577,-0.5834955512530079,-1.1765764989955092,-1.0654547014061544,-741.4911631021549,-454.43957433761983,270.5462989813998,1.4546977038819302,0.9515706928761506,3.695777690912528,-676.9909221643034,-283.00563421235967,132.64587399695475,-0.17814662011794075,-0.014133083868194906,-0.31447613739926844,-624.8759157487833,-367.44750993941653,451.47256310928367,-0.3953542323934088,1.3137244761661604,-0.05811682377177585,-282.05222312211606,-603.9091689851543,298.72257038536816,0.9120338365965046,1.482209523379173,0.7478961709065656,-273.7635364801199,-380.4767532455677,211.58727720618973,-0.35530538164965564,0.24588521060056218,-0.4355489609136905,-344.6777836167794,-433.39969129929216,437.9818664112263,-0.3602821808168923,-0.010691144288228732,-0.31465736211738293,-470.0182505404298,-388.09880029858994,124.29117324919469
266,0,-0.17483747234119537,0.015568776089554795,-0.2070082320334996,-499.76273562658236,-375.4998636166452,458.6640084179585,-0.5646927836805841,0.0475022822398604,0.2687240022759248,-510.4371824381514,-518.6867342571936,804.2669744504456,-0.581605890276431,-1.1761117537308494,-1.0673478112797266,-741.4474065593039,-454.34935260291763,270.63882322413906,1.4385905232420628,0.9750556746728622,3.69833393616695,-677.9427549871001,-282.983883509362,132.09422868503023,-0.1766056525855813,-0.014020430774551213,-0.31303545173763075,-625.370364805862,-367.7694290545861,451.6297578352425,-0.39413051446046476,1.311054824865141,-0.05460928223899405,-281.92350893791877,-603.3462963564502,298.5926791199568,0.8871573406848411,1.4644991740819966,0.7524222992640288,-273.05239188484495,-379.2820403130034,212.64877634950994,-0.3563895788564013,0.24670359727286564,-0.4344154414937562,-345.0980405124349,-433.3161095100569,438.0945923532247,-0.35922519820431154,-0.010966550127947113,-0.31246947401054115,-470.4357626701659,-387.8820899861456,124.40977622708505
267,0,-0.17399956723663287,0.015360312946230447,-0.2048337398411488,-500.3085339658678,-375.6422657310133,458.8189949844138,-0.5644646864204861,0.04675399338622036,0.26902918650601315,-510.93705938941844,-519.1075489983964,804.3883323122316,-0.5794834352275959,-1.175527596855087,-1.0693346881092534,-741.4534814835133,-454.30750865250957,270.73759491531547,1.4216374763044342,0.9971847572286151,3.701492922833158,-678.9295944350499,-282.9351610966249,131.6737740095223,-0.17502541743563949,-0.013937630976990944,-0.31124045780015697,-625.9303638387778,-368.14169499640434,451.7975785551915,-0.39200434731574557,1.307684197653505,-0.050347128098488625,-281.7098948174225,-602.5795353700877,298.4689070351329,0.8553133125321805,1.4410444967617835,0.7598756517422712,-272.0921911637918,-377.81770850971435,214.20344721878,-0.3576589227767619,0.24751417033463943,-0.43287907174563506,-345.56188004806864,-433.1893749226696,438.22242566243875,-0.35807076166194324,-0.011266673660777285,-0.30998283631126716,-470.9123430055769,-387.63734344424273,124.53521754103969
268,0,-0.17319097337589437,0.01511447694071301,-0.2023393987877827,-500.91564421011554,-375.7924868174263,458.98474812657116,-0.5640921165168572,0.04589177514161872,0.2694561475888827,-511.4626865760415,-519.5728347001775,804.5110009936152,-0.5771629239141156,-1.1748321852092642,-1.0713952053964866,-741.5131195977822,-454.31483828001853,270.83953536578656,1.4041762570226035,1.0178980904771264,3.705080437031315,-679.9479730768015,-282.86435197397594,131.36786074469796,-0.17342148356755416,-0.013891647771555077,-0.30909345384103754,-626.5549988174722,-368.56410554139563,451.97396336272374,-0.3888374809179203,1.3035645239180764,-0.045313671377478854,-281.4056444212543,-601.5937505365057,298.359844956476,0.8165311504469709,1.411618282036958,0.7704582175307242,-270.87349365007594,-376.08290585084126,216.2980584299349,-0.35907754005265974,0.24826955078179838,-0.4309179213390288,-346.06794886140636,-433.0195745786106,438.3666579323864,-0.3568237996835249,-0.011591699787550194,-0.30721963663120844,-471.4468005928767,-387.36698021817443,124.66623512246316
269,0,-0.1724302015535719,0.01482555208443007,-0.19953958931977311,-501.5831207843428,-375.95039530653423,459.16023856050595,-0.5635884322682725,0.04492072976612802,0.26999817386135727,-512.0143516557911,-520.0811186754667,804.6346496153718,-0.5746779784714475,-1.1740353675670487,-1.0735068155056744,-741.6293487012668,-454.3720847861209,270.9417791629007,1.3865405570005453,1.0371350885260828,3.7089298711947434,-680.9936387403746,-282.7767262172693,131.16104751728292,-0.17180918363796224,-0.013889271534094999,-0.3065988066134256,-627.2429458380092,-369.03609706688314,452.1568487668384,-0.3844965487559613,1.2986566468605918,-0.03949676400418362,-281.0060838624436,-600.3741747971316,298.2750764488094,0.7710763966227139,1.3761416007574354,0.7843197070908525,-269.3940633057115,-374.08087074492477,218.97401456694206,-0.36060456988283485,0.24891871666974003,-0.4285126713579282,-346.6146366988955,-432.8067718644014,438.52869395530297,-0.35548979569335415,-0.011942260351975447,-0.3042034589867181,-472.03763716684523,-387.0735735326733,124.80161835840423
270,0,-0.17173681752945855,0.014486927676367745,-0.19644924504823133,-502.3096983157405,-376.11566959460936,459.3444703534977,-0.5629687032738369,0.04384655566479433,0.2706479130625178,-512.5923231445643,-520.6305660618949,804.7591477473651,-0.5720599667962659,-1.1731490139688006,-1.0756445017550709,-741.8043769145241,-454.4800074172566,271.0417002239878,1.3690521583828057,1.0548368228979685,3.7128866936526537,-682.0616207672955,-282.67786300743705,131.0393444919686,-0.17020324761399358,-0.013937010245728394,-0.3037629246856039,-627.9924798646089,-369.55672960568927,452.344208796837,-0.3788566374062257,1.292932203141995,-0.03288876546449572,-280.5078304239961,-598.9067327925353,298.2250216437218,0.7194702035656452,1.334701987297997,0.8015495518556814,-267.65961138836815,-371.8191685888139,222.2660012687693,-0.3621948605198406,0.2494081467547112,-0.4256476545108975,-347.20011722608746,-432.5510169493101,438.7100184685106,-0.3540746678913245,-0.012319474854311483,-0.3009586556051394,-472.6830540950604,-386.7597924272619,124.94024142854983
271,0,-0.17113061713772887,0.014091318019881963,-0.19308381099820782,-503.0938087181512,-376.2877839100033,459.53649067457263,-0.5622493108583373,0.04267530528343792,0.27139753003036093,-513.1968422036879,-521.2190075596519,804.8845566243107,-0.5693370116372312,-1.1721872291095383,-1.0777808472140227,-742.0394944765552,-454.6394324745618,271.1369231475625,1.3520135230636714,1.0709491174560275,3.7168121679526367,-683.1463413861716,-282.5735729088322,130.99035223708623,-0.1686174762117842,-0.01404099389541333,-0.30059417555847134,-628.8014941095375,-370.1246796041594,452.53408821503547,-0.3718049743291758,1.286375308317805,-0.02548637123954143,-279.9090099803183,-597.1783832500105,298.2207377163811,0.6625011721960046,1.2875671376805913,0.8221704194767903,-265.68433422232346,-369.309810920809,226.20073850726544,-0.3637998531517058,0.24968311346821115,-0.4223118719240953,-347.8223979518595,-432.25236229368824,438.91215330064904,-0.35258465974014636,-0.012724971810264532,-0.29750967315874044,-473.3809665504103,-386.4283458225195,125.08109144995908
272,0,-0.17063075611525103,0.013631011769954822,-0.18945921000836605,-503.93360659838424,-376.46599911693426,459.7353923597368,-0.56144754297713,0.0414131283234691,0.27223891562575636,-513.8281118672132,-521.8439697202253,805.0111089891775,-0.5665331963266367,-1.1711664292124724,-1.0798862474949043,-742.3349972266518,-454.8512825987961,271.22532197823296,1.3357010967705494,1.0854261122502809,3.7205862345741862,-684.2417629930211,-282.4698185075314,131.0033020293158,-0.16706446305692957,-0.014206892453974912,-0.29710274946326826,-629.6675297560535,-370.7382411488605,452.7246290757865,-0.3632446280965968,1.2789839602896038,-0.01729031665195502,-279.209455491918,-595.1774736394376,298.27367799032226,0.6012279697766931,1.235192948966639,0.8461336746422936,-263.4912043540289,-366.5692407705996,230.79589445140277,-0.36536864840837524,0.24968910009965029,-0.4184999494600475,-348.4793777679085,-431.9108825299965,439.1366056726478,-0.3510262487747964,-0.013160885425740423,-0.2938803610428107,-474.1290249644391,-386.0819304487035,125.22329031630967
273,0,-0.17025487044375973,0.013098141806010067,-0.18559180773939093,-504.8270021637748,-376.64935927694967,459.94030931106226,-0.560581195230568,0.04006601348104853,0.2731639380459312,-514.4862840876986,-522.5027064127572,805.1391785083673,-0.5636680037443775,-1.170105274073838,-1.0819292844600115,-742.6901355649635,-455.1165807480454,271.3050092063882,1.3203595251080134,1.0982340319148403,3.7241095073038477,-685.3415598122978,-282.3726330269117,131.06900832402184,-0.16555537221125594,-0.014439846357301004,-0.29330047561410294,-630.5878152127932,-371.39533608329765,452.91409027432553,-0.35309811015693976,1.2707710797927088,-0.008304976568018043,-278.4108791461971,-592.8940995169809,298.3954132041779,0.5369712961050984,1.1782248212894058,0.8733171852182704,-261.11197879014577,-363.6181720418682,236.05920957963977,-0.36684924274747294,0.24937331032104107,-0.4142129944778456,-349.1689100823264,-431.52669781008586,439.3848089368957,-0.34940608029567594,-0.013629822659797695,-0.2900932905095706,-474.9246433720214,-385.72318455983657,125.36610933456457
274,0,-0.1700182241658203,0.012484965913419887,-0.18149836724217439,-505.77170038887607,-376.8366945990758,460.15040515605097,-0.5596681887541355,0.03863954191229681,0.27416472519195606,-515.1714451291862,-523.1922301610033,805.2692402507558,-0.5607560114470278,-1.1690244573915174,-1.0838772663927487,-743.1030920694109,-455.4364266236267,271.37431821835946,1.306196944170928,1.1093548808866445,3.727304376562528,-686.4393012075159,-282.2880361922964,131.17974734904337,-0.16409977562083564,-0.014744408106641354,-0.2892005988232304,-631.5593135994036,-372.0935330547873,453.1008601094933,-0.34131076716548336,1.2617651192028958,0.0014621119292248458,-277.51701119994516,-590.3204603733877,298.5973200690507,0.4712940271135479,1.117491307562027,0.9035258186665861,-258.586896025225,-360.48127602862496,241.98787532657917,-0.36818991307493387,0.24868623149225885,-0.4094593136830615,-349.88886907621696,-431.0999995321975,439.6580575393879,-0.34773093077543576,-0.014134796504469816,-0.28616911168562525,-475.7650338100877,-385.3546492945374,125.50897598368806
275,0,-0.1699329215724802,0.011784148170956976,-0.17719598490358954,-506.76524483229514,-377.02663117092186,460.36485597459085,-0.5587262146561311,0.037138664922180875,0.27523396448255194,-515.883599973018,-523.9093422109712,805.4018241927625,-0.5578068518837915,-1.1679463675755448,-1.0856969297190857,-743.570990008609,-455.8119447640371,271.43178248659433,1.2933814601854896,1.1187897984479385,3.7301152497721164,-687.5286342022218,-282.22194647799097,131.32907767924536,-0.16270555288601193,-0.015124493699660364,-0.28481752589834947,-632.5787767363705,-372.8300751444273,453.28346220831435,-0.3278538573904299,1.2520101882683363,0.012000770793112145,-276.5336992878647,-587.4512033009241,298.89024383220084,0.40596873861278127,1.0539894353543748,0.9364948910761364,-255.96404420864926,-357.1867143619943,248.56820345809865,-0.36934071838820137,0.2475832069718189,-0.4042549542695044,-350.63721627107213,-430.63107723441266,439.9574384260887,-0.346007703796124,-0.014679122609339573,-0.28212597266640227,-476.64724553962265,-384.97873930342126,125.65147238349648
276,0,-0.1700072193666412,0.010989030761715115,-0.17270200059198054,-507.8050642066487,-377.21760759041547,460.582828235432,-0.5577724135162199,0.03556751714303975,0.2763652046129204,-516.6226565214039,-524.6506604315665,805.5374640907031,-0.5548254329721685,-1.166894637275622,-1.0873552889131035,-744.0899337529079,-456.2442051809818,271.47611457022566,1.2820388759036723,1.1265618434128608,3.732507992416846,-688.6034546125887,-282.1800889862154,131.5116193602231,-0.16137885359357518,-0.015583343080048426,-0.2801665523098756,-633.6428035743184,-373.60191536953977,453.4605554127899,-0.31272721236446965,1.2415656675449886,0.023298707711619446,-275.4689628631933,-584.2837453942507,299.28414308607995,0.34293230910368594,0.9888613468353028,0.971896717993594,-253.29839592088422,-353.76552459255936,255.77561159954058,-0.3702550774034447,0.24602596740074384,-0.3986240335704025,-351.41206438542844,-430.1203453804388,440.283761460088,-0.34424345927381056,-0.015266278331232862,-0.27797902295087745,-477.56820756707674,-384.5977237792524,125.79332539618702
277,0,-0.17024497185102613,0.010093885971543964,-0.16803387594980512,-508.88851960886393,-377.4078983298649,460.80345335796807,-0.5568230972374029,0.03392927468606759,0.2775531424492079,-517.3884104668477,-525.4126444250717,805.6766443383567,-0.551812401714874,-1.1658936030239693,-1.0888206142991739,-744.6550806507611,-456.73411918295164,271.50618754235234,1.2722516635092784,1.1327180345549723,3.7344686628156567,-689.6580591466333,-282.1678985916435,131.72280796998086,-0.16012412055003164,-0.016123489480205536,-0.27526358032204884,-634.7479007663643,-374.4057590285683,453.63092841358633,-0.29596139373696106,1.2305053073598335,0.035342005322803835,-274.33299854063614,-580.81856558564,299.78772646116767,0.2842279270587511,0.9233623102236637,1.009350270917005,-250.65052038142002,-350.2508719636377,263.57493707047337,-0.37089137167290226,0.24398406703595366,-0.3925988267245484,-352.21173539830113,-429.56836876557395,440.63749165178734,-0.342445474820783,-0.015899725756254587,-0.27374002312552187,-478.52477276759777,-384.21371834659317,125.93438868756049
278,0,-0.17064523838394827,0.009094138495093284,-0.16320903614761595,-510.01295022386995,-377.5956433759747,461.0258005231918,-0.5558935190013017,0.032226065261525424,0.2787938777213149,-518.180531718392,-526.1916174905903,805.8197475895553,-0.5487648226368278,-1.1649676973341547,-1.0900635106266896,-745.2607424576919,-457.282314815451,271.52102083911257,1.2640591299746724,1.1373305356919552,3.736001658797614,-690.6872741235874,-282.19041860154493,131.95863923406864,-0.15894417071712483,-0.016746738207634063,-0.2701248400378347,-635.8905429697716,-375.238111593564,453.7934900436135,-0.2776192639118121,1.2189158416484842,0.04811552702461516,-273.13813344432754,-577.0594566835,300.4080920586744,0.2319355907524043,0.8588206520766843,1.048433765433385,-248.08500127349566,-346.6771884226843,271.92107570344757,-0.37121451539326344,0.24143616908651966,-0.38621958765611697,-353.0348098373575,-428.97588532618585,441.0186861120215,-0.34062133660980126,-0.01658270288280015,-0.2694170830109955,-479.5137618599853,-383.82868749756335,126.07461752108375
279,0,-0.17120207745795693,0.007986548934662167,-0.15824467199687078,-511.17571533114955,-377.7788834121954,461.24884949937956,-0.554997694847531,0.030458934103096382,0.28008511863914354,-518.9985532336511,-526.9837853324751,805.967005957679,-0.5456770339794046,-1.1641407951843084,-1.0910580615268788,-745.9005130381521,-457.8889980148326,271.51977179963467,1.2574586741454465,1.140496932405552,3.7371274129632486,-691.6865593698866,-282.2521959593421,132.21541863130795,-0.1578403293147036,-0.017454155907983347,-0.2647666243665037,-637.0672304630443,-376.0953306516336,453.9472562246694,-0.2577968974418698,1.20689518013168,0.061603192879245455,-271.89872522288044,-573.0137287860655,301.1503814617132,0.18809308850514717,0.7965907442737797,1.0886997975064252,-245.66860757035724,-343.0792272531193,280.75992501139024,-0.37119742686023327,0.2383711241218898,-0.3795340862327163,-353.88016457935277,-428.3438252361527,441.426938598912,-0.3387790560633407,-0.017317989638796133,-0.2650145495604714,-480.53200555020106,-383.44445650416696,126.21403749612212
280,0,-0.17190454603787303,0.006769350626615355,-0.15315750101075157,-512.374230579418,-377.95559955435243,461.47146531319606,-0.5541482773994646,0.028627866119257692,0.28142632323849476,-519.8418630234944,-527.7852516619612,806.118458486879,-0.5425416378369523,-1.1634355359934103,-1.0917829966188566,-746.5674179427641,-458.5538069854367,271.5017333990533,1.252407997907245,1.1423395956340447,3.7378797815804115,-692.6520879153546,-282.3571748814191,132.48952892158104,-0.15681261130005836,-0.018246071590974654,-0.2592050475914538,-638.274541780605,-376.97368026368486,454.0913345911048,-0.23662376915292477,1.1945502750022055,0.0757880825090642,-270.63100912322966,-568.6923559856018,302.01746084510955,0.15461047553757748,0.7380008506436899,1.1296924061230984,-243.4682856031451,-339.4910686401828,290.02959230143466,-0.3708223335594738,0.23478878852640786,-0.3725968538017156,-354.7469968898509,-427.67332530884113,441.8613343288584,-0.33692720751002975,-0.018107657570005854,-0.260533061875888,-481.5763833393688,-383.06273108656507,126.35270881117239
281,0,-0.1727369163801057,0.005442333712274511,-0.1479634880164093,-513.6059967595595,-378.1237564321435,461.692376561725,-0.5533564788825105,0.026731861622982828,0.2828187642263565,-520.7097000012113,-528.5920311254181,806.2739173018324,-0.5393505754860318,-1.1628726416974398,-1.0922228306926325,-747.2540806858481,-459.2756683284141,271.46633794590053,1.2488281093989062,1.1430041655725138,3.7383032698265413,-693.5808032360693,-282.5085916903649,132.77722672833326,-0.15585994331690642,-0.01912209079842474,-0.2534558352180139,-639.5091792958494,-377.8693860581219,454.22490779233453,-0.21426216693078326,1.181994784113478,0.09065233072814545,-269.35289429251736,-564.1100593526661,303.0096419753612,0.13318219451268412,0.6842983853111627,1.1709651804351318,-241.54906272434494,-335.94511779991376,299.66180857753034,-0.3700818446600938,0.23070053626627424,-0.36546814034060804,-355.6348330363647,-426.96573788512103,442.32041735580555,-0.33507507987424734,-0.01895281390064604,-0.25596978301888273,-482.64385775776907,-382.685122653369,126.49068788837174
282,0,-0.17367911539113187,0.004006872632430631,-0.1426775287750316,-514.868619705148,-378.2813472440544,461.91015900734357,-0.5526320374588107,0.02476906061307157,0.28426550906364295,-521.6011542413011,-529.4000602944657,806.4329443713566,-0.5360962357035061,-1.1624702515384544,-1.092368919795074,-747.9529001263732,-460.0526639500219,271.41316589511615,1.2466069468670318,1.142657218675221,3.7384502258005803,-694.4704560674091,-282.70887441943313,133.07447726894574,-0.15498041827069553,-0.02008112423709372,-0.24753415076750857,-640.7680060185476,-378.7786894135865,454.3472164060957,-0.19090579562830096,1.1693466664467538,0.10617679623130453,-268.08371313279395,-559.2853205594952,304.12445559925004,0.12520213243741965,0.6365959050932326,1.2120992706201243,-239.97197471316022,-332.4711425497586,309.58346949960696,-0.3689797321138234,0.22612942746412654,-0.3582125993163166,-356.5435205777439,-426.22263357817934,442.80217230224724,-0.3332328324065462,-0.019853352354598012,-0.25131880735402345,-483.731503090631,-382.31317671214845,126.62798832542525
283,0,-0.17470738350942744,0.002465895750359664,-0.1373131039095643,-516.1598204672714,-378.4264393098811,462.123225838103,-0.5519832185393165,0.02273690884093036,0.2857713114807225,-522.5151720749592,-530.2052077352737,806.5948401822675,-0.5327725418968843,-1.1622432943253096,-1.0922203780069024,-748.6562332282714,-460.8819176716901,271.34195845922727,1.2456034588809486,1.1414832021099588,3.738378120581422,-695.3196224284616,-282.9595514376701,133.37683411929015,-0.15417157383731953,-0.02112143187105821,-0.241454463738839,-642.0480723017464,-379.6978991996191,454.45754229346613,-0.1667775660731818,1.156725844195334,0.12234050246856187,-266.84392891626845,-554.2403220868161,305.3564887261154,0.13168782109839178,0.5958217878565856,1.2527199638057225,-238.79214587688384,-329.0954001640245,319.7182084344533,-0.36753137424581167,0.22111001183585188,-0.35089773137138536,-357.4732043477588,-425.445797479774,443.3040215809999,-0.33141164113669697,-0.020807724696517003,-0.2465717295691063,-484.83652795316436,-381.94840207018075,126.76454315207019
284,0,-0.17579514092122178,0.0008237983854425347,-0.13188191470355276,-517.4774355019614,-378.5572186014732,462.32982565184426,-0.5514168413680549,0.02063235752053211,0.287342415105274,-523.4505662626905,-531.0032843988402,806.758644869375,-0.529375963848273,-1.1622029186236116,-1.091784801084259,-749.3565775534305,-461.75950974540655,271.2526323823688,1.2456519988740122,1.1396807347434148,3.7381470130082786,-696.1277037085124,-283.26117381081497,133.67936858022523,-0.1534306853760149,-0.022240682718029543,-0.23523046212109244,-643.3466316556629,-380.6234397185589,454.55519311721963,-0.14212659800959734,1.1442520489395558,0.1391198701313071,-265.6548079233876,-549.0008116433819,306.6972955972566,0.1532202502265713,0.5626797520181793,1.2925104442240523,-238.05715465002027,-325.8399020124911,329.9878992108179,-0.36576383218228353,0.21568776408852158,-0.3435921354014283,-358.4242871819975,-424.63721873271044,443.82283852151124,-0.32962382004658364,-0.021812748267105116,-0.24171834931223324,-485.9562913214974,-381.5922986253403,126.90017026064446
285,0,-0.17691403847082468,-0.0009136967665206722,-0.1263935162726683,-518.8194072227253,-378.6720317449434,462.528048869118,-0.5509383208444286,0.018452087346382554,0.28898627417303474,-524.4060312475775,-531.790055707416,806.9231515718099,-0.5259064023796485,-1.1623560002764541,-1.0910787485119815,-750.0467480533594,-462.68042622671607,271.14529505633385,1.2465669235241053,1.1374583833078744,3.7378172761124673,-696.8949087947385,-283.61325630290804,133.976650808197,-0.1527550629728467,-0.023436029429336782,-0.22887501208997316,-644.6611454146747,-381.5518937067149,454.63948864594516,-0.11722450141897935,1.13204294048822,0.15648777973234831,-264.5380631321509,-543.5958900829635,308.1353898481408,0.1899049991036552,0.537620899624821,1.3312215418059454,-237.80580158533712,-322.72185728221757,340.3139926033056,-0.36371554811804313,0.20991817132345061,-0.3363636344311061,-359.397377519776,-423.7990737531919,444.35497605675,-0.327882899532347,-0.022863465530696077,-0.23674747527430232,-487.08831183606065,-381.24638177844645,127.03454265449076
286,0,-0.1780351588167439,-0.0027397247000659473,-0.12085496700960992,-520.1837658705016,-378.76942405674527,462.71584290757744,-0.5505517151961632,0.016192746576075195,0.2907112003652778,-525.3801632188657,-532.5612567276969,807.086931076181,-0.5223679006111491,-1.162704745031902,-1.0901279434939148,-750.7200430282713,-463.63854850674437,271.02025808916704,1.2481473169325437,1.1350300292587592,3.7374476378616954,-697.6222175991061,-284.0142417727054,134.26278240565742,-0.15214234185866388,-0.024704195404140372,-0.22240016623734032,-645.9892765701464,-382.48003949173784,454.7097493872585,-0.09236102905630382,1.1202125518808423,0.17441251858556223,-263.5154770141192,-538.0577236348703,309.65632271574844,0.24135858073014427,0.5208308133369961,1.3686766670917903,-238.0673611653237,-319.75332462261593,350.61861130210156,-0.36143567368030466,0.20386551666241065,-0.3292773600155911,-360.393227014501,-422.9337038148262,444.89630990066127,-0.32620364485497133,-0.023953071507114943,-0.23164778558713234,-488.23027039203026,-380.912201723088,127.16716483974153
287,0,-0.17913032038692348,-0.004646497667280943,-0.11527051645557485,-521.5686042170664,-378.8481723005078,462.89103604662887,-0.5502597716310199,0.013851192611937409,0.29252594865367915,-526.3714844267026,-533.3126117096926,807.2483662339396,-0.5187691437500938,-1.1632464023021905,-1.0889671605500777,-751.3703944782201,-464.6266863933278,270.87804747834844,1.250181789102083,1.1326099483244256,3.73709356359561,-698.311325176663,-284.461493170909,134.53147769998677,-0.15159075533936808,-0.026041571018638965,-0.21581721971629375,-647.3288736391545,-383.40488165171604,454.76528803482773,-0.067839211390638,1.1088700781292782,0.19285667782523422,-262.60851127031725,-532.4211826897781,311.2428492700154,0.30672137194777377,0.5122326532279615,1.404771633485491,-238.86135094030075,-316.9410854941472,360.8253582753146,-0.35898305408344294,0.19760142330074437,-0.32239388665378466,-361.4126620171405,-422.04358809336594,445.4422945383206,-0.3246019990946342,-0.025072923734075315,-0.22640869821410628,-489.38000624657633,-380.5913560978773,127.29735632943172
288,0,-0.1801734233654155,-0.006625543986785074,-0.10964135724200637,-522.9720471258124,-378.9073110270167,463.0513694651661,-0.5500639643611573,0.011424726987246068,0.29443925848199437,-527.3784709083565,-534.0398590458876,807.4056942386839,-0.5151237202464418,-1.1639731045173238,-1.0876397822378499,-751.99249846677,-465.6366560882913,270.71940869596716,1.2524533142330732,1.1304077323337045,3.736805983422852,-698.964565951318,-284.9513163817005,134.77618856834127,-0.1510993796278561,-0.02744431467163961,-0.2091368114510698,-648.6779459595692,-384.3236747668389,454.8054041678423,-0.043970098224587736,1.098118992823788,0.21177607144977306,-261.83791133923955,-526.7234108376406,312.87518161912885,0.3846957294354755,0.5115054964865962,1.4394695732188802,-240.1977999572964,-314.2867383069871,370.8598259157175,-0.356424906438595,0.19120323336864584,-0.3157675029622555,-362.4565131128277,-421.13131351322914,445.9880299354453,-0.3230949386342317,-0.026212647066258397,-0.2210212058417897,-490.53550711469893,-380.2854947621508,127.42424288755153
289,0,-0.1811417655348929,-0.008667947256973957,-0.10396546979882458,-524.392218410576,-378.94615158744045,463.1945364717876,-0.5499645222798201,0.008911314800840934,0.29645936941918194,-528.399582533388,-534.7387823983825,807.5570546170518,-0.5114501299285051,-1.1648718451249362,-1.0861970197595996,-752.5819215951714,-466.6594023473423,270.5453052742628,1.2547440799947198,1.1286231921054448,3.7366303473400015,-699.584818325616,-285.4790158367792,134.99026551589986,-0.1506683404627952,-0.028908453694903736,-0.20236906556717169,-650.0346322554634,-385.2339400884911,454.82938259173017,-0.02106724480488224,1.0880564481025974,0.23111875133092008,-261.22331327030935,-521.0033294422362,314.5313249347048,0.473605326866835,0.5181156216263333,1.4727915885024583,-242.077951306615,-311.78700001400443,380.64982244891155,-0.3538352369470832,0.18475229477294397,-0.309444690787369,-363.5255467949552,-420.19954280018976,446.52833666199973,-0.3217002342884499,-0.027360342255425097,-0.21547863428217198,-491.6948939845471,-379.99631581126386,127.54675584195725
290,0,-0.18201724983929293,-0.010764565816684514,-0.09823758894146929,-525.8272076969296,-378.96429319425914,463.3182275417579,-0.5499604468831789,0.006309781048259985,0.2985935323517674,-529.4332940653939,-535.405248383532,807.7005406981879,-0.5077715381930646,-1.1659246066695663,-1.0846968066541618,-753.1351803275102,-467.68516212053964,270.3569098978718,1.2568403128119572,1.1274413906078322,3.7366059759244283,-700.175391084391,-286.0389833032852,135.1671459363169,-0.1502989720557799,-0.03042997974150144,-0.19552376661766369,-651.397164672681,-386.1334751712001,454.83649563478883,0.0005589070299956136,1.0787728919985093,0.2508241913904986,-260.78286020458387,-515.3010846904714,316.1874891198937,0.5714698963418409,0.5313573269771145,1.5048040984910673,-244.49529893638004,-309.4341924681338,390.1253546477535,-0.35129304301829617,0.17833221995172938,-0.3034628628536654,-364.62040298389525,-419.2509820876162,447.05783706634526,-0.32043611765231717,-0.028502903023271683,-0.2097772904685986,-492.8564016373375,-379.72555238566133,127.66363953668352
291,0,-0.18278740803249344,-0.012906214253111097,-0.09244931698777262,-527.2750400380004,-378.96162573416143,463.42017951054913,-0.5500495244504311,0.0036199775761451935,0.30084753824651417,-530.4781257864108,-536.0352508188535,807.8342523495223,-0.5041152881862936,-1.1671086480668087,-1.0832023900262804,-753.6497907767331,-468.70366511564777,270.1555875575418,1.2585370286358302,1.1270279658092255,3.7367656659743154,-700.7398944132709,-286.62481866913384,135.300559220586,-0.14999391976701543,-0.03200493320045071,-0.18861056091378506,-652.7638307162057,-387.02035671887455,454.82600960136404,0.0206065965386409,1.0703518243678893,0.27082271237607525,-260.5328353717794,-509.6574456084158,317.8185661757044,0.6760888087728854,0.5503993891249616,1.5356040204764085,-247.43684276685227,-307.2168846362033,399.2184209930464,-0.3488803455002203,0.17202716810760224,-0.29784938959912455,-365.74154156977164,-418.2883493286508,447.5710401744213,-0.31932085975779606,-0.02962644137167008,-0.2039169744161995,-494.01835607426096,-379.47495032647,127.77346675662446
292,0,-0.18344617596315355,-0.015083793650832652,-0.08658939875027634,-528.7336508552429,-378.93832438129175,463.4982271689325,-0.5502283395654951,0.0008429154133811161,0.303225286557725,-531.5326721555816,-536.624961143483,807.9563478748472,-0.5005121941646692,-1.168396956690455,-1.0817806592209973,-754.124287641976,-469.70436504804803,269.9428709540372,1.2596426376796197,1.127524910405116,3.7371355078765878,-701.2820998644871,-287.22948002440455,135.38473772080346,-0.1497571790907276,-0.03362947163783494,-0.18163917514964048,-654.1329356112157,-387.892937082566,454.79719542581967,0.038788108874391374,1.0628696087278582,0.2910352158375022,-260.487318266354,-504.1131629136141,319.39866092262184,0.7851272710347552,0.5743333990197313,1.565302965219593,-250.88444824794433,-305.1206582318401,407.86267737206595,-0.3466800955067997,0.1659201903364355,-0.2926209294156185,-366.8892005429218,-417.31434467668305,448.06242809761085,-0.31837227719369965,-0.030716815370889175,-0.1979013380346576,-495.17915019808527,-379.24623725195255,127.87466172119872
293,0,-0.1839943732599048,-0.017288363776157434,-0.08064416200876172,-530.2008684091087,-378.8948363895569,463.55035551325085,-0.5504922992547292,-0.002019141797416962,0.3057284145900468,-532.5956269958482,-537.1707842365266,808.0650931476631,-0.49699564826170384,-1.1697588657528482,-1.0805002666533527,-754.5582121818466,-470.6766938849177,269.72042897654086,1.2599833083889946,1.1290469781279018,3.7377348734199867,-701.8057949713043,-287.84545889576793,135.4146225207153,-0.1495940651086341,-0.03529991820155103,-0.17461964245929826,-655.5027675514785,-388.7498350034458,454.74934338441767,0.05483479606023557,1.0563952617495362,0.3113732899959269,-260.65787052057266,-498.70829983350575,320.90166075383206,0.8961999433488562,0.6022207457691849,1.5940115625531766,-254.8162102691001,-303.1289627445861,415.99303927975393,-0.3447740007058282,0.160091666782413,-0.2877830639754885,-368.06336758942814,-416.33162390926935,448.52654191619183,-0.31760718849412417,-0.031760248030043035,-0.19173808173395387,-496.33721914804437,-379.041084134396,127.96553000372047
294,0,-0.18443986008019853,-0.019511157229767342,-0.07459811532887703,-531.6744055078719,-378.83186075121546,463.5747509809727,-0.5508356778282357,-0.004962626279280511,0.3083560075626108,-533.6658038332159,-537.6694184927304,808.1589062893187,-0.49360057957526293,-1.1711608303580672,-1.0794296084888686,-754.9520702884704,-471.61033020523627,269.49002962595534,1.2594069727453663,1.1316788801310662,3.738576537795131,-702.3146391953428,-288.4649751445417,135.38605345675035,-0.14951110853440436,-0.037012787168203796,-0.1675625251832351,-656.8715680957823,-389.58992131621864,454.68178152443244,0.06850162592450733,1.050990153617013,0.3317397388491846,-261.053257953151,-493.4815472340631,322.30182857256824,1.0069480215685391,0.6331357047913688,1.6218248991958006,-259.2077394154321,-301.22402548330945,423.5452818950395,-0.343240317615182,0.15461785750147755,-0.2833302308887985,-369.2637662875988,-415.34277586086336,448.95806527115786,-0.31704084931466997,-0.0327440205448612,-0.18543898652268145,-497.49101664148,-378.86106090990796,128.04429450595586
295,0,-0.18479736397308585,-0.021743542104287063,-0.06843468416851804,-533.151861557257,-378.7503216936636,463.56985013223226,-0.5512516916139168,-0.007982657744468939,0.3111044065203265,-534.7421502488135,-538.1179186840541,808.2363964907477,-0.49036230918557655,-1.1725673466964268,-1.0786347424673064,-755.3072628028472,-472.49547191066875,269.2534991448143,1.2577868363227618,1.1354734163259277,3.739666906420312,-702.8120282999294,-289.0801848442419,135.29593379478925,-0.14951587678838282,-0.03876478519829564,-0.16047912325809413,-658.2375096390342,-390.41230041669667,454.5938972809833,0.07957114496722423,1.046707568922823,0.35202956819747316,-261.6792153091573,-488.46953655401694,323.5744020694301,1.1151070170791413,0.6662027825211015,1.648809873323882,-264.033306871823,-299.38778266273016,430.4556941952671,-0.3421516594694161,0.14956958462666473,-0.2792459388144323,-370.48985726972165,-414.3503046711902,449.35190424413247,-0.31668639728759856,-0.03365721834224127,-0.17901978416484207,-498.638993549868,-378.7075880199836,128.10913642920863
296,0,-0.18508798986179967,-0.0239769455850135,-0.06213705593266797,-534.6307353535656,-378.6513372271743,463.5343844129284,-0.5517326101346689,-0.01107307719816965,0.31396712723416076,-535.823755425535,-538.5137598430332,808.2963959070116,-0.4873153479973313,-1.1739419888690934,-1.0781773248715996,-755.6259911499794,-473.3231029573262,269.01267931267273,1.2550242501411584,1.1404506535570005,3.7410063248579264,-703.3009739760867,-289.68339351602884,135.14236132521557,-0.14961672117331049,-0.0405527883421444,-0.15338165753147343,-659.5986814416576,-391.2162883585634,454.4851615836908,0.08785675893742244,1.0435920966850423,0.37213143947007604,-262.538260203791,-483.7061650546535,324.69618210012345,1.2185635164041235,0.7006271185379455,1.6749950731549583,-269.2668015159112,-297.60279855611986,436.66083693911037,-0.3415728731663655,0.14501106229719513,-0.27550324504342194,-371.7408539389618,-413.3566174450164,449.70326251322405,-0.31655433619114015,-0.03449150358406591,-0.17249987135182607,-499.77957975358675,-378.58188603376055,128.15824004703458
297,0,-0.18533844534509636,-0.026202756000742858,-0.05568909514666803,-536.1084482699114,-378.5361841172248,463.4674198291609,-0.5522699061739873,-0.014226519608116424,0.3169348976005722,-536.9098504523163,-538.8549001468785,808.3379839057677,-0.48449218652842824,-1.1752485278083993,-1.078112647964529,-755.9111421573211,-474.0852436009784,268.76938484472754,1.2510508140881136,1.146598216026987,3.742589457177101,-703.7840045979399,-290.26726653001674,134.9247193165583,-0.14982245413168035,-0.04237379629050075,-0.1462834184709442,-660.9530851789534,-392.0013884814904,454.355154609976,0.09320525715754416,1.041678837301536,0.3919295773654533,-263.62956255951735,-479.22194872724515,325.6460931530946,1.315400099738406,0.7357173246380861,1.7003635897208882,-274.882468663367,-295.85314125829996,442.09744763868423,-0.34155904268598253,0.14099889098311943,-0.27206547224438427,-373.01575157532085,-412.3640176767611,450.00771119299174,-0.3166520851674347,-0.035241882898726984,-0.16590187704697903,-500.91117010390076,-378.4849256140669,128.18983998932754
298,0,-0.1855800314268324,-0.02841222459142877,-0.04907628201048723,-537.5823767422494,-378.4062607140057,463.3683905526343,-0.5528544420087761,-0.017434519765158012,0.31999581386938303,-537.9998013632531,-539.1398405564306,808.3605032984003,-0.48192212676993906,-1.176452087866881,-1.0784878540608118,-756.166156531348,-474.77517397766144,268.525362601438,1.2458296139512688,1.1538726959942984,3.7444057233967616,-704.2630914228021,-290.82502835144595,134.64372269772667,-0.15014196375663635,-0.044224866503373865,-0.13919887253016527,-662.2986404075778,-392.7672654834059,454.20359222043066,0.09549853199500469,1.0409924327652946,0.4113060945705088,-264.9488752461316,-475.04341884983234,326.4056997048005,1.4039283428285623,0.7709006332386334,1.7248489877892632,-280.8554145641608,-294.1251855937527,446.7025286922446,-0.34215367911412914,0.13758123186963048,-0.2688871387251396,-374.3133679446956,-411.37470453244407,450.261253117123,-0.316983613549591,-0.035907434400805016,-0.15925109645211058,-502.0321150979962,-378.4173800616059,128.20226967737278
299,0,-0.18584746380121162,-0.030596390035811275,-0.04228662230800364,-539.0498922936737,-378.263049044662,463.2371256461532,-0.5534766833782022,-0.02068764329129754,0.3231356077238781,-539.0930953077363,-539.3676787760475,808.3635684990948,-0.47963020532801104,-1.1775202903779036,-1.0793403944097986,-756.3948859030288,-475.38762176144104,268.28225394545046,1.2393555405758676,1.162202126735931,3.74643978921579,-704.7396025300126,-291.3506426611303,134.30141698180162,-0.1505837762345714,-0.04610303149063088,-0.13214372057453433,-663.633199777343,-393.51371882995596,454.03035201970727,0.09465447188281118,1.0415459440933101,0.4301436789244561,-266.4885306745391,-471.1925786355284,326.95966357131454,1.4827104238686029,0.8057306266831264,1.7483344840893609,-287.1618742215724,-292.408316075746,450.4136475794858,-0.3433871585227242,0.13479717305689934,-0.2659150741793788,-375.63239286381844,-410.3907777787009,450.4603815244451,-0.317549176329286,-0.03649195447470725,-0.15257481119570007,-503.1407166694546,-378.37958250981245,128.19400950470865
300,0,-0.1861775990415098,-0.032746048178097426,-0.035311474923745624,-540.5084068033535,-378.10807750373215,463.07386822673084,-0.5541269274798724,-0.023975632667847684,0.32633800782635486,-540.1893206392939,-539.5381549828745,808.3470658242053,-0.47763625339500193,-1.1784243312648501,-1.0806967915138794,-756.6014436452401,-475.9189061195156,268.0415611773126,1.2316546935686274,1.1714893880953947,3.748672100964185,-705.2142845708314,-291.83896622148075,133.90112977215244,-0.15115558061489343,-0.048005202931005096,-0.12513490486932702,-664.9545732774077,-394.2406563449404,453.8354979332264,0.09062703444067174,1.0433396168063693,0.4483285737552245,-268.23750681508506,-467.6864365660866,327.2961291179416,1.550570315036144,0.8398881276667811,1.770655217383662,-293.7792524632232,-290.6955055004636,453.1694703608417,-0.3452754683255349,0.1326762925769976,-0.26308969017775047,-376.97144360990393,-409.41424777231373,450.60213315422004,-0.3183451597446902,-0.037004483383635066,-0.14590152321913535,-504.23522932811346,-378.37148958361007,128.1637333498693
301,0,-0.18660814091261954,-0.03485178658911194,-0.028146245797685508,-541.9554203816178,-377.94288540104384,462.8792864571913,-0.5547955279858217,-0.02728755723435194,0.32958517268167514,-541.2881420412232,-539.6516867985903,808.3111463604328,-0.47595413234441186,-1.179139942056845,-1.0825717528606007,-756.790054837237,-476.36703210361964,267.80461864735116,1.2227829258889389,1.1816163462376972,3.7510794562940415,-705.687270348609,-292.2858706540556,133.44737711175392,-0.15186373384473462,-0.04992806707478682,-0.11819056278182327,-666.260560324412,-394.94806875478423,453.61930218487254,0.08340553549974329,1.046359591550746,0.4657537656628894,-270.1815645612968,-464.536632656619,327.40702533572966,1.6065958685481414,0.8731760604788997,1.7916033457042728,-300.6859592631637,-288.9837477635429,454.910541568903,-0.3478193195877058,0.13123841532412472,-0.2603463725499636,-378.3291226558216,-408.4470494831771,450.68413571723573,-0.3193640409849885,-0.037459670040316424,-0.1392601377391546,-505.313866746419,-378.3926530339435,128.1103520393628
302,0,-0.18717639458624125,-0.036904098965690336,-0.020790904378322535,-543.3885690721454,-377.76899054901503,462.65447580341345,-0.5554731000388661,-0.03061195727293483,0.33285816830705256,-542.3892720497221,-539.7093912104831,808.2562120090174,-0.4745911745230375,-1.1796481898451827,-1.0849676721716526,-756.9649107771658,-476.73173184083754,267.5725689433234,1.2128236297930348,1.192448479812447,3.7536355980495864,-706.158108757905,-292.68832791611226,132.94572925399424,-0.15271276688027768,-0.051867977306213287,-0.11132992622463819,-667.5489880968192,-395.6360058783131,453.3822636107999,0.07301322048399111,1.0505766323631467,0.4823222719259307,-272.303456542459,-461.7491727680116,327.28827624297656,1.65013331965835,0.9055092552211311,1.81093558393068,-307.8610697032734,-287.2743269675778,455.5803146546746,-0.35100367565834556,0.13049355383415512,-0.2576169624863149,-379.7040740110991,-407.4910590840015,450.704649655677,-0.32059446081713094,-0.037877940024534214,-0.13267913563844297,-506.3748137725376,-378.4422005645202,128.03305245103735
303,0,-0.1879181233807498,-0.03889358794156639,-0.013250290270533456,-544.8056696434121,-377.58786096520106,462.40095208297254,-0.5561506913758891,-0.03393697555229899,0.3361374647546095,-543.4924404767607,-539.7130915823724,808.1828954710004,-0.47354784847833004,-1.1799360807979162,-1.087874540828254,-757.130033263542,-477.0144512747886,267.34634449510145,1.201884889807241,1.2038397299420456,3.7563118171136782,-706.6258129272759,-293.04445703581104,132.40264241547092,-0.15370491464221292,-0.05382085163220604,-0.10457316595714596,-668.8177542051981,-396.30455506469656,453.1251213519999,0.059505217501542744,1.0559449587554914,0.4979503937404183,-274.5832054081329,-459.32428390440083,326.93991366147736,1.6807758311986754,0.9369002705427072,1.8283827096265428,-315.283846258104,-285.5729090656768,455.12642699645994,-0.3547977357053814,0.1304420175916321,-0.25483129480173594,-381.09503445301743,-406.5481112984435,450.66260403707884,-0.3220214035126271,-0.03828543657106502,-0.12618577559320457,-507.4162437508444,-378.5188267935814,127.93133106185596
304,0,-0.18886654672408332,-0.04081125640096496,-0.0055341929213159275,-546.2047589212945,-377.4008915949552,462.1206350221452,-0.5568199108087935,-0.03725047399650739,0.3394034290522644,-544.5973632731684,-539.665308436027,808.0920350853903,-0.4728176577443974,-1.179996942725523,-1.0912702768542788,-757.289153437378,-477.21828358726793,267.12665495341855,1.190096133036107,1.215637332630642,3.759077551684782,-707.0889224886847,-293.3535314577443,131.82526455042648,-0.15483969369372097,-0.0557820845882257,-0.09794117974164304,-670.0648715615421,-396.95382238123136,452.8488631264143,0.0429660064948483,1.0624012782863694,0.5125707794333926,-276.9984473628328,-457.25640016072504,326.3660890148198,1.6983477047753566,0.967442359167028,1.843660516895804,-322.9331661139435,-283.8894472785871,453.50220174086786,-0.35915539643381833,0.13107467250514304,-0.251918764182562,-382.50087608256194,-405.62001553840304,450.55762630522617,-0.32362647527490923,-0.03871371134928207,-0.11980536176208616,-508.43634094368053,-378.6207950268604,127.80502091058332
305,0,-0.1900515010741548,-0.04264887681603882,0.0023427954382640925,-547.5841254358972,-377.2093867052431,461.81582234272236,-0.5574730107679644,-0.04054013719032623,0.3426367969957078,-545.7037123096934,-539.5692332288335,807.9846455687696,-0.47238727319286056,-1.1798305734808618,-1.0951214617836322,-757.4456093019113,-477.347852616397,266.91398069692264,1.1776043981402946,1.2276864352876857,3.761900975450984,-707.5455764496829,-293.6159481010329,131.22122409296432,-0.15611355193738324,-0.05774648386083777,-0.09145532406077211,-671.2885131663104,-397.5839169254419,452.55472747380423,0.023506572085404256,1.069864122200178,0.5261351330965088,-279.52483451101864,-455.5342849399553,325.57498340672254,1.7028857958950425,0.997290698216391,1.8564816796390158,-330.7868990713319,-282.2378982542998,450.6683455706982,-0.3640161987216847,0.13237333105325794,-0.2488098920339982,-383.92063688502407,-404.70856889876325,450.3900654231881,-0.3253882705901768,-0.039199150353561564,-0.11356060634510656,-509.43332774519695,-378.7459502342242,127.654311173573
306,0,-0.19149876833139062,-0.044399415991612366,0.010361635004129573,-548.942331605483,-377.01454826952045,461.48915478779264,-0.558102925542944,-0.04379356756087367,0.34581911103386176,-546.8110873964521,-539.428684866568,807.8618858263172,-0.4722368910642806,-1.1794431525837148,-1.0993844574165479,-757.6022651616773,-477.40915144696726,266.7085727427095,1.164570330818518,1.2398343468598254,3.7647495733401763,-707.9935938393738,-293.83316087455614,130.59841093808083,-0.15751961435516326,-0.05970824128040036,-0.0851370913966597,-672.4870544717334,-398.1949384730974,452.2441995775093,0.0012614317511035296,1.0782335871419626,0.5386164133341803,-282.1364875434949,-454.14129074476136,324.57861799698856,1.694619511116559,1.0266429568539746,1.8665679904510115,-338.8212823669117,-280.63575218595025,446.5947976973582,-0.36930674968120863,0.13431125370465166,-0.24543786762367098,-385.3535363132004,-403.8155642640149,450.1610077329021,-0.3272828151914921,-0.039782130281490045,-0.10747110979779675,-510.40549621521916,-378.8917433098971,127.47975883316303
307,0,-0.19322955982777354,-0.04605748013613676,0.018499364999375826,-550.2782252491942,-376.81747027970926,461.14357292307204,-0.5587032708546683,-0.046998379241604334,0.34893311547179123,-547.9189916266511,-539.2480491978494,807.7250251015652,-0.47234080206914025,-1.1788469232410805,-1.1040068557650748,-757.761455206321,-477.40934284418114,266.5104591738171,1.1511640006348562,1.251934313656305,3.7675907083672877,-708.4305599129483,-294.0075828133061,129.9647586956138,-0.15904754760196832,-0.061660945676867404,-0.07900773881063017,-673.6591110193117,-398.7869684785366,451.91900048974725,-0.0236142619776823,1.0873915803260323,0.5500103903469279,-284.8064885054411,-453.05575360967026,323.39256970117776,1.6739505526577436,1.0557201807204248,1.873662467550846,-347.0103375506696,-279.1033866091383,441.262672177528,-0.37494259464968693,0.13685374288972635,-0.24174003887982964,-386.7989733769588,-402.9427920664507,449.8722846936025,-0.3292840739466555,-0.040505912422125076,-0.10155297568121723,-511.3512432201683,-379.0552663594723,127.2822922254709
308,0,-0.1952601303774382,-0.04761973473480444,0.02672974902161457,-551.5909398605149,-376.61913853036947,460.78226696895274,-0.5592683133284393,-0.05014229895996477,0.35196310334155617,-549.0268108507585,-539.0322022778425,807.5754087965039,-0.4726681512060152,-1.1780596611290757,-1.1089291977538562,-757.9249523583941,-477.35652937206817,266.319457966163,1.1375606228551163,1.263848748002275,3.770392185435133,-708.8539161333345,-294.1424620871588,129.3280365135796,-0.16068356349615143,-0.06359764184956598,-0.07308787791756784,-674.8035692075134,-399.3600642335491,451.58106982026163,-0.050947359986504834,1.0972026531694987,0.5603364592053711,-287.5074018294922,-452.2515151434135,322.03560042029756,1.6414333268715142,1.0847488404891663,1.8775408682115258,-355.3253714128765,-277.66326013922793,434.6662241683515,-0.38083049629693255,0.13995881142073724,-0.23765933188218633,-388.2565053465237,-402.092034625632,449.5264716165196,-0.33136451128145505,-0.04141529390993816,-0.09581857205737054,-512.2691081709654,-379.2332984082221,127.06320654982011
309,0,-0.1976014892541812,-0.049085248757522994,0.03502397657640794,-552.8798836858499,-376.42043508274594,460.408621274166,-0.5597929202305196,-0.05321328272564173,0.354895211904964,-550.1337977999312,-538.7864187699804,807.414425321319,-0.4731838629751012,-1.1771039544344197,-1.114086881666517,-758.0939623570696,-477.25950192660076,266.1351958135952,1.1239362611077734,1.2754518655351728,3.7731228177537828,-709.261052364477,-294.24173784357384,128.6956576548382,-0.1624105762242109,-0.06551093623962773,-0.0673970403579179,-675.919608329914,-399.9142557928418,451.23254219044685,-0.08054894251228621,1.1075154880978495,0.5696376369748446,-290.2118105256576,-451.69856112965215,320.5292111230455,1.5977566638459257,1.1139447273797976,1.8780222074416344,-363.734597977365,-276.33896878789005,426.8147616036195,-0.3868710576396817,0.1435779071699729,-0.2331455834862594,-389.72580596030394,-401.26505251617476,449.1268766124022,-0.3334956903420038,-0.04255504940700266,-0.09027644688593714,-513.1578120345399,-379.4223605745616,126.82415167240502
310,0,-0.20025917562662973,-0.050455716222337146,0.043351357836120444,-554.1447181363395,-376.2221463835613,460.0261552887297,-0.5602725004473122,-0.05619965634271563,0.3577176659170277,-551.2390611122249,-538.5162674472152,807.243475326869,-0.47384970226300144,-1.1760063257983502,-1.1194121735609348,-758.2691419277935,-477.1274759978575,265.95713224751694,1.1104635857339658,1.2866317113035723,3.775752998688879,-709.6493996906873,-294.30988219250685,128.07451069365837,-0.16420851975817857,-0.06739314640307273,-0.06195323571778309,-677.0067124227893,-400.44954512009605,450.875718000329,-0.11221602598078542,1.1181650734258908,0.5779797003019489,-292.8928534562317,-451.363761665038,318.8971348883757,1.543727221350371,1.14349919086194,1.8749779462738325,-372.20291194925323,-275.15419350685363,417.7344172158025,-0.3929616022072867,0.14765667472453967,-0.2281567763958507,-391.2066029582485,-400.4635630222783,448.67751917061287,-0.3356488949633282,-0.04396820894678403,-0.08493140086880226,-514.0162960030051,-379.6187794073039,126.56711274241985
311,0,-0.20323307427137488,-0.051735519994053174,0.05167995811427778,-555.3853263979487,-376.02497390444216,459.6384630117371,-0.5607029472559734,-0.05909028557820834,0.36042096910888277,-552.3415592899117,-538.2274963221148,807.0639446351161,-0.47462543717834793,-1.1747962308627982,-1.1248362304864856,-758.4506388732783,-476.96982515744696,265.784588078647,1.0973077720804507,1.2972915759351695,3.7782552761351478,-710.0165220263509,-294.3517346641862,127.47081782478354,-0.16605482093900056,-0.06923648841169383,-0.05677251999473326,-678.0646709500295,-400.96590682900126,450.51302928799026,-0.145732700459592,1.1289755613715176,0.585449449615898,-295.524749037405,-451.2116939932563,317.16478526865734,1.4802546822685314,1.1735680146484357,1.8683395783450962,-380.6918359827057,-274.13157301547415,407.469692000757,-0.39899920090792734,0.15213573333981056,-0.22266016807421862,-392.6985958330218,-399.68921134690163,448.1830980211349,-0.33779575598481393,-0.045694229126344056,-0.07978471727614508,-514.8437579656581,-379.81875675547883,126.29438425631405
312,0,-0.2065172599136499,-0.05293161971989065,0.05997713424351748,-556.6017733724594,-375.82954616527417,459.2491528820024,-0.5610805923308273,-0.061874778277679066,0.362998044499938,-553.4400994388536,-537.925910456916,806.8771821058212,-0.4754700664771296,-1.17350497112035,-1.130291052707924,-758.6381510801612,-476.7958209558167,265.61677699715835,1.0846226421130556,1.3073508202227648,3.7806049185417514,-710.3602042574005,-294.37233522029453,126.89002342239647,-0.16792501139196583,-0.0710332938807791,-0.051868592078410436,-679.0935679082138,-401.46328989880624,450.1470016589106,-0.18087070693470145,1.1397637569606744,0.5921521172957407,-298.08329054467583,-451.2055256957088,315.3586779374446,1.4083386162757665,1.2042630331351052,1.8581044049675755,-389.15965504711784,-273.29154061650314,396.08468053697055,-0.40488371667259054,0.15695145040485062,-0.21663330347305831,-394.2013559075037,-398.9435357584073,447.6489481686554,-0.3399088611990487,-0.04776712467407325,-0.07483454377054784,-515.6396847783501,-380.0184442445647,126.00853827038736
313,0,-0.2100998715613775,-0.05405326413399511,0.06820995224057887,-557.7942583737531,-375.63643106647635,458.86178995491895,-0.5614021791098835,-0.06454371634032911,0.36544432337034305,-554.5333405057332,-537.6172459638317,806.6844835437039,-0.476343071076417,-1.1721645619623347,-1.1357112911896883,-758.8310007968772,-476.61438761897364,265.45283908034594,1.0725471744515294,1.3167451387238662,3.782780453063548,-710.6785341865419,-294.3767614401318,126.33671466322055,-0.16979344990001324,-0.07277624614250952,-0.0472524338684909,-680.0937595392404,-401.9416198093615,449.78021341799223,-0.21738951820274988,1.150343137206406,0.5982079708044165,-300.54629853740363,-451.30793285146774,313.50584448714983,1.3290566805859658,1.235646424780346,1.8443393493275348,-397.56174138959267,-272.65116757218584,383.66389172041704,-0.4105207297659672,0.16203669224867612,-0.21006489697261205,-395.71421221711523,-398.22792826438086,447.0809872772985,-0.3419623270881933,-0.05021363535621691,-0.0700764151307839,-516.403878296588,-380.21402020351417,125.71238750531352
314,0,-0.21396302925681124,-0.055111545186773206,0.07634548138102518,-558.963062354048,-375.4461475400322,458.47984197262883,-0.5616648624052673,-0.06708891101239049,0.36775778187131447,-555.6198006199103,-537.3070440643037,806.4870825398008,-0.47720564683601124,-1.1708066006817868,-1.141035849316767,-759.0282201021311,-476.4338787706423,265.2918749892937,1.0612025199630073,1.3254263023744814,3.7847641491214503,-710.9699752140382,-294.3699748984879,125.8145747348289,-0.1716341177708977,-0.07445862281006314,-0.042932007739417036,-681.0658414743683,-402.40080062412153,449.41525315969824,-0.2550360305157371,1.1605282582875558,0.6037481994378626,-302.8940168638106,-451.48202518027296,311.63325740874245,1.243553695536057,1.2677275027439008,1.827182722267843,-405.8510634777588,-272.2230587002006,370.3125861168874,-0.4158242107169846,0.167321539674578,-0.20295556158687142,-397.23612819276974,-397.54359276864096,446.48565198154205,-0.3439323111474458,-0.05305150883484626,-0.06550389752359975,-517.1364732553692,-380.40176674991926,125.4089441375987
315,0,-0.2180828136762075,-0.05611882646449128,0.0843509734204053,-560.1084918131558,-375.2591756196424,458.10663060148204,-0.5618662399617544,-0.06950367107815383,0.36993892419116625,-556.6978680545617,-537.0005292844387,806.2861488491164,-0.4780218746131835,-1.1694611828442492,-1.146209231970153,-759.2286432363663,-476.26188202209124,265.1329797804255,1.0506896512025885,1.333361430690509,3.7865424172211952,-711.2334266369378,-294.3566810478433,125.32636790015087,-0.17342144406454574,-0.07607452977764835,-0.03891202418692937,-682.0106067654355,-402.84071663916905,449.05467716810637,-0.29354400386577334,1.1701393789046566,0.6089102158677501,-305.1094403282917,-451.69224798110145,309.76728468145546,1.153031056029991,1.3004617621793995,1.8068439169451265,-413.97886222772615,-272.0143479396369,356.15656351958785,-0.4207188222822429,0.1727339628865713,-0.1953183544549699,-398.7655757178361,-396.8915030409328,445.8698251976827,-0.3457974460791106,-0.05628798292745804,-0.061109325333212665,-517.8379453419042,-380.5781446997507,125.10137513513476
316,0,-0.22242933391092384,-0.057088090148352394,0.09219394747430712,-561.2308218949014,-375.07596412858425,457.7452887222861,-0.5620044202229241,-0.07178307050097506,0.3719907121362137,-557.7658152537318,-536.702495899933,806.0827945468841,-0.4787597837635692,-1.1681559166958229,-1.1511826096947615,-759.431001383874,-476.1050557942396,264.9752754659402,1.0410877418336126,1.3405318579715797,3.7881060946701943,-711.4682687700837,-294.34120614423205,124.87395451111303,-0.17513111567351344,-0.07761911051627024,-0.035193792510759055,-682.9289968250328,-403.2612333507343,448.70096803375003,-0.33263340949990605,1.1790071117324021,0.613832548893689,-307.17856439281525,-451.9052289741251,307.9331909975368,1.0587359277445092,1.3337519241188907,1.7836010763830183,-421.89546825708607,-272.0258422262009,341.34135118528496,-0.4251417530560855,0.1782004575223194,-0.1871790992366145,-400.30041456430183,-396.27236314495497,445.2407560236206,-0.34753918100562103,-0.059918550152771866,-0.05688459235821014,-518.5091082017319,-380.73986400631065,124.79295504125025
317,0,-0.22696691137954728,-0.05803225386590966,0.0998422109148535,-562.3302414534556,-374.89693529012783,457.39872428115837,-0.5620781284011729,-0.07392419988339387,0.37391844240897887,-558.8218153384933,-536.4172066106178,805.8780877953361,-0.47939226699282034,-1.166915081903146,-1.155914579689633,-759.6340155370083,-475.969001266114,264.8179416597004,1.0324533247720336,1.346931673241553,3.7894505963360543,-711.6743907567142,-294.3273939416319,124.4583329974787,-0.17674082931034346,-0.07908871541618136,-0.03177516648898959,-683.8220477290064,-403.66219771168954,448.3564958816632,-0.37200985724892793,1.1869769103166694,0.6186495470103677,-309.0905501792578,-452.0905373346669,306.154700454415,0.9619497190052925,1.3674507146970851,1.757796841115147,-429.5512254864559,-272.2513604712681,326.03076405189057,-0.42904401057417635,0.18364664885300916,-0.17857644121661356,-401.83778623885325,-395.686573085356,444.6059742029095,-0.3491420195998981,-0.06392608293747098,-0.052821952213386626,-519.1510986218127,-380.88394753870415,124.48701710993294
318,0,-0.23165440906164936,-0.05896351003417905,0.10726385387360839,-563.4068030437282,-374.72248567669834,457.06959089501237,-0.5620868497890088,-0.0759263848229278,0.37572957408141167,-559.8639605094091,-536.14830711937,805.6730736011253,-0.4798978082375321,-1.1657589704707294,-1.1603716177119217,-759.8364832315588,-475.85817096434505,264.6602438013048,1.0248202272638076,1.3525660265611017,3.7905759177285128,-711.8521998502655,-294.31852406047494,124.0797049556574,-0.17823094820080274,-0.08048101905458392,-0.02865059323265905,-684.6908345838044,-404.0434379207644,448.0234835069619,-0.4113642849624841,1.193913203724314,0.6234861487111985,-310.8378014283938,-452.2213228910356,304.45363261891237,0.8639754062129449,1.4013651169408865,1.7298323365522994,-436.8974798138477,-272.6773102533766,310.40483233598053,-0.43239112981854544,0.18899787461867049,-0.16956159208413893,-403.3740316833659,-395.13420224568625,443.97320125212764,-0.35059365037433454,-0.06828038902985459,-0.04891477907765189,-519.765349720589,-381.00778619269266,124.18690362218267
319,0,-0.2364457349763083,-0.05989273583900963,0.1144272589120164,-564.460380809169,-374.5529830435249,456.7602651547461,-0.5620310052244145,-0.07779135413260144,0.3774335093893665,-560.8902818019596,-535.8987598011147,805.4688004525415,-0.48026099159881913,-1.1647034358300872,-1.1645282255061775,-760.0373552354189,-475.77581428370206,264.5015585635463,1.0182002361472273,1.357449301627928,3.7914864875126937,-712.0026119841978,-294.31725314845136,123.73755880109333,-0.17958503469148418,-0.08179507773412935,-0.02581126672234267,-685.5364167131752,-404.40476322827556,447.70397652767383,-0.4503730989324913,1.19970300373663,0.6284530004071387,-312.41595378299183,-452.27480627433755,302.8496203030787,0.7661234180336947,1.435261824545244,1.7001595981050404,-443.88758734152765,-273.28253784460827,294.6571184650771,-0.4351632827549427,0.19417975923117217,-0.1601977292698114,-404.9046419816554,-394.6149727243173,443.35026011287584,-0.35188497004643654,-0.07293825333794274,-0.0451582399053062,-520.3535526156311,-381.1091836040471,123.8959160742695
320,0,-0.2412905457273751,-0.060829013274991676,0.12130116782021519,-565.4906390542455,-374.3887587730108,456.4728303379072,-0.5619121492150948,-0.07952334227650361,0.3790413310230703,-561.8987697223905,-535.6707989807824,805.2663511999242,-0.4804727682383544,-1.1637596631162406,-1.1683667878131216,-760.235798751774,-475.72395919317376,264.34139613554146,1.0125844109776572,1.3616032550965438,3.7921908760273855,-712.1270244635464,-294.3255792165626,123.43076710257138,-0.18079023957100301,-0.08303132430609021,-0.02324537982398962,-686.3597862861885,-404.74596437156515,447.39981939915083,-0.4886989571585388,1.2042588276178747,0.6336422107419449,-313.82378055595564,-452.2325961583149,301.3599133334412,0.6696959492270186,1.4688736189921543,1.6692726587822477,-450.47789510529435,-274.038477693527,278.99147324122487,-0.43735480397416265,0.19911879410760175,-0.15055902815469915,-406.42425022065333,-394.1282540698848,442.7449845678369,-0.35301000648460007,-0.07784400444235536,-0.04154983293350836,-520.9176077003001,-381.18638911111924,123.61726576104668
321,0,-0.24613516859401244,-0.06177928731531796,0.12785484410671105,-566.4970138668266,-374.23009591727407,456.20906600368966,-0.5617331769741648,-0.08112911314301399,0.38056549887995017,-562.8873953884173,-535.4659095299932,805.0668760025554,-0.480530468757728,-1.1629341610227568,-1.1718771623000077,-760.431244411199,-475.7034285389467,264.1794191485612,1.0079449376381195,1.3650552173474972,3.792701374768225,-712.2272724908339,-294.34482885119485,123.15769272133447,-0.18183753848402398,-0.08419150149284323,-0.020938461913929875,-687.161822722282,-405.06681525364206,447.1126378100241,-0.5259923836956442,1.2075208030344808,0.63912401467415,-315.0630227232941,-452.0808175701909,299.99926823738946,0.5759697719258748,1.5019063926963618,1.6376975436648689,-456.6286486665226,-274.9096160416221,263.6183089815501,-0.43897317469053265,0.20374294092697026,-0.14072932193762935,-407.92667096077173,-393.673070296716,442.1651287342203,-0.3539657526577697,-0.08293062116116853,-0.03808975469671057,-521.4595673009388,-381.2381180718573,123.35402514447702
322,0,-0.2509237485922049,-0.06274817746679845,0.1340583623303834,-567.4787095082975,-374.07721317671735,455.9704427176039,-0.5614985229043016,-0.08261789593682237,0.38201950929142947,-563.8541319158178,-535.2848295935437,804.8716246579829,-0.480437559828265,-1.1622289640028078,-1.1750560349127348,-760.6234152772284,-475.7138886826198,264.01545808297664,1.0042374005977783,1.3678364384142019,3.7930334682624394,-712.3055719144443,-294.37566636612115,122.91629919378808,-0.1827218147285919,-0.08527853848196489,-0.01887378443856186,-687.9432548116017,-405.36707638623994,446.8438276234052,-0.5618943865351261,1.2094578521613832,0.6449445788590694,-316.1381539269976,-451.8100450497075,298.7799193460979,0.48617782409351734,1.5340465554001754,1.6059814319879604,-462.3047853582675,-275.8542704849869,248.7504932864024,-0.4400375314313219,0.20798227612756257,-0.13080040127550896,-409.4049913883981,-393.2481194329483,441.6182759185107,-0.35475192677110073,-0.08812136646486529,-0.03478106857873828,-521.9815720576904,-381.26355914490597,123.10908036643872
323,0,-0.25559961070316545,-0.06373794474531295,0.13988304410706937,-568.4347104594079,-373.9302455800274,455.75812098832984,-0.5612143301628274,-0.0840012280500042,0.38341752045788036,-564.7969759103861,-535.1275773099218,804.6819752268703,-0.4802031549895089,-1.1616420233243374,-1.1779060813075322,-760.8123372115828,-475.7539276739212,263.84952306337317,1.0014033475096957,1.3699806467155256,3.793205223610779,-712.3644510494205,-294.4181233589039,122.70426132552205,-0.18344179557343002,-0.08629637850492271,-0.017032813540616813,-688.7046320236387,-405.6465004998849,446.59455016691726,-0.5960402169508869,1.2100678915735736,0.6511251140376048,-317.0560934828133,-451.4150454038751,297.71162261007964,0.4014900589639142,1.5649685851502781,1.5746812614769867,-467.4765792970803,-276.8256732951809,234.59898907576508,-0.440576787381276,0.21176969524065348,-0.12086998271871399,-410.8517151644991,-392.85180514195014,441.1117452681754,-0.3553706762115278,-0.0933319029407523,-0.031629661619941137,-522.4857838263665,-381.2623686509046,122.88508538112994
324,0,-0.2601068081988565,-0.06474860377368824,0.14530204601834132,-569.3638090559515,-373.7892231060349,455.57295343201935,-0.560888569161999,-0.08529270410252464,0.38477394938048043,-565.7139690129146,-534.9935004148182,804.4994556477475,-0.4798413002903719,-1.1611677569050785,-1.1804349813405037,-760.9983311223825,-475.82115971260407,263.6818119960431,0.9993730242915304,1.3715228670557955,3.793236624121708,-712.4066746875492,-294.4716465708072,122.51907258996029,-0.1839998557179259,-0.08724976747241937,-0.015395686860924351,-689.4463059767149,-405.9048406332008,446.36573333299896,-0.6280643504338924,1.2093770333270402,0.6576623761975836,-317.82588153079155,-450.8943463373859,296.8017598044155,0.3229942110795002,1.5943425133638796,1.5443520589508746,-472.1201140766343,-277.7733313892957,221.36838286044375,-0.4406274743879679,0.21504169399479553,-0.11103939087462,-412.25895635298554,-392.4822791324043,440.6524942627219,-0.3558262442761614,-0.09847280770572961,-0.028643991674960713,-522.974318194041,-381.23465260326327,122.6844184330068
325,0,-0.2643918072390544,-0.06577815944760292,0.15029108778174322,-570.2646476338263,-373.6540489582188,455.4154892220027,-0.5605310826424775,-0.08650763484641097,0.3861030479278949,-566.603219473836,-534.8813466387342,804.3257550674642,-0.47937006556617007,-1.160797721142733,-1.182654337801296,-761.1819887242141,-475.9123522691184,263.5127149970122,0.998068170763286,1.3724985186362506,3.79314887259859,-712.4351635110077,-294.53516143334093,122.35814654982681,-0.1844017065164933,-0.08814401551951735,-0.013941690722939604,-690.1684225284787,-406.1418609491669,446.15807764509157,-0.6576066878828358,1.2074378280556846,0.6645305415394516,-318.4583304449514,-450.24965896995553,296.0554881663055,0.2516772496655072,1.6218411630235148,1.515535283924406,-476.2175705831871,-278.6446204421906,209.2524525422936,-0.44023143090386274,0.2177392387249463,-0.10141101450329995,-413.6186768491633,-392.137492235807,440.24701531849473,-0.3561246192835175,-0.10345237004866648,-0.025834642343554284,-523.4491798091444,-381.18093742477953,122.50914188953888
326,0,-0.2684052375623384,-0.0668229400426685,0.15482929114060875,-571.135773095094,-373.5244795932172,455.28598003153985,-0.5601535368158305,-0.08766262414442035,0.38741846865623525,-567.4629236930892,-534.7893518866497,804.1627219296332,-0.4788104811994102,-1.1605213632007347,-1.1845785526938364,-761.3641343666923,-476.02357188385804,263.3428149791244,0.9974047844914464,1.372942785940318,3.792963688040577,-712.4529120778952,-294.60714826392893,122.21891008189185,-0.18465599315206033,-0.08898474451593172,-0.012649714460940525,-690.8709244456924,-406.35735043269176,445.9720662015592,-0.6843198747578813,1.2043266493272504,0.6716843346620293,-318.96566551557737,-449.48519365344515,295.4759191649263,0.18840832727966544,1.6471469908402392,1.488747470530965,-479.75732948285815,-279.38655564212223,198.42992742760256,-0.43943347160317436,0.21980873058967865,-0.09208561260169623,-414.922956758566,-391.81525135122047,439.9012256756903,-0.35627318578388084,-0.1081795299607864,-0.0232137164584071,-523.9122036411002,-381.10213075370154,122.36096660078258
327,0,-0.2721036213287725,-0.06787799387496453,0.15890008245451917,-571.9757008829401,-373.40010883099603,455.1843869291923,-0.5597692623604926,-0.08877507661088181,0.3887328342308159,-568.291387554076,-534.7153423891044,804.0123464641913,-0.478185367731824,-1.160326809543235,-1.1862237143609329,-761.5457761702861,-476.1503443416082,263.17288412058724,0.9972957815689002,1.3728902297587946,3.7927026176251117,-712.4629083845052,-294.68572780500756,122.09888665141196,-0.18477382417285299,-0.08977763521339245,-0.011498661093032195,-691.553564142566,-406.5511394517275,445.80797726274784,-0.7078775230320616,1.2001403764623744,0.67906318117773,-319.3611659972922,-448.6069183922407,295.06431014376915,0.13392398318969084,1.6699584210087564,1.4644694533453009,-482.73389941876536,-279.9476682360268,189.0605859709953,-0.4382791733707546,0.22120305594430445,-0.08315956344892617,-416.1642835732329,-391.5132790580094,439.620351226162,-0.3562803969698531,-0.1125668073572199,-0.020794108882009735,-524.3650050270699,-380.9994740895687,122.24122190966683
328,0,-0.27545097942986624,-0.06893751467789558,0.16249209679391233,-572.7829846035277,-373.2803583608591,455.11038802620936,-0.5593929757027589,-0.0898626526346857,0.39005732718917085,-569.087047222465,-534.6568463843056,803.8767260835199,-0.47751811136694655,-1.1602016462313887,-1.1876065464967305,-761.7280501154818,-476.2878246275021,263.00387575529004,0.9976535051506148,1.3723745872481967,3.792386384106158,-712.4680577489636,-294.7687527132673,121.9957682331351,-0.18476825874804495,-0.09052818765276409,-0.010467798144844451,-692.2159255570798,-406.7231189001616,445.66589823083314,-0.7279830060590531,1.1949925848539933,0.6865960582132637,-319.6588152724759,-447.62181573745727,294.8202538709752,0.08881623971443675,1.6899956002909389,1.443136465376374,-485.1476919412099,-280.2799067073257,181.2818209062781,-0.43681289811383717,0.22188269957444784,-0.07472216577142607,-417.33584318928973,-391.2292726176091,439.4088068759206,-0.35615548531259067,-0.1165330819936348,-0.018588705637438908,-524.8089409754116,-380.87448930308705,122.15083222977277
329,0,-0.27842020948159707,-0.06999526163769189,0.1656000108138403,-573.5562870430094,-373.16447665598173,455.0633870534108,-0.5590403795312522,-0.0909426911997347,0.39140131876578366,-569.8484888978506,-534.6112104423482,803.7580132916514,-0.47683144192153326,-1.1601336489793337,-1.1887434654879505,-761.9121608616568,-476.4309718282929,262.8369110527632,0.9983920525977348,1.3714287012291309,3.7920342870174917,-712.4711134143437,-294.8539016849126,121.90747471553807,-0.18465377666429317,-0.09124150756546395,-0.009537039190944698,-692.8574538733508,-406.87326128984387,445.5457399036649,-0.7443783928686974,1.1890094875870447,0.6942066473152521,-319.8729665489801,-446.5371954591789,294.74185334063975,0.053524060829227865,1.7070055467009846,1.4251293923040298,-487.0046721183426,-280.3404756009627,175.2057776648759,-0.43507614820794666,0.22181688053942125,-0.06685311304053602,-418.4317942847796,-390.96095931711506,439.27007814188255,-0.3559082241252008,-0.12000610757294548,-0.016609559691442115,-525.2450846998771,-380.72892118522236,122.09030087465896
330,0,-0.2809941347469072,-0.07104494334785172,0.16822522826008793,-574.2944481583213,-373.05154772393894,455.04252337524775,-0.5587276512789769,-0.09203162384016074,0.3927720561834917,-570.5744668402173,-534.5757152855152,803.6583470380731,-0.47614627059590264,-1.1601114264119103,-1.1896497855928874,-762.0993229379698,-476.57472396807,262.67325975124453,0.9994294067915339,1.3700845186394022,3.7916636741550844,-712.4746158419878,-294.9387731150414,121.83219980286445,-0.1844457545416719,-0.09192212962395731,-0.008687155246994156,-693.4774914964354,-407.00164273834486,445.44725014626994,-0.7568530133431811,1.1823258770658696,0.7018183697803143,-320.01802856778994,-445.3601156099289,294.8258722272781,0.028328449355815893,1.7207666995184188,1.4107674424815728,-488.3159191070956,-280.0935247971667,170.9171424680173,-0.43310632055646503,0.22098465532229675,-0.05962026536368619,-419.4475077367485,-390.7061456193112,439.2066105275541,-0.3555487462151621,-0.12292467179219208,-0.014867094596563404,-525.6742147250466,-380.5646782214776,122.05970164907227
331,0,-0.28316613976284594,-0.0720805405673196,0.17037634735285223,-574.9965457878136,-372.94051032971146,455.0466841487789,-0.5584708388836666,-0.09314440486192256,0.39417442695609495,-571.2639188948222,-534.5476859310121,803.5797699635688,-0.4754806424283133,-1.1601249480362694,-1.1903391023977774,-762.2907055714452,-476.7141676884971,262.51431423465937,1.0006893644771202,1.3683731030699962,3.79128949775285,-712.480842170888,-295.0209754988119,121.76844262164153,-0.1841599691157527,-0.09257388554624685,-0.007899924703292515,-694.075318434245,-407.10846436953597,445.370026458483,-0.7652511192933802,1.1750812856759416,0.7093589097150937,-320.10817446092244,-444.0969541322829,295.0678549314804,0.013351262573412499,1.7310929015213263,1.4003024405927738,-489.0971332112527,-279.51160783433113,168.47162458876653,-0.430935894600846,0.21937592285888818,-0.05307783484601604,-420.3797547643,-390.4627583108125,439.21971431437595,-0.355087418346529,-0.12524034056399394,-0.013369385168245283,-526.09681906298,-380.38377369615256,122.05867858252068
332,0,-0.2849403352976172,-0.07309655014988356,0.17206935341132512,-575.6619453007088,-372.8301874642113,455.07451937048126,-0.5582851939876409,-0.09429398339329775,0.39561081614056104,-571.9159787580621,-534.5245912429401,803.5241355930193,-0.4748488523610872,-1.1601659382700258,-1.1908228741348905,-762.4873838267122,-476.8446977367338,262.36155645408746,1.0021032545915676,1.3663246144253067,3.7909239675657966,-712.4917667817642,-295.09821214782863,121.7150245015409,-0.18381214484891506,-0.09319982151218513,-0.007158239480375458,-694.6501950245499,-407.1940713197051,445.313527243485,-0.7694781415330588,1.1674165289689264,0.7167638989945078,-320.157076182761,-442.7531586045445,295.4622138230948,0.008557645950029811,1.7378368539427245,1.3939148792799136,-489.36812498344005,-278.5768390269131,167.89514682115015,-0.4285920604828335,0.21699226263040947,-0.0472650781186621,-421.2268311503476,-390.2288766705045,439.3094924197855,-0.3545347638276377,-0.1269187467787856,-0.012121558474945579,-526.5131138763155,-380.1882691386122,122.08645404352221
333,0,-0.28633122850496184,-0.07408814094929161,0.17332750065274546,-576.2903351107201,-372.7193250254543,455.12446044370995,-0.5581844827881479,-0.09549084179873338,0.3970810679913158,-572.5299843954011,-534.5041285639178,803.4930110312597,-0.47426076508726706,-1.160228128425968,-1.191110208382815,-762.6902979708483,-476.9621614458466,262.2165176061744,1.0036114343176878,1.3639682192597407,3.79057631056572,-712.5090333534052,-295.1683581696798,121.6710907514821,-0.183417558807763,-0.09380216556893353,-0.006446191226467925,-695.2014047605693,-407.2589674378458,445.27708183758205,-0.769505134592327,1.1594707295746964,0.7239795363540853,-320.1776666583903,-441.3331853856348,296.0022847021691,0.0137618350373909,1.7408930821432536,1.391711780712578,-489.15231809821313,-277.2816941522912,169.18373198475393,-0.4260967670012505,0.21384754065955547,-0.042205556520431675,-421.98860971553864,-390.0027554757062,439.4747979361065,-0.3539014214904243,-0.1279404017544899,-0.01112534873598409,-526.9230747891576,-379.98022205673885,122.14184529175532
334,0,-0.28736290903267203,-0.07505122076328735,0.17418087059951204,-576.8817458327622,-372.6066380091719,455.1947426894086,-0.5581803220689545,-0.0967426224921816,0.3985825571614371,-573.1054823380964,-534.4842899770964,803.4875818385894,-0.4737213682657311,-1.1603073688258514,-1.1912078494259772,-762.9002221114431,-477.0629838064172,262.08073107277664,1.0051645420763848,1.3613319081238295,3.7902526439940574,-712.5339382605307,-295.229528003881,121.63609768481054,-0.18299071104500336,-0.09438234210456403,-0.005749162728555698,-695.7282948374533,-407.30382393685085,445.2598995258963,-0.7653711278327464,1.1513788585667348,0.7309640230252086,-320.1819316963625,-439.8406233780744,296.680354356797,0.028635959182536846,1.7402004382378256,1.393726341769866,-488.4762916816199,-275.62941692453006,172.30405208376214,-0.4234671461410475,0.20996822814144464,-0.03790698647311045,-422.66651853049996,-389.7828393168445,439.71322618517905,-0.353198127726405,-0.12830102177899952,-0.010378827723451481,-527.3264777924982,-379.7616398094935,122.22328931347597
335,0,-0.288067794954912,-0.07598242059576035,0.17466561787430607,-577.4365517961593,-372.4908619968633,455.28343194717553,-0.5582815903717164,-0.09805386121354782,0.40011036692701,-573.6422280027263,-534.4634078460035,803.508566234547,-0.4732305772042764,-1.1604016120210514,-1.1911203506224661,-763.1177422756135,-477.1442693387028,261.95567983122294,1.006724476426099,1.3584422111736467,3.789955965198766,-712.5674246686356,-295.2801321093419,121.60978565432374,-0.18254506411031918,-0.09494102722408873,-0.005053946068214964,-696.2303120052368,-407.3294806602457,445.2610778543807,-0.7571832422172295,1.1432697806912135,0.7376878056157437,-320.1807336132951,-438.2784832094147,297.48766625576616,0.05272139247693872,1.7357441492084342,1.3999192688194035,-487.369380233185,-273.6340124673663,177.19458952246197,-0.4207162533845739,0.20539339247867422,-0.034361666577072174,-423.26344751032735,-389.56776917948844,440.02114393350666,-0.3524357083814707,-0.12801137388268802,-0.009876319804688312,-527.722945781478,-379.53444123911845,122.3288755544467
336,0,-0.28848501170151286,-0.07687900828148835,0.1748229356626135,-577.9554546094636,-372.3708073861014,455.3884550855371,-0.5584939607042904,-0.09942583937476555,0.40165756389445434,-574.1401826170487,-534.4401785025466,803.5561454534811,-0.4727832973562992,-1.1605107842470168,-1.1908504078025626,-763.3432433011726,-477.2038777680267,261.84274026636507,1.0082650602514613,1.3553238202815348,3.7896862581698354,-712.610086272961,-295.31892166336576,121.59213943320513,-0.18209285116372786,-0.09547823610892107,-0.0043489017865929475,-696.7070314207318,-407.33693918894704,445.2796105815761,-0.7451145733676439,1.135264753819605,0.7441327147637427,-320.18366833146416,-436.6496206464171,298.4144118145303,0.08544213301956387,1.72755739818013,1.4101816518370391,-485.86334091623564,-271.3198290911214,183.7673452965289,-0.4178540519645972,0.20017433976669252,-0.03154743797751044,-423.7835905391146,-389.35638262118994,440.393756001164,-0.35162506845790836,-0.12709665526979586,-0.009608499087125256,-528.1119963552338,-379.3004272348709,122.45638592211276
337,0,-0.2886585007385214,-0.0777387477236463,0.17469779198632102,-578.4394494806454,-372.24541363483814,455.5076338713064,-0.5588195923020738,-0.10085656130261217,0.4032155515964785,-574.5995077055699,-534.4136642365962,803.6299159984057,-0.47236973938487054,-1.1606365653165334,-1.190399324209352,-763.5769032862105,-477.24047144941886,261.74312495648144,1.0097723447543565,1.3519991444745165,3.789440712879182,-712.662179338936,-295.3450203799207,121.58333790720401,-0.18164494871202402,-0.09599343162264577,-0.00362416389303934,-697.1581764881688,-407.3273476303136,445.31439561815085,-0.7293999788342411,1.1274763120093938,0.750290169359459,-320.1989573989142,-434.95725413605845,299.4497152993596,0.12611965232362665,1.7157224049858788,1.4243391824262976,-483.99208955287185,-268.7207501460722,191.9100170764953,-0.41488856432065724,0.1943739098660433,-0.029429111849311514,-424.23223383862853,-389.14770916621296,440.8252069926013,-0.35077716942584686,-0.1255954308191931,-0.00956265575512288,-528.493086658514,-379.0612607631234,122.60334119368376
338,0,-0.2886349704101743,-0.07855972265111547,0.17433750318273206,-578.8897760015426,-372.113800794124,455.6387212792949,-0.5592570065603315,-0.10234085473233022,0.40477448026769813,-575.0205583044375,-534.3832750339277,803.728867914912,-0.47197597041340705,-1.1607820978766061,-1.1897675739969924,-763.8186939504363,-477.2535335279069,261.6578274820695,1.0112445118400577,1.3484878437162007,3.789214049060248,-712.7236415346018,-295.3579428167214,121.58369568095239,-0.18121080735204165,-0.09648564306921097,-0.0028718848822094326,-697.5836282005652,-407.301977544978,445.36424329183734,-0.7103300342155747,1.120007455016708,0.7561586745995381,-320.2333759044684,-433.2055309474733,300.58162040002304,0.1739886467525081,1.7003709528222,1.442157487197153,-481.79149890548445,-265.8790372243266,201.4885612611247,-0.41182711335206584,0.18806544719869228,-0.027960282044783145,-424.6155038412789,-388.9409627560342,441.30871350769445,-0.3499029865982097,-0.12355816384347343,-0.009723109810082026,-528.8656516709752,-378.81845619877305,122.76705276242186
339,0,-0.28846180743591837,-0.07934014497097665,0.1737902210858273,-579.3078560653347,-371.9753157768853,455.7794390242222,-0.5598011580550113,-0.10387058585740629,0.4063236872288887,-575.4038760799863,-534.3487327457922,803.8513912680768,-0.47158467460009185,-1.1609516464800569,-1.1889554289327497,-764.0683851256106,-477.2433568941639,261.58757254322063,1.0126913478712458,1.344806400148597,3.7889989307165624,-712.7941159925421,-295.3575988513823,121.59359975152088,-0.18079843210384847,-0.09695358513843158,-0.002086504012373606,-697.9834232433367,-407.26219405188084,445.4278852480535,-0.6882435269908425,1.1129510737692874,0.761740873754194,-320.2922166024667,-431.4000945069947,301.7970861112853,0.2282131440631357,1.6816842939348318,1.4633483284810533,-479.29924645187685,-262.84388289198614,212.35004808509925,-0.40867757760003137,0.18133148868674973,-0.027085431101403584,-424.94008938764904,-388.7355331659455,441.8367202957625,-0.34901344261414313,-0.12104538785360539,-0.010071743268823947,-529.2291333161579,-378.5733771729852,122.9446784796598
340,0,-0.28818506382745324,-0.08007816756421644,0.17310341402727253,-579.6952224516492,-371.82957112791325,455.92751492847674,-0.5604436965660123,-0.10543497474254374,0.4078521416752022,-575.7501833051779,-534.3100214510995,803.9953109148478,-0.47117608645200043,-1.1611502260697462,-1.187963611366619,-764.3255517003854,-477.21100505050924,261.53277459902193,1.0141332837584185,1.340967792649661,3.7887864517867427,-712.8729791099807,-295.3442843860674,121.61344473966403,-0.1804144028981148,-0.09739576914474898,-0.001265012475655599,-698.3577410478905,-407.20942070157804,445.5039842402358,-0.6635189263709569,1.106389559017787,0.7670404199367136,-320.37928975817044,-429.54860689284516,303.0819991630414,0.2879024669602648,1.6598923614904955,1.4875764189610676,-476.5546943360487,-259.66974414893747,224.32571779506893,-0.4054495875740251,0.17426222258498664,-0.026742232808253438,-425.21295370352215,-388.53097815746537,442.4010726694254,-0.348119317353594,-0.11812558213696951,-0.010588616796841718,-529.5829989163783,-378.3272417033517,123.13328116738758
341,0,-0.28784762177069084,-0.08077171986173488,0.17232241873961682,-580.0534423209648,-371.6764744774069,456.0807187275921,-0.5611734008465422,-0.10702099346488166,0.40934886928819075,-576.0603782427457,-534.2673285703052,804.1579475406884,-0.47072905140182364,-1.1613832185860555,-1.1867939358158672,-764.5895816532036,-477.15824701615384,261.49350783475666,1.015600021203046,1.3369813393801415,3.78856666796196,-712.9593708082689,-295.31865878026167,121.64357020425122,-0.18006392546137515,-0.09781060106753103,-0.00040718257938415124,-698.7068809815089,-407.14510119532946,445.59114497026354,-0.6365652966703633,1.1003945637489456,0.7720589214115937,-320.49695732643147,-427.6611847465356,304.4212099447269,0.3521266242872391,1.6352722186547148,1.5144666047866109,-473.5987816552331,-256.4145362245277,237.23414838404994,-0.40215559573457055,0.1669537784315258,-0.026863953248010157,-425.44105137011746,-388.3270177605086,442.99319715152933,-0.34723113868317934,-0.11487283178866152,-0.011252634044295067,-529.9267487151385,-378.08113311652306,123.32988813666816
342,0,-0.2874876207792461,-0.08141838186561032,0.17148913165026838,-580.3840403258923,-371.51624733142296,456.23689504768026,-0.5619767506790262,-0.10861382771107103,0.4108033359233002,-576.335531971101,-534.220981701233,804.3362009433212,-0.4702221602672304,-1.161655995600413,-1.1854499018112539,-764.8596842594347,-477.08746935957475,261.46948957007476,1.0171287883348765,1.3328527655977778,3.788329145756663,-713.0522263021929,-295.2817099893992,121.6842033005966,-0.17975090314264533,-0.09819646329056118,0.00048427381612535227,-699.0312317974898,-407.0706603823406,445.68792601681287,-0.6078131131144514,1.0950269098075975,0.7767931879577304,-320.6461991205614,-425.7507136951492,305.79859847655507,0.4199307809765772,1.6081456893107748,1.5436111917147208,-470.47390861008773,-253.13776991706268,250.8844508869704,-0.39881176085403824,0.159506410292022,-0.027381853681129623,-425.6310644457753,-388.1235315267838,443.60428264914503,-0.3463590611453313,-0.11136437241734899,-0.012042216566881763,-530.2599132892028,-377.8360151812244,123.53154974350988
343,0,-0.28713720995666664,-0.08201530858936917,0.17064089562416215,-580.6884261934761,-371.34943234669663,456.39399253108246,-0.5628385925631637,-0.11019738218458976,0.41220577515024925,-576.5768861611245,-534.1713861099154,804.5266499501039,-0.4696348977489236,-1.1619735641353728,-1.1839372021045234,-765.1348981032982,-477.0015693151413,261.46007835709196,1.0187622872711184,1.328584541865533,3.7880634983272086,-713.150308801777,-295.2347088832138,121.73540955812811,-0.17947802107130525,-0.09855177914620661,0.001403648964252653,-699.3312362158481,-406.9874670980562,445.7928527634373,-0.5777053980557284,1.0903366375325365,0.7812329699735736,-320.8267076591234,-423.83301515855095,307.19717615915414,0.4903485454680436,1.5788761347621076,1.5745772189196428,-467.22379306575795,-249.89871459208777,265.07941621667334,-0.3954385985029013,0.1520226341898829,-0.0282275021846574,-425.7891701345787,-387.9205589803793,444.2254552808298,-0.34551274042645314,-0.10767813704091309,-0.012935953768837367,-530.5820425714339,-377.5927498925215,123.73539474010889
344,0,-0.2868216656822036,-0.08255921238484686,0.16980962368348232,-580.9678314132108,-371.1768887403425,456.55008839307567,-0.5637428483879677,-0.11175481070118423,0.413547450634951,-576.7858508588517,-534.1189673373303,804.7256623933692,-0.4689487409797954,-1.1623402520058206,-1.1822641131600629,-765.4140991058943,-476.90383365731327,261.4642870989078,1.0205464101703778,1.3241765207369867,3.7877598783778814,-713.252242907339,-295.179154715179,121.79705393693266,-0.17924683534331465,-0.09887506123183519,0.0023423082171921683,-699.6073539590276,-406.89680125795314,445.9044311361704,-0.546689526306691,1.0863631933171967,0.7853593385202884,-321.0370074835379,-421.9268492525567,308.5992276097583,0.5624139070514583,1.5478643618703454,1.6069135232701848,-463.8932825088083,-246.7546635108404,279.6185473145963,-0.3920613628597697,0.14460537692657605,-0.029334906472221877,-425.9208500717153,-387.71830292018194,444.8479412521739,-0.3447012104966882,-0.10389043046048776,-0.013913195481916826,-530.8926888444333,-377.3521164501648,123.93868012610227
345,0,-0.28655889271888735,-0.0830464056369029,0.169021186085684,-581.2232590797968,-370.9997759890854,456.70340801687735,-0.5646732166496178,-0.11326905301348743,0.4148208501767905,-576.9640010276992,-534.0641225713048,804.9295083581544,-0.4681481436432047,-1.162759447839506,-1.1804417393569107,-765.6960093187993,-476.7978084990567,261.4808106228947,1.02252780937667,1.319626877505046,3.7874094015273223,-713.3565487135246,-295.1167141808563,121.86877363257523,-0.17905786159113693,-0.09916494580650627,0.003288895919928381,-699.8600266761821,-406.7998272132878,446.02116189705896,-0.5152099549351844,1.0831357398430075,0.7891438059225293,-321.2745940384033,-420.05374748922577,309.98649493245637,0.6351717537575174,1.515543666962532,1.6401574800522725,-460.5281079767254,-243.75936891307757,294.30092143943625,-0.3887101406007771,0.13735618792204646,-0.03064238823406565,-426.0307485519779,-387.51713475938016,445.46321378773763,-0.3439327685110831,-0.10007384842534932,-0.0149545596544708,-531.1913864284699,-377.114830141648,124.13883352688975
346,0,-0.2863593054350279,-0.0834729013185854,0.16829507245677947,-581.4554500369198,-370.8195264661679,456.8523394990724,-0.5656138214569479,-0.11472336178790839,0.41601981300065355,-577.1130705051253,-534.0071834278745,805.1344704050396,-0.4672213457795806,-1.1632334090675702,-1.178484088805208,-765.979207631128,-476.68716540336976,261.50806631383887,1.0247514120548704,1.3149333335565956,3.787004478434263,-713.4616767836944,-295.04915687838127,121.94996336945363,-0.1789106591586235,-0.0994202162790124,0.004229676203646462,-700.0896479549274,-406.69757478564145,446.14155521440586,-0.4837020248128864,1.0806735639545737,0.792548236133872,-321.53608679351754,-418.2376784798243,311.34040445316174,0.7076869956482439,1.4823740376458547,1.6738413484427517,-457.1745709282473,-240.96170199359474,308.92783944326425,-0.3854196541450945,0.13037355849392296,-0.03209413052489136,-426.12258400813596,-387.31760073226354,446.06312185617554,-0.34321487056475164,-0.09629553544477504,-0.016042334297046615,-531.4776308753203,-376.8815600617889,124.33348679003981
347,0,-0.2862260664389117,-0.08383456440037863,0.16764432707760957,-581.6648673388712,-370.63780812689777,456.9954433221572,-0.5665497738504214,-0.11610180427615374,0.4171395954926361,-577.2349421476255,-533.9483917272293,805.3369454742514,-0.4661609598659195,-1.1637631482826538,-1.1764079673367127,-766.2621437195089,-476.575569145777,261.5442456952395,1.0272579709465743,1.3100946120743375,3.7865390406624195,-713.5660441795917,-294.97829019542695,122.03977320317833,-0.17880390898559181,-0.09963981886599413,0.005148992885223998,-700.2965410891906,-406.5909287238036,446.2641452345929,-0.4525868731908109,1.0789865512839836,0.7955255446419479,-321.817391192312,-416.5045585103987,312.6423334366108,0.779052393718587,1.4488355550702685,1.707498183119894,-453.87915877280653,-238.404578543451,323.3052318627362,-0.3822287864399127,0.12375138381329194,-0.03364134509954549,-426.19911492652943,-387.1204275574107,446.6399999618749,-0.34255403957897906,-0.09261584296680903,-0.017160760881962705,-531.7508602984751,-376.65294484116873,124.52050029028794
348,0,-0.28615564349719436,-0.08412730343357387,0.16707574321594493,-581.8516998018732,-370.45647875955905,457.13145754717203,-0.5674676207866898,-0.11738972393034237,0.4181768829980614,-577.3316332522766,-533.8878888279675,805.5335344652193,-0.4649642995428602,-1.1643484042642847,-1.1742326881786123,-766.543156502687,-476.4665521945861,261.58737429426475,1.0300817407844414,1.3051120488133123,3.786008653551606,-713.6680716343196,-294.9058966418523,122.13711820847739,-0.17873548498556308,-0.09982287305893967,0.006029821078617269,-700.4809465248413,-406.4806266583596,446.3875044066982,-0.4222674020307819,1.0780756957826592,0.7980211407444848,-322.11386420787585,-414.881626447764,313.8739117076734,0.8483952384930996,1.415421065598604,1.7406672913364118,-450.6880894445547,-236.12417559584486,337.2458054507538,-0.37917985025088835,0.11757759104436326,-0.03524302626535244,-426.2621583952782,-386.92652603143716,447.1867594025276,-0.34195578518939745,-0.08908741666526952,-0.018296194777912902,-532.01044105147,-376.42960577299755,124.69797816069666
349,0,-0.2861386329458884,-0.08434728893434902,0.1665902918357032,-582.0158841660945,-370.27753364108094,457.2592990820526,-0.5683556678954148,-0.118574147822214,0.41912975654394863,-577.405275794423,-533.8257181457654,805.7211168472736,-0.4636334369522487,-1.1649876987512573,-1.1719796079833797,-766.8204980467318,-476.3634005599342,261.6353767720134,1.0332483645699362,1.2999912586222766,3.7854105188688245,-713.7662217550999,-294.8336764245213,122.24069891372409,-0.17870251998302275,-0.09996867879323422,0.006854375902155465,-700.6430200330126,-406.3672650307433,446.510257352447,-0.3931251724022896,1.0779336159529846,0.7999750215397674,-322.4204787151731,-413.3967087096436,315.0173505422527,0.9148830360068615,1.3826282257744975,1.7728992204088647,-447.64678967336545,-234.14944885923833,350.5709277385,-0.3763176313389503,0.11193294365004378,-0.03686628048393272,-426.3126568370438,-386.73699106595785,447.69696206081966,-0.34142453465073896,-0.08575471229651305,-0.019437145978048725,-532.255659381037,-376.21215690176945,124.86427522567912
350,0,-0.28616078923537613,-0.08449118354934339,0.16618375140750455,-582.1571442277688,-370.10304865734116,457.378061682246,-0.5692041718696055,-0.11964412678652084,0.41999762338113733,-577.4580915253414,-533.7618396574982,805.8969089327206,-0.46217499617707064,-1.1656784740109818,-1.1696715145244339,-767.0923633287547,-476.2690551346509,261.6861441572542,1.0367730455167776,1.294743743749037,3.7847433800357653,-713.8590378606126,-294.76319766568577,122.34903096973002,-0.17870146808741408,-0.10007672136516295,0.007604741405689406,-700.7828417549332,-406.2513119822719,446.6310941182322,-0.36551804219458,1.0785450563938281,0.8013243894632223,-322.7319824930768,-412.0774047770775,316.05578884044576,0.9777283590777052,1.3509510679909107,1.8037602656431697,-444.7993153646016,-232.50194583891005,363.1122601384381,-0.3736882389410312,0.10689001953889592,-0.03848624434425521,-426.3507863224914,-386.5530968974842,448.1648780861585,-0.34096357348211426,-0.0826539153265323,-0.02057420981891222,-532.4857200227826,-376.0012117781693,125.01799679237591
351,0,-0.2862041957151713,-0.08455636840113687,0.16584749918316133,-582.2750443070553,-369.93512105731594,457.4870113716222,-0.5700054067166725,-0.1205909972009975,0.42078111925888007,-577.4923624461691,-533.6961545118467,806.0585055325304,-0.46059971128625404,-1.1664172999264637,-1.167331905432127,-767.3569255835218,-476.1860319702133,261.7376000897006,1.0406590695712357,1.2893883245161661,3.784007352121736,-713.9451827261665,-294.69585615333773,122.46048229364027,-0.17872816578625494,-0.10014667437095816,0.00826348431138115,-700.900435402619,-406.1331258240271,446.74878267697096,-0.3397783332226275,1.079887361350616,0.802006638580093,-323.0430484349476,-410.9502268042898,316.97364466107035,1.036193027886932,1.320871281910392,1.832836505583262,-442.1877257875061,-231.19589606636666,374.7131607125397,-0.37133780075471584,0.10251235327701652,-0.04008562548713439,-426.3760982389435,-386.3762865895019,448.5855288446419,-0.34057499476809044,-0.07981322027693141,-0.021699902500443142,-532.6997520592114,-375.7973867162103,125.15799267731764
352,0,-0.286248511001022,-0.08454115044400115,0.16556942030439417,-582.3690536515624,-369.7758100097203,457.58557993418697,-0.5707536149202597,-0.12140855649623432,0.4214819888276508,-577.5103975595503,-533.6285373637237,806.2039055728063,-0.4589217944654016,-1.167200133452323,-1.1649842076001151,-767.6123762729566,-476.11636403568843,261.78776324946506,1.0448967312886175,1.2839522774616918,3.783203705832191,-714.0234761656785,-294.6328459141326,122.57331578969985,-0.17877789417536027,-0.10017840040262305,0.008814220714365504,-700.9957961536202,-406.01297747816204,446.86218055535437,-0.316211306542708,1.0819309147219598,0.8019625435500949,-323.3484134551489,-410.03972826796166,317.7569589051519,1.089591801553134,1.2928494500492014,1.8597374027790892,-439.8514261187291,-230.2385484080397,385.2298853350968,-0.3693110440043507,0.0988537314790116,-0.04165391995344922,-426.38768500395685,-386.2081554466384,448.9547163779099,-0.3402596566019835,-0.07725341128430069,-0.022808420058600287,-532.8968217875403,-375.6013005285163,125.28334692268112
353,0,-0.28627222793120427,-0.08444493704691879,0.16533488939483323,-582.4386178761264,-369.6270790306555,457.67335703482814,-0.5714448597650696,-0.1220931487384885,0.4221029491050906,-577.514497081516,-533.5588737340274,806.3315228785071,-0.45715816948195914,-1.1680226088162835,-1.162650990601479,-767.8569681863538,-476.0615658894393,261.8348035878229,1.0494627041878695,1.2784720800192577,3.78233463753826,-714.0929300686595,-294.57514123773933,122.68573570060681,-0.1788454447040409,-0.10017194903687339,0.00924210866902787,-701.0689251949221,-405.89107518189394,446.97024545066296,-0.2950937431720993,1.0846395475615012,0.801139488876942,-323.6430045389891,-409.3676563517483,318.3937174608054,1.1372957823225607,1.2673165048931128,1.8840990445107948,-437.8264952977936,-229.63071639986077,394.5326205204267,-0.3676498090788035,0.09595763407934361,-0.043186373838853674,-426.384359961267,-386.05042846782743,449.26904040281045,-0.3400171480242056,-0.0749886755158976,-0.02389534205288487,-533.0759518919476,-375.4135708723692,125.39336461167555
354,0,-0.28625388773999005,-0.08426836632787708,0.16512777956603006,-582.4832333193496,-369.4907421693789,457.75008140690966,-0.5720767986712617,-0.1226436614067432,0.422647539976505,-577.5069154776143,-533.4870995542891,806.4401837580203,-0.4553276278723985,-1.168880334528133,-1.1603532244545303,-768.0890598723594,-476.0226214326279,261.87709051478294,1.054319886726528,1.2729936824367925,3.781403055103599,-714.1527792861198,-294.5234900918951,122.79593566441919,-0.17892519061225207,-0.10012755178258403,0.009534245499923195,-701.1198684818355,-405.7675897628399,447.07204468523963,-0.27667247009665175,1.0879709192100147,0.7994945895017087,-323.9220512258909,-408.95216099442825,318.8741385546953,1.1787357437619883,1.244665680687278,1.9055871251216348,-436.1450181558981,-229.36748600477628,402.5063828582548,-0.36639154750107344,0.09385681924456384,-0.04468276600608223,-426.3648415598633,-385.9049323802845,449.525903684383,-0.33984576487477275,-0.07302757558178741,-0.024957302644006217,-533.2361459048757,-375.2348075106787,125.48755705440536
355,0,-0.2861731999296645,-0.08401338489351116,0.16493145570062526,-582.5025202435054,-369.3684156006248,457.8156314255022,-0.5726483994822043,-0.12306143906233469,0.42311996538286095,-577.489824771759,-533.4132400616427,806.5291132839657,-0.4534499622357551,-1.1697691733183813,-1.158109624820129,-768.3071595010852,-475.99999362857983,261.91323176546524,1.0594177464249555,1.2675722540613121,3.7804124028274444,-714.2025066677525,-294.47841820250187,122.90214662277518,-0.17901116587484886,-0.10004561397751234,0.009679955794359896,-701.1487570929413,-405.6426789098277,447.1667633387953,-0.2611627334357618,1.0918768818777607,0.7969975712422209,-324.18118438780203,-408.8070904596517,319.190913390321,1.2134055867736049,1.2252452127917706,1.9238997809636647,-434.8344423379676,-229.43903599194996,409.051818994526,-0.36556786134379804,0.09257305366509547,-0.04614609184981068,-426.3279323481744,-385.77356307052105,449.723506493382,-0.3397424981355279,-0.0713741055829378,-0.02599165199382496,-533.3764167742919,-375.06560296544427,125.56562641677155
356,0,-0.286012027493989,-0.08368326837131561,0.1647297120996858,-582.4962910793611,-369.2614760005018,457.87001528932274,-0.5731596224071797,-0.12335012342910467,0.42352492905457684,-577.4652795570249,-533.3374453422149,806.59791229428,-0.45154512573118716,-1.1706854831242495,-1.1559361201390599,-768.5099662935532,-475.99365386170876,261.9421022034983,1.0646931757952185,1.2622713795251759,3.779366540428198,-714.2418606151973,-294.44024247774,123.00268284655425,-0.17909715300036583,-0.09992670402884449,0.009670964202039762,-701.1558465718091,-405.51650906152224,447.25371090223376,-0.24874639383862357,1.0963038408932133,0.7936332980283156,-324.4165214035648,-408.94139930596475,319.33939025409546,1.2408660998132333,1.2093519966372464,1.9387703796189981,-433.916981426677,-229.8315192480564,414.0859366706558,-0.3652031457791233,0.09211699191330659,-0.04758122664746187,-426.27268413162096,-385.6582493630644,449.86083085790386,-0.3397030384923147,-0.07002875752612871,-0.02699613007644721,-533.495818306724,-374.90652119718203,125.62745063683379
357,0,-0.28575520685058675,-0.08328258417509911,0.16450761880368267,-582.4646103631793,-369.1710267977523,457.9133609710536,-0.5736110899068743,-0.12351543223103227,0.42386746911484124,-577.4351850095439,-533.2600200694327,806.6465271602419,-0.449632460612706,-1.1716263003706395,-1.1538454668845837,-768.6964077754245,-476.00312756100266,261.9628622982335,1.0700718627717967,1.2571617091135543,3.778269682591765,-714.2708637302446,-294.40909195781325,123.09598452975776,-0.1791767805546493,-0.09977154086097371,0.009501455983464292,-701.141552819883,-405.3892738055035,447.33232630823767,-0.23956999213469715,1.1011931235028045,0.789403851521429,-324.62473775735145,-409.35869024037834,319.31769484971016,1.26074915220876,1.1972263664650975,1.9499703406188111,-433.4090856197268,-230.52795384841497,417.5427918627146,-0.36531339871571106,0.09248820869432929,-0.04899364201942118,-426.1985417400349,-385.560914113392,449.9376154367519,-0.3397218019056125,-0.06898953008492124,-0.02796857316355179,-533.5934782959811,-374.75808506437266,125.67306924389135
358,0,-0.2853911815932502,-0.08281709995608233,0.1642522459446691,-582.4078435635713,-369.0978731031537,457.945906061099,-0.5740037653963778,-0.12356489092076084,0.42415279634208547,-577.4012689796435,-533.181445338824,806.6752143092584,-0.4477300314648964,-1.172589450457126,-1.151847030980721,-768.8656712745632,-476.0275519394989,261.9749664255059,1.0754701639673443,1.2523190960899382,3.777126398129986,-714.289811495904,-294.38493410365805,123.18065564853097,-0.1792436308516113,-0.09958098099949922,0.009168037250404933,-701.1064823964539,-405.2612080118024,447.4021812115554,-0.23374279214192853,1.1064813672026728,0.7843300872394154,-324.80312480154083,-410.05690688483907,319.126782332389,1.2727623843345912,1.1890480990555263,1.9573120294527562,-433.32100022682806,-231.50907569259783,419.3741498898901,-0.36590525989393896,0.09367538685981824,-0.050388241287835686,-426.10545913684444,-385.48343350698855,449.9543220341383,-0.33979198175752134,-0.06825281965760534,-0.028906670646670442,-533.6686322395934,-374.6207633904533,125.7026704909513
359,0,-0.28491243862179316,-0.0822936446176942,0.16395324128625552,-582.3266926004818,-369.04250582942024,457.9679876131394,-0.5743386593958013,-0.12350753213522607,0.42438614117349754,-577.3650589374969,-533.1023909457175,806.6845013744686,-0.44585409061434633,-1.1735735745621039,-1.1499467447925409,-769.0172282832787,-476.06574132148074,261.9781614896736,1.0807974504740725,1.247822281360961,3.7759416614788983,-714.2992604232556,-294.36760404614984,123.25549605501054,-0.17929135783712788,-0.09935600733721717,0.00866961549006372,-701.0514554432834,-405.1325972982353,447.4629814190601,-0.23133494142866276,1.1121009342296662,0.7784526095732329,-324.94963309276983,-411.0281900225506,318.7704191223673,1.2766943806715716,1.1849336945082194,1.9606517245657835,-433.65643033288075,-232.75410979012946,419.55012963387213,-0.3669753356079759,0.09565666267832675,-0.05176836964459034,-425.99398301418836,-385.4275953301948,449.9120949661111,-0.3399056333600331,-0.06781414393797912,-0.029807786692318858,-533.7206566575912,-374.49495848626776,125.71658004907366
360,0,-0.2843157439504562,-0.08171993102478593,0.16360324259606565,-582.2222164989145,-369.00509522113833,457.98003209004537,-0.5746165788365636,-0.12335357731923599,0.4245726145549117,-577.3278642252349,-533.0237169602096,806.675146693041,-0.4440186941759286,-1.1745780669729615,-1.1481472394502925,-769.150850560654,-476.11625559013754,261.9724766530608,1.0859588728457197,1.2437502115388441,3.774720944289527,-714.3000056972334,-294.35683444314884,123.31952703521324,-0.17931381468204205,-0.0990977220885383,0.008007228145031665,-700.9775198531648,-405.00378280495056,447.51456641114476,-0.23237589729713276,1.1179803541140771,0.7718321262363698,-325.06290052693976,-412.25890522893985,318.2550950427604,1.2724202279685901,1.1849349389884631,1.9598926138627832,-434.41232755001266,-234.24142450979855,418.05982965134774,-0.3685098545991456,0.09840012821045983,-0.053135043579263894,-425.8653005348126,-385.3950568486804,449.8127146175614,-0.3400537960342281,-0.06766866032779563,-0.03066885757478138,-533.7491011355016,-374.3809949420479,125.71525139390515
361,0,-0.2836021832071163,-0.0811043503918946,0.1631981135792184,-582.0958362988467,-368.98549372086467,457.9825454985467,-0.5748379317982427,-0.12311411359181448,0.4247170874622526,-577.2907637542229,-532.946463995239,806.6480987066886,-0.4422354779496802,-1.1756029231791874,-1.1464481418372765,-769.2666171610533,-476.17746772606256,261.9582051946072,1.0908584648103317,1.2401790993716761,3.7734703315068283,-714.2930490085444,-294.35228383157875,123.37200979637257,-0.17930518990247304,-0.0988073464038155,0.00718385074328976,-700.8859557377768,-404.8751615920336,447.5569069533051,-0.2368532504552644,1.124044794117888,0.7645491607198305,-325.1422645752293,-413.7298447301074,317.58986871507744,1.2599072767934982,1.1890387164339253,1.954987738245003,-435.57881209642653,-235.94904184233008,414.9119229526167,-0.3704846864416496,0.10186448818399625,-0.05448643143485849,-425.7212494943453,-385.3873028403965,449.6585465864769,-0.3402266565959357,-0.06781145500988285,-0.031486371368516834,-533.7537182967699,-374.2791104175101,125.69925792481283
362,0,-0.28277701841836833,-0.08045574812462443,0.1627369996923129,-581.9493240554901,-368.9832478119997,457.9761037873554,-0.5750025962443471,-0.12280077687914914,0.4248240933645257,-577.2545990137683,-532.8718321134243,806.6044566413889,-0.440513593735923,-1.1766485053738813,-1.1448465151671172,-769.364911930356,-476.2476270909124,261.9358797074501,1.0954024754995362,1.237179355313486,3.772196644742529,-714.2795579204483,-294.3535617616341,123.41245658313304,-0.17926014990741265,-0.09848622832328605,0.00620421444996841,-700.7782697244999,-404.7471832209311,447.59010086647413,-0.24471205208528718,1.1302165598890788,0.7567031184068062,-325.18775824183643,-415.41660084475785,316.78615146721637,1.2392208447553335,1.1971680079708995,1.9459427669069493,-437.13924046337496,-237.85498654729085,410.1351940989997,-0.37286573678222396,0.10599986466115514,-0.05581760342432301,-425.5642908622548,-385.40560430927667,449.4524878375301,-0.3404137561006828,-0.06823759287855914,-0.03225643202128074,-533.7344909586408,-374.1894490256961,125.66928677490488
363,0,-0.28184937821170797,-0.07978319026253843,0.1622222081887751,-581.7847764813639,-368.99761821331634,457.9613435679745,-0.5751098576607718,-0.12242544994802537,0.42489775712911715,-577.2199720414482,-532.8011488577912,806.545433668858,-0.43885979914309114,-1.1777152380798195,-1.1433374127663076,-769.4464114042923,-476.3249159157592,261.90624198673913,1.0995027901852814,1.2348125353166841,3.770907555692899,-714.2608187499172,-294.3602494898924,123.44063437558842,-0.17917398477394794,-0.0981358592624677,0.005074655837071706,-700.6561791161396,-404.6203432214655,447.6143670994193,-0.2558547177952788,1.13641563563918,0.7484107169614057,-325.20008983288335,-417.29010260311765,315.85743716819576,1.2105295267698966,1.2091839970071674,1.9328184617761126,-439.0704253727811,-239.9374675569705,403.7789793791899,-0.3756097146111964,0.11074873654033468,-0.057120554948032955,-425.3974453655965,-385.45097845871095,449.1979113174585,-0.34060423932079237,-0.06894193326939914,-0.03297490483251646,-533.6916557388208,-374.112057730048,125.6261341866201
364,0,-0.2808318031616087,-0.07909572919019843,0.16165892508917298,-581.6045744599638,-369.0276075607411,457.9389532066787,-0.575158417159241,-0.12199998155501936,0.4249417529191124,-577.1872478533614,-532.7358274065886,806.472323594065,-0.43727868755314697,-1.1788032518543898,-1.1419145074310322,-769.5120634669076,-476.40749729286387,261.8702090531806,1.1030802749689692,1.2331284609666733,3.7696116732614087,-714.2381854743635,-294.3719155324021,123.45656139046501,-0.1790427528923953,-0.09775789741343434,0.003803011122473031,-700.5215864548726,-404.4951741957218,447.63003831506893,-0.2701415458450287,1.1425602826415238,0.739803804305226,-325.18060714832825,-419.31730129421305,314.8189872663526,1.1741097171914854,1.2248891824394679,1.9157326666470846,-441.3430102901652,-242.17489575364584,395.91345990664433,-0.37866524570457943,0.11604699281889054,-0.05838449175556625,-425.22419743833746,-385.52415061711895,448.8986105129321,-0.34078714376989416,-0.06991873094415153,-0.03363763532546421,-533.6257223688417,-374.0468859610942,125.5707022480814
365,0,-0.2797396718071616,-0.07840217715191673,0.16105479007423415,-581.4113302662547,-369.0719944949991,457.90966433765885,-0.5751464687031165,-0.12153593071271382,0.4249592924851402,-577.1565607485576,-532.6773163322914,806.3864719816149,-0.43577303905351994,-1.1799119971289056,-1.1405707542483827,-769.5630575560336,-476.49355378573125,261.82883680180925,1.1060678694238482,1.2321626698902561,3.7683185893405007,-714.2130274912173,-294.38812589686444,123.46049686331847,-0.17886341909223877,-0.09735419476164124,0.0023985557354830964,-700.3765455085223,-404.3722352924305,447.6375522528376,-0.28739184644533206,1.1485677237943472,0.7310265993725616,-325.1312472197636,-421.4619849269151,313.68748178233005,1.1303489086739695,1.244031391651157,1.8948616428560439,-443.92199541238557,-244.54575271961957,386.6297499470213,-0.3819742845094449,0.1218250695338833,-0.05959634998473324,-425.04837139809365,-385.6255189622344,448.5587454070531,-0.34095172219544456,-0.07116105537932071,-0.03424072877445535,-533.5374879561876,-373.99378842289764,125.5039967194091
366,0,-0.27859053617684587,-0.07771089615187274,0.16041935785957862,-581.20782485081,-369.12937286897784,457.87424386600554,-0.5750718415857518,-0.12104433822183744,0.42495314389239464,-577.1278238848944,-532.6270428811374,806.2892525241053,-0.43434426742861193,-1.1810398529467527,-1.1392990434864492,-769.6007875924221,-476.5813165233025,261.78328275336486,1.108413258966394,1.2319343431914003,3.767038869698051,-714.1866790595188,-294.4084492830356,123.45292481193852,-0.17863398012167797,-0.09692682317149803,0.0008719797687689869,-700.223220116622,-404.2521007224361,447.6374421542549,-0.307385635960222,1.1543549474806483,0.722232404059833,-325.054473188135,-423.68569605144717,312.48064806503925,1.0797473212570206,1.2663085791756101,1.8704405709844187,-446.76740607229505,-247.02833474341162,376.0397193003437,-0.38547375656000327,0.12800913170720937,-0.06074150954069585,-424.8739860603298,-385.75512306496614,448.1827911624603,-0.3410877893445237,-0.07266007341776143,-0.03478087351789578,-533.4280454471922,-373.95253082613834,125.42712562527207
367,0,-0.27740339880808385,-0.07702961270860396,0.1597634804500641,-580.99693798599,-369.19819459256047,457.83348656443553,-0.5749322020181973,-0.12053552623640432,0.424925679175011,-577.1007415684493,-532.5863520730362,806.1820493433107,-0.43299293290215146,-1.1821837564883202,-1.1380928021447956,-769.6268091213835,-476.66908529733456,261.7347693108773,1.110080984632693,1.2324448328481614,3.765783978418543,-714.1603929509693,-294.43245792086884,123.43453266506307,-0.1783535709949497,-0.09647809438695655,-0.0007646180456409759,-700.0638376788494,-404.13534790224935,447.63032654138976,-0.3298658128887068,1.159839664290299,0.7135798512180979,-324.9532003361231,-425.9487223142561,311.21687975349096,1.022917435966181,1.2913742951112486,1.8427630485346742,-449.8350882831521,-249.60040472277672,364.27548924135283,-0.38909734890692377,0.13452225510434532,-0.06180464727256267,-424.7050950919693,-385.91261744022074,447.7754906182684,-0.3411860805265186,-0.07440425027954194,-0.03525568780277015,-533.2987855969262,-373.92279808777187,125.34129823607455
368,0,-0.27619796619546616,-0.07636526544954378,0.1590986479549497,-580.7815744320201,-369.27681445683345,457.7882084085302,-0.5747253055636572,-0.12001892579860794,0.4248789477649775,-577.074823796742,-532.5564442387347,806.0662457660005,-0.4317192859442607,-1.1833388787440227,-1.136946507717365,-769.6427923749953,-476.75524071517987,261.6845487872711,1.1110538841846773,1.2336768801800941,3.764566127412911,-714.1353003486356,-294.4597249828191,123.40618579281417,-0.17802254575739307,-0.09601056897782762,-0.002497739742150931,-699.9006393298561,-404.0225457369804,447.6168986234311,-0.3545407143264537,1.1649414447996633,0.7052287741073884,-324.8307136415214,-428.21112486275166,309.9148585870612,0.9605810584248389,1.3188437074439412,1.812179436461894,-453.0776100422796,-252.23879115196112,351.488546331801,-0.39277736041107136,0.14128556039823226,-0.06277066853529104,-424.5456211935498,-386.0972514146577,447.34181136659436,-0.3412386062454638,-0.07637853144062448,-0.03566406737561711,-533.151391860912,-373.9042044027968,125.2478239867837
369,0,-0.27499391561323117,-0.07572389260036973,0.158436326150872,-580.5645895346537,-369.3635351494544,457.73924081801465,-0.5744492901332933,-0.11950293202561417,0.4248147709300855,-577.049402732962,-532.5383138424309,805.9432198975053,-0.43052380487125536,-1.184498369604122,-1.1358560851752404,-769.6504730906371,-476.83824986048666,261.63387128249417,1.1113337969591186,1.2355945815845681,3.763398047028117,-714.1123784812921,-294.4898196617573,123.3688990980409,-0.17764252663643668,-0.09552705031776566,-0.004312523433200414,-699.7358290187123,-403.9142435000422,447.59791558286884,-0.3810869609479082,1.1695830554004887,0.6973358068340793,-324.69057947974346,-430.4337666586528,308.5931914478029,0.8935636156887015,1.3483000626244208,1.7790939416503868,-456.4452413853048,-254.9189777091706,337.8484273489278,-0.39644652741486225,0.14821925667130728,-0.06362565276431,-424.3991926558628,-386.3078566699073,446.886907806055,-0.3412389844091337,-0.07856357260985725,-0.036006509565621646,-532.9878277880016,-373.8963045291495,125.14811078210398
370,0,-0.2738102122139607,-0.07511056487033665,0.1577873271090687,-580.348717773829,-369.4566506196809,457.6874259470326,-0.5741029972900136,-0.11899478685581767,0.424734850999658,-577.0236509395872,-532.5326925615898,805.8143470024813,-0.42940768961222864,-1.1856531921856224,-1.1348191677225565,-769.6516029607609,-476.9166671742175,261.58395626885056,1.1109415016671913,1.2381441219853486,3.7622926798392795,-714.092426939028,-294.52230106381484,123.32380690787826,-0.17721641634191096,-0.09503056155248936,-0.00619282393122832,-699.5715237984031,-403.81096071923594,447.5741879632839,-0.40915253250297073,1.1736919920803206,0.6900498507533833,-324.5365542851441,-432.57930119978715,307.2700742780689,0.8227854910440188,1.3793014694132353,1.7439603646408082,-459.8869814872525,-257.61472879130156,323.5409416062939,-0.40003975020844285,0.15524356282827076,-0.06435775039686463,-424.2689909408219,-386.54284378582855,446.4160881569119,-0.34118273001858185,-0.08093508652249479,-0.03628538941096877,-532.8103167087232,-373.8986056235134,125.04366202098095
371,0,-0.2726645104057489,-0.07452936680234017,0.15716124558519723,-580.1365077072745,-369.5544860026483,457.6336130755323,-0.5736863076470121,-0.1185004897395577,0.42464088794311855,-576.9966013330866,-532.5399995903318,805.681008281385,-0.4283732759949316,-1.1867920616969208,-1.1338352131799092,-769.6479015392549,-476.9891323836932,261.53596850886765,1.1099158910153255,1.2412552598794333,3.7612628071643353,-714.0760531000618,-294.5567120404269,123.27213241627513,-0.17674836946721575,-0.09452430597829556,-0.008121351908644997,-699.409707627598,-403.7131784099837,447.5465693462458,-0.4383600622306717,1.1772021892239466,0.6835075661384972,-324.37249311790606,-434.61308230992915,305.96299326871446,0.74925032501548,1.4113878946297476,1.707276485624804,-463.3515978784111,-260.29779556344755,308.7659139828347,-0.4034956581450506,0.16227949249624615,-0.06495797406143082,-424.15761764129024,-386.80020899455866,445.9347859430355,-0.34106748240971974,-0.083463373096213,-0.036505164451738716,-532.6213137676473,-373.91057901149395,124.93607156552999
372,0,-0.2715726677775341,-0.07398342638337974,0.15656598901885477,-579.9302664763821,-369.6554324852233,457.57865600028873,-0.5732004741892532,-0.11802473711862985,0.4245346949483583,-576.9671689092879,-532.5603019807971,805.5446051137101,-0.4274243391344443,-1.1879014988632266,-1.132905480272198,-769.6410112947916,-477.0543672791232,261.4909986949716,1.1083124202084318,1.2448435100271065,3.7603206263829123,-714.0636666118864,-294.59257398771086,123.21515784807526,-0.17624372055530102,-0.09401161382899141,-0.0100798764267713,-699.2521908781162,-403.6213319049662,447.51594645925127,-0.4683103854992456,1.180055852667597,0.6778290699175961,-324.2022611850237,-436.5039577546849,304.68847192013413,0.6740303516228087,1.444088267690019,1.6695771010364782,-466.78864150845277,-262.9377437110058,293.7344526501914,-0.40675796443399126,0.1692495064417046,-0.06542083551971445,-424.06698842043323,-387.0775521479812,445.44853488959404,-0.34089315223574157,-0.08611309333669954,-0.03667248696874498,-532.4234706311723,-373.9316713609572,124.82701580661215
373,0,-0.2705483920240774,-0.07347498909756128,0.1560074232106817,-579.7320165657669,-369.7579757944383,457.52341113314264,-0.5726484355012099,-0.11757089177991067,0.4244183041005039,-576.9341743194328,-532.5932875289317,805.4065772668167,-0.4265662608358937,-1.1889660021986592,-1.1320328811632823,-769.6324572937358,-477.1111729718391,261.4500489736466,1.1062008987422907,1.2488129308046862,3.7594773058657216,-714.0554824153024,-294.62938348638824,123.15419634361875,-0.17570886843258682,-0.09349588045137326,-0.012049486155071959,-699.1005775044364,-403.5358054457347,447.48322978869993,-0.4985864187116877,1.182205335288274,0.6731140373525204,-324.02965137438804,-438.2249137079505,303.46187020793946,0.5982489873978355,1.4769276008068966,1.6314257590508932,-470.1494021072367,-265.5019381527541,278.66576886533795,-0.4097765754439003,0.17607805255467748,-0.06574479046380177,-423.99826028359314,-387.37210656260135,444.96294558207046,-0.3406619741130792,-0.08884333697366951,-0.03679620563620447,-532.2195935108805,-373.96131484352463,124.71824197114407
374,0,-0.26960303239816596,-0.07300552929059219,0.1554891492149006,-579.5434668491058,-369.8607174053108,457.46873582253943,-0.5720350893838123,-0.11714098308879829,0.4242940532207688,-576.8963693523967,-532.6382522526833,805.2684230110924,-0.42580604414817397,-1.1899683374299543,-1.1312217359719974,-769.6236127351426,-477.1584289768259,261.41402330574476,1.1036627267504264,1.2530593842271844,3.758742551432877,-714.0515313862977,-294.6666114553115,123.0905663294786,-0.17515111879084833,-0.09298050159832064,-0.014010895535370512,-698.9562414528008,-403.45692865207445,447.4493446751206,-0.5287574753747256,1.1836149427323914,0.6694384149612594,-323.85831067504205,-439.7535436660085,302.29723914499675,0.5230610351560709,1.5094340368367092,1.5934052821403442,-473.3877709940283,-267.9557115941358,263.78360080179584,-0.4125084335868893,0.18269202474010715,-0.06593246514167289,-423.95179682114906,-387.68078091201016,444.4836816388853,-0.34037845564648905,-0.09160801895591632,-0.036887242989709045,-532.0125954776324,-373.9989360054498,124.61155190069557
375,0,-0.26874551799952456,-0.07257588911266556,0.15501241990883333,-579.3659991398683,-369.96238807368536,457.41548625910605,-0.5713675064429635,-0.11673573866725977,0.424164645534564,-576.8524643057374,-532.6941039236133,805.1317186173536,-0.4251521680873594,-1.1908899362429237,-1.1304774597660268,-769.6156712714018,-477.19509506069693,261.38372242533245,1.1007877079039845,1.2574741004753152,3.7581242216648416,-714.0516773160153,-294.7037052604121,123.02556888989209,-0.174578489530647,-0.09246881100194024,-0.015944775280099986,-698.8203133758285,-403.3849749605032,447.4152227523812,-0.5583841432845396,1.1842625315994997,0.6668519487553585,-323.6916778763714,-441.07232420246,301.2072306196789,0.44963099596643524,1.5411457319762714,1.5561072138615155,-476.4609830927854,-270.2627332261525,249.31231756833068,-0.4149180864869907,0.1890211779890213,-0.06599065131532014,-423.92717397696174,-388.00021270322776,444.01643262562004,-0.3400492189819303,-0.09435662060063753,-0.0369583410851852,-531.805444389601,-374.0439632156602,124.50878071215344
376,0,-0.26798243626824353,-0.07218643355678372,0.15457619738704556,-579.2006705362753,-370.0618538576693,457.3645142359273,-0.5706550631489872,-0.11635464727150925,0.4240331751669382,-576.8011571105077,-532.759382425542,804.9981344082929,-0.42461428674617835,-1.1917113902847718,-1.1298062124534944,-769.6096267503984,-477.2202163154412,261.359842995257,1.0976705974504488,1.2619473511872903,3.7576280277883565,-714.0556386883412,-294.74009396985406,122.960468419668,-0.17399948586908945,-0.0919640240467795,-0.01783208340911996,-698.6936781035259,-403.3201620953094,447.3817934835252,-0.587023845481332,1.1841407495923308,0.6653767108183916,-323.5329341402556,-442.168690558064,300.2030587547029,0.3791100961196751,1.5716174659152977,1.5201203847720066,-479.3302163694558,-272.3855815663527,235.47280172080343,-0.4169779870528939,0.19499853763544783,-0.06593006874772885,-423.9232265920908,-388.32683214043016,443.5668805581066,-0.33968273698665524,-0.09703526763939412,-0.03702367536447314,-531.6011080879156,-374.09583270615536,124.41177001729487
377,0,-0.2673182368207619,-0.07183720924088074,0.15417734511891468,-579.0482308609123,-370.1581153364678,457.3166620277838,-0.5699094748359421,-0.11599605147805825,0.4239031134635373,-576.7411639149942,-532.832296945175,804.8694444353422,-0.4242027889241607,-1.1924130202442933,-1.1292145384752135,-769.6062607217302,-477.2329314120197,261.34298041929355,1.0944075610097597,1.2663720257055229,3.7572573471546944,-714.0630135973408,-294.77519668136955,122.89647663805394,-0.17342285449999834,-0.09146918993371803,-0.019654374226889988,-698.5769826462277,-403.26265458696065,447.34997546878185,-0.6142371835862912,1.1832577741718568,0.6650067652104146,-323.38496700779433,-443.03491665530925,299.29450558060546,0.31261272831742876,1.6004268521747465,1.486018856673653,-481.9610350718176,-274.2865120027322,222.47822711379683,-0.418668539110082,0.20056083652966708,-0.06576490679014961,-423.93813359259934,-388.65693439449177,443.14065673001005,-0.3392889727027667,-0.09958811060350405,-0.03709834586451912,-531.4024987924998,-374.1539933483263,124.32233571945828
378,0,-0.26675553858508255,-0.07152809461505209,0.15381094197664955,-578.9091535220158,-370.25030120352875,457.2727547383136,-0.5691447114646994,-0.11565726741110098,0.4237782536691603,-576.6712506421918,-532.9107791567233,804.7475269777256,-0.42392824601834284,-1.1929754944596855,-1.128709017900075,-769.6061377665458,-477.23248353247607,261.3336346586741,1.091092722588563,1.2706469191440992,3.757013168335138,-714.0733062049793,-294.8084335744075,122.83473987505968,-0.1728573280665163,-0.0909871535954549,-0.021394067672230413,-698.4706538254718,-403.2125682837273,447.3206671711246,-0.639595111948194,1.1816374361660988,0.6657090517359799,-323.2503472962337,-443.66781567410527,298.48996102378203,0.25119307469684976,1.627180004489959,1.4543495748807078,-484.323672600861,-275.9283957411964,210.52986212411002,-0.41997791221438924,0.20564900501195915,-0.06551216828493515,-423.9695373293186,-388.98675753019415,442.7432859162903,-0.33887893790220286,-0.10195894563034698,-0.03719776505630202,-531.2124188175792,-374.217910381969,124.24223081452
379,0,-0.2662955122662541,-0.07125893021357688,0.15347069895103857,-578.783677252286,-370.33765775410467,457.23358963741526,-0.5683767830731307,-0.11533472733608209,0.4236626143862937,-576.5902648379877,-532.9925506568098,804.6343534245423,-0.4238007857893479,-1.193380467711811,-1.1282959445781857,-769.6096084404733,-477.2182331500824,261.33221831457905,1.087814968645912,1.2746795790787213,3.7568941719856945,-714.0859533531993,-294.839239073046,122.77632940149029,-0.17231137275170982,-0.09052052784617404,-0.023034668640747016,-698.374924011718,-403.1699767105577,447.29473672552945,-0.6626869140270575,1.1793186635881026,0.6674254881268287,-323.13131732118126,-444.0682879169914,297.79648544962413,0.19582271625392064,1.6515165128473286,1.4256201315383994,-486.39315977862253,-277.27579340185736,199.81303444617683,-0.42090165773188287,0.21020872646401814,-0.06519084956418714,-424.0146903002353,-389.3125627157962,442.38011586333886,-0.3384641941318597,-0.10409299079035246,-0.03733697219913307,-531.0335097578622,-374.2870682972505,124.17310407623026
380,0,-0.26593830566552257,-0.07102961935493321,0.1531494537049379,-578.6718554865907,-370.41953598317275,457.19992226478576,-0.5676233878484125,-0.11502413973716714,0.4235603052913406,-576.4971669490998,-533.0752019773046,804.5319637097613,-0.4238294363848881,-1.1936112092008198,-1.1279810411663806,-769.616819364751,-477.1896716629404,261.33906617446746,1.0846551524599373,1.2783886084951255,3.7568969365173945,-714.100350249399,-294.8670762784029,122.72223445158824,-0.1717929526806005,-0.09007167574247578,-0.024560933255047004,-698.2898629540726,-403.1349190020782,447.2730105680986,-0.6831288530608838,1.1763542407669147,0.6700762046822981,-323.02978805177554,-444.2407517986278,297.21988246107856,0.14737002439032643,1.6731136054316695,1.4002871051766732,-488.1493136310715,-278.29611450701407,190.49339173424002,-0.4214421652873328,0.2141910577205049,-0.06482099952906537,-424.0706203961207,-389.63071299185077,442.05623140320995,-0.33805632679979297,-0.10593871980104033,-0.03752991432355835,-530.8682071152252,-374.36097296252643,124.11645596426985
381,0,-0.2656834765941676,-0.07084019219232954,0.15283971314322908,-578.5736096649935,-370.495378056373,457.1724494004263,-0.5669034235551565,-0.11472066067325927,0.42347536161153004,-576.3910600349224,-533.156279629362,804.44242731758,-0.42402148779514237,-1.1936531891190483,-1.127769215693121,-769.6277297673654,-477.1464348734886,261.3544453729877,1.0816838131474658,1.2817053746384155,3.7570162428997,-714.1158744732477,-294.89145168661264,122.67335747129651,-0.17130932466905222,-0.08964270283280547,-0.025958985342436833,-698.2154133525878,-403.10740896828855,447.2562607374,-0.7005732573703566,1.172808941739233,0.6735637369298397,-322.94734223943897,-444.19250103286095,296.76477031302477,0.10658206230947363,1.6916894213778964,1.3787454697262522,-489.5766095340234,-278.96080483614594,182.71358211756714,-0.42160800222960904,0.2175531001231832,-0.06442270844614689,-424.134304110986,-389.93774689500384,441.77635444285585,-0.33766642815544934,-0.10744965375245649,-0.037788742203911256,-530.7187019522049,-374.4391529394817,124.0735935218282
382,0,-0.26553039755080443,-0.07069082907609354,0.15253421014230245,-578.4887825108009,-370.5647048230346,457.1517893897373,-0.5662363723626248,-0.11441906986055018,0.4234115566778593,-576.2712168434948,-533.23337691164,804.3677899402045,-0.4243819165186311,-1.1934945954058782,-1.1276643603142593,-769.6421335711345,-477.088315399992,261.3785652810695,1.0789594886613314,1.2845751191469739,3.757245440689529,-714.1319078560882,-294.91192918807604,122.63051101286425,-0.17086687528670566,-0.08923545881264576,-0.027216391027882047,-698.1514276561503,-403.0874446588124,447.24519085987833,-0.7147176906800976,1.168757158141143,0.6777779186879439,-322.88524032016574,-443.93303577935546,296.43464198896305,0.07406959903937799,1.7070053834887904,1.3613195414817476,-490.6639649501415,-279.2464983839659,176.59046053044895,-0.42141317759857005,0.2202586943633879,-0.0640150830150189,-424.2028361483916,-390.23044362658214,441.54473326420975,-0.3373046264928122,-0.10858601978686053,-0.0381231734096745,-530.5869106506823,-374.5211598113534,124.0455863893662
383,0,-0.2654785983693193,-0.07058184263155301,0.1522264380813541,-578.4171873500587,-370.62710581672883,457.13846073654605,-0.5656415796165771,-0.1141139450816011,0.4233722042868724,-576.1371031856221,-533.3042237458973,804.3100071163975,-0.4249129140039051,-1.1931267561759058,-1.1276691903132545,-769.6596859539577,-477.01527326788164,261.4115862046155,1.076527664075745,1.2869575008425214,3.7575768302309736,-714.1478560239256,-294.9281424527248,122.59441560201147,-0.1704710091533668,-0.08885154797755,-0.028322202237868608,-698.0977035607898,-403.0750176063159,447.2404210298705,-0.7253137658034988,1.1642801912532619,0.6826011515323153,-322.84442604340904,-443.47341660001496,296.23190642986776,0.05029567707541963,1.718867724730833,1.348255853439498,-491.40446571041514,-279.1360702866198,172.21290216824352,-0.4208763670514823,0.22227910196193149,-0.06361526801161747,-424.27358382806983,-390.50587718982496,441.36502664513864,-0.3369796949961367,-0.10931619870976343,-0.038539971493465476,-530.4744532966308,-374.6065673433411,124.0332262924294
384,0,-0.2655280177083063,-0.07051362149835705,0.15191112674363275,-578.3586498215673,-370.68223284317867,457.1328602867431,-0.5651374582049019,-0.11379982916490022,0.4233599643755679,-575.9883966382523,-533.3667706555441,804.2708675446678,-0.4256135512809647,-1.192544449166276,-1.1277851202670326,-769.6799331641271,-476.92744414033757,261.4536259484207,1.074420358442999,1.2888266275524336,3.7580020157692013,-714.1631655450441,-294.9398050122813,122.56569785194043,-0.17012609319327146,-0.08849234770010186,-0.029266981051489994,-698.0540158222019,-403.0701207796858,447.24247202241384,-0.7321751030564829,1.159463404482384,0.6879136915055436,-322.82552934740545,-442.8256866838566,296.1579062894078,0.035568000281692436,1.7271282752107815,1.3397182297573969,-491.79506592349685,-278.61953152319506,169.64027575151925,-0.42002012867760535,0.22359363055286482,-0.06323757546083471,-424.3443157919939,-390.76145792602335,441.24018979834034,-0.33669876456303405,-0.10961789743738319,-0.03904258048173333,-530.3826406374367,-374.6949694141255,124.03699240210828
385,0,-0.26567914116023866,-0.07048654184444121,0.15158462621053606,-578.3130388627235,-370.72979780010263,457.13524262795517,-0.5647406606197156,-0.1134713848986472,0.423376666275143,-575.8249998046464,-533.4192622104904,804.2519101315455,-0.4264796022441899,-1.1917460872571144,-1.1280121743725815,-769.7023442510924,-476.82514489255374,261.50476329978017,1.0726563182483562,1.2901706480397954,3.7585121907216106,-714.1773386819533,-294.94671760056883,122.54488810933964,-0.1698354568310352,-0.08815903398812489,-0.030042816308989993,-698.0201422673214,-403.0727541828471,447.2517495095255,-0.7351839275531287,1.1543934307450534,0.6935985995682566,-322.82886491614494,-442.0023999266521,296.2129105794403,0.030035239039206595,1.73168465125234,1.335785203334106,-491.83629042636,-277.6947144827384,168.90160029767884,-0.41887013371334103,0.22419016070683892,-0.06289277866855987,-424.41329659344,-390.99496102486535,441.17236965322365,-0.33646715308179503,-0.1094789956698829,-0.03963093945417753,-530.3124689915054,-374.785976849674,124.0570247979483
386,0,-0.26593301234827615,-0.07050085502237347,0.15124517154473915,-578.2802846007078,-370.7695748417627,457.14570243679435,-0.5644652687848184,-0.11312353478272001,0.4234231632141002,-575.6470476447097,-533.4602958162121,804.254340019192,-0.4275035372129351,-1.1907337780152942,-1.1283489287501394,-769.726343268714,-476.7088764721186,261.56503755387183,1.0712417546968445,1.2909909815246268,3.759098327774371,-714.1899457364025,-294.94877256260446,122.5324170005917,-0.16960144345836162,-0.08785261306029932,-0.030643341982003594,-697.9958822736706,-403.0829270240024,447.26852914589824,-0.7342958480409898,1.1491556031839325,0.6995460469695052,-322.8544259941051,-441.0162812033315,296.39608334490526,0.03368719507543036,1.7324800034900723,1.3364497962164295,-491.5319646009635,-276.36770926752115,169.99538309029185,-0.4174544315543282,0.22406553857840003,-0.06258761997662983,-424.47934147912855,-391.20454267964044,441.1628165016766,-0.3362883120975619,-0.10889802954307888,-0.04030148637171389,-530.2646219797674,-374.87921347494296,124.09310791964432
387,0,-0.26629111305503256,-0.07055656080873708,0.15089300962858354,-578.2603816725,-370.80140646032874,457.1641613789645,-0.5643220555093732,-0.11275158430695037,0.42349922972726994,-575.4549087414708,-533.4888625839048,804.278949624411,-0.42867468710228496,-1.189513264331816,-1.1287924846407749,-769.751340445077,-476.5793241521038,261.63444339924513,1.0701715367895603,1.291301262577494,3.759751260949636,-714.2006349228253,-294.94595536923447,122.52861040381136,-0.16942550444928248,-0.08757395768484406,-0.031063764141676293,-697.9810664599343,-403.100655495679,447.2929435013366,-0.7295424563028272,1.1438317381006142,0.7056567384714373,-322.90187426676596,-439.8800322834217,296.70543183637824,0.04635863422048064,1.729502477448504,1.3416215742078226,-490.8889907345808,-274.6530228916492,172.89011492227564,-0.41580276464071153,0.22322580926598895,-0.062324568410304856,-424.5418286670556,-391.3887454393958,441.2118177405303,-0.3361638823043425,-0.10788428871336275,-0.041047345792017256,-530.2394775494079,-374.97431182668606,124.14466543322517
388,0,-0.26675511857263967,-0.07065327572930369,0.1505303795731752,-578.2533774895261,-370.82521259812347,457.1903608473273,-0.5643178701987305,-0.11235132910804663,0.42360351051752526,-575.2491807562839,-533.5043681135264,804.3260509369929,-0.4299795669877086,-1.1880937616690754,-1.1293384724356452,-769.7767608259458,-476.43735531948636,261.71292084359214,1.0694307335898832,1.2911260751622866,3.7604616626394702,-714.2091396318062,-294.9383434607823,122.5336825996146,-0.16930832395802672,-0.08732384653819322,-0.031300900673483165,-697.9755568735505,-403.12595548159896,447.3249718199045,-0.7210315125055938,1.138498355866081,0.7118443000573662,-322.97052778643393,-438.6062839217052,297.13773945447616,0.06773648188083808,1.7227845198400757,1.351130794373601,-489.91718323146887,-272.5734469797849,177.52538083756156,-0.41394594506363414,0.221686278179868,-0.06210184790076488,-424.60066942684915,-391.5464948924341,441.3186577529731,-0.3360938419777506,-0.10645751727325985,-0.04185868267788912,-530.2371185069726,-375.0709090354919,124.21076740489097
389,0,-0.2673265444320245,-0.07079010541972193,0.15016134895385472,-578.2593460021957,-370.84100160581573,457.22386138430636,-0.5644551952374892,-0.11191914743713977,0.42373352559471517,-575.0306806959804,-533.50663226373,804.3954248929755,-0.4314023365962208,-1.1864877144090993,-1.1299810871790823,-769.8020690129615,-476.2840148542567,261.8003403633201,1.0689963885432299,1.2904995428851305,3.7612199338824173,-714.2152828730115,-294.9261027697748,122.54772763638063,-0.16924996095755804,-0.08710300397408016,-0.031353235617130826,-697.9792375464009,-403.1588299320155,447.3644334884556,-0.7089446216196583,1.1332253845113558,0.7180365613804678,-323.05934984386914,-437.2076827873827,297.6884900634774,0.09736998310952204,1.7124021290724623,1.3647343869304733,-488.62916729641955,-270.1596340932642,183.81352920045174,-0.4119153010393943,0.21947140041767477,-0.061913739885098386,-424.656239148923,-391.6770900818988,441.4816061617128,-0.336076727270983,-0.10464722290468431,-0.04272319453426177,-530.2573447033977,-375.16864339734747,124.29015009226498
390,0,-0.26800630978668905,-0.07096552910546151,0.14979151920649358,-578.2783485415744,-370.848881747161,457.2640491391696,-0.5647319089502976,-0.11145207957509722,0.42388573254554673,-574.8004309060675,-533.4958682826837,804.4862926110665,-0.4329253655673104,-1.1847104982260672,-1.1307131565473085,-769.8267888325483,-476.1205180079539,261.89648402434165,1.0688394069569858,1.2894638344542722,3.762016038645701,-714.2189786428271,-294.90948232273666,122.57070926186384,-0.16924999446907035,-0.0869121365383643,-0.031220988121049762,-697.9919958916851,-403.1992511697041,447.4109859255928,-0.6935324508027407,1.1280753542558473,0.724175740078666,-323.16694218192237,-435.6970917453419,298.35179115192307,0.1346833604499193,1.6984741021334104,1.3821234541671272,-487.0403377852431,-267.449397972675,191.64182850830463,-0.40974219846370197,0.21661451030584622,-0.061751146743591945,-424.7092752195096,-391.78019002545,441.69793488188856,-0.33610990077076836,-0.1024916131936615,-0.043626707256894964,-530.2996851577548,-375.26715211352393,124.38124803682442
391,0,-0.2687942502767096,-0.07117730323659092,0.14942762400737986,-578.3103842487529,-370.8490719930358,457.31014919420824,-0.5651412774365651,-0.1109478952784916,0.4240556427792811,-574.5596418633013,-533.4726429652746,804.5973118095656,-0.43452986488064305,-1.1827800958178765,-1.1315262425045214,-769.8505170694539,-475.9482405597892,262.0010238533927,1.0689264445785798,1.2880676349252982,3.7628393204916977,-714.2202299696355,-294.8888073004895,122.6024500962331,-0.16930765847471124,-0.0867519616651819,-0.030906194222053644,-698.0136960076826,-403.2471389361194,447.46412737530557,-0.6751076834662992,1.1231030609217671,0.7302176024775013,-323.29154595853436,-434.0878740626599,299.1203037551865,0.17899046167763452,1.6811612771780402,1.4029319333238068,-485.16886748052895,-264.48676771953365,200.87503065068665,-0.4074576414661078,0.21315741375839556,-0.06160238535245425,-424.7607497187709,-391.8557984300335,441.96396268239397,-0.3361898451797441,-0.10003619400778704,-0.044553836985593474,-530.3634087788639,-375.3660705672239,124.48223748576673
392,0,-0.2696886184465167,-0.07142239013812433,0.14907705306001737,-578.3553333890807,-370.8419109912569,457.36124509379863,-0.5656721822070152,-0.11040514946283553,0.4242379847636435,-574.3096928499576,-533.4378207339208,804.7265999712838,-0.4361965437176173,-1.180716768796763,-1.1324107779139072,-769.8729307572625,-475.7687059599557,262.11349917432995,1.06922169939416,1.2863646249773115,3.7636783413874637,-714.219123462026,-294.86447087454496,122.6426210197748,-0.1694219544392903,-0.08662322359605737,-0.03041279775634909,-698.0441455137012,-403.30233550617896,447.5232048165954,-0.654036045333901,1.1183556531391248,0.7361297321228474,-323.4310534619659,-432.39422670633775,299.98518708934574,0.22951087278387355,1.6606657196223138,1.4267460597951622,-483.0357478200635,-261.32083887051067,211.3582524264769,-0.405091956289634,0.20914987305671198,-0.06145416380996531,-424.81172652754316,-391.90424822068485,442.27512447503904,-0.3363124617927109,-0.09733208305871568,-0.04548868061419778,-530.4475328871151,-375.4650333137745,124.59108950702574
393,0,-0.2706856120762546,-0.07169691626665604,0.1487473390078162,-578.412897448978,-370.82786329171745,457.416303481903,-0.5663095744904659,-0.10982322557500518,0.42442690398946226,-574.052111461002,-533.392495638465,804.8717839109227,-0.43790625277439266,-1.1785427399881077,-1.1333562387388447,-769.8937879125856,-475.5835691782545,262.23329492822484,1.069688528139496,1.2844120023157086,3.7645207776366516,-714.2158203215625,-294.836925067046,122.69073197932715,-0.16959173175686146,-0.08652669191604488,-0.029746744582283095,-698.0830580491904,-403.3645796436363,447.58742689367284,-0.630725857611165,1.11387308291642,0.741889083218625,-323.58303286933983,-430.6315251326221,300.936065597074,0.2853869715561171,1.6372297581111672,1.4531142780219044,-480.6648406245295,-258.00447431515204,222.92008463463927,-0.4026745638728619,0.20464901513209158,-0.061292680563037834,-424.8632132380583,-391.92618691566213,442.62606146772265,-0.33647335731481487,-0.09443411223416467,-0.04641550022103392,-530.5508293559342,-375.563676700687,124.70563050729633
394,0,-0.27177896975351135,-0.07199616330842071,0.14844564631984372,-578.4825402944649,-370.8075221164678,457.4742024531757,-0.5670351312349946,-0.10920236569460369,0.4246161872139335,-573.7885526511978,-533.3379161235416,805.0300734185902,-0.43964057909629334,-1.1762818904057804,-1.1343513501727553,-769.9129220038516,-475.3945970657325,262.35962314837207,1.0702908310714434,1.2822690709753766,3.7653533988205283,-714.2105439698157,-294.8066708254282,122.74612553844459,-0.1698157298118656,-0.08646313920987556,-0.028916072049655697,-698.1300139949277,-403.43348148319575,447.65588145710325,-0.6056166552590114,1.1096888508362133,0.7474790292325617,-323.7447674004738,-428.81664182717526,301.96102567216576,0.345701409908796,1.6111347519048191,1.4815572732193873,-478.0829169286892,-254.59291444919683,235.37583972524789,-0.40023384666205297,0.19971868976858642,-0.0611047756407785,-424.91601829717354,-391.9225632638654,443.01072775416696,-0.3366681064841131,-0.09139881355546872,-0.047319370499123145,-530.6718287980134,-375.6616427544872,124.82360725229839
395,0,-0.2729596688191602,-0.07231459392740151,0.14817829810856356,-578.5634347978055,-370.7816081797558,457.533762080143,-0.5678280733862374,-0.10854368634512206,0.42479949785749876,-573.5207777134028,-533.2754078990779,805.1983547599407,-0.44138236240273326,-1.173959466346188,-1.1353843207953558,-769.9302308369781,-475.20364521129426,262.49150974250125,1.0709941712293631,1.279995915367719,3.766162144962014,-714.2035646608153,-294.77424747251604,122.8079744849992,-0.17009257931433183,-0.08643329596851629,-0.027930983622323415,-698.1844222902674,-403.50850055788464,447.72755702201033,-0.5791674399843953,1.1058309736001537,0.7528861364787173,-323.9133091175781,-426.9682032947834,303.0466486912687,0.40949453944878966,1.5826994647163068,1.5115778323206515,-475.3196586526143,-251.14235863489506,248.5308541374308,-0.3977971131829583,0.19442879473286295,-0.06087905997998724,-424.9706231233287,-391.8946149984817,443.4225088803775,-0.3368924813068278,-0.08828240198413892,-0.04818676286854828,-530.8088237570134,-375.7585837506964,124.94275300744718
396,0,-0.27421575402710224,-0.07264591250052718,0.1479503709852437,-578.6544191852291,-370.7509642806172,457.5937755896444,-0.5686660954067387,-0.10784917922000144,0.4249706102392218,-573.2506332451752,-533.2063002857136,805.3732982471536,-0.44311610799579804,-1.1716017857864287,-1.1364430936033116,-769.9456609044079,-475.01263152586154,262.62778853072547,1.0717666161537789,1.2776521668343555,3.766932306844789,-714.1951816880967,-294.7402216956301,122.87528467149221,-0.17042076441896006,-0.0864377827010573,-0.02680389720299607,-698.2454863755833,-403.58892911700667,447.8013672335,-0.5518451147283276,1.1023230997284348,0.7580968980253874,-324.0855464415524,-425.1067550584855,304.17808606578296,0.47578133704049974,1.5522779274961154,1.5426702846420384,-472.4076004412305,-247.70857901099714,262.1837692419927,-0.3953906591437016,0.18885457364116967,-0.06060695103984375,-425.02707763901896,-391.8438571202757,443.8543483347272,-0.33714264025016655,-0.0851388778573254,-0.049006045169133775,-530.9598722862047,-375.8541667923196,125.06085121432056
397,0,-0.27553231645474674,-0.07298315966247924,0.1477653806212673,-578.7539669255467,-370.71654560430954,457.6530398013345,-0.5695263473783589,-0.10712169643575596,0.42512363212638854,-572.9800298658322,-533.1318609683801,805.5514731031463,-0.44482827673813596,-1.1692359300070552,-1.1375155983096616,-769.9591885723198,-474.8235070722422,262.7671040981684,1.0725793092750346,1.275295863165606,3.7676488050963957,-714.1857040360571,-294.70517627775763,122.94690401528408,-0.1707985503289564,-0.08647702101205704,-0.025549455373111082,-698.3121772393297,-403.67388261616134,447.8761773122618,-0.5241135803015132,1.0991856968083908,0.7630946557914859,-324.25828329059635,-423.25481107241876,305.33918081130025,0.5435674473591111,1.5202566858113835,1.5743293200245616,-469.38199237659404,-244.34562321160212,276.12972444840085,-0.39303991633511853,0.1830758823731519,-0.06028354992721266,-425.0849259089499,-391.77206983496256,444.2988785673207,-0.3374152725203698,-0.0820183670514198,-0.04976788133681347,-531.1228035637746,-375.948077781563,125.1757933236809
398,0,-0.2768916319189181,-0.07331883793341044,0.147625072777972,-578.8601732994052,-370.67940586859874,457.710383677546,-0.5703864082154979,-0.10636492033402688,0.42525320722823223,-572.7109202454038,-533.0532432315377,805.7294625710159,-0.4465074386407573,-1.1668894061646053,-1.138589987346773,-769.9707997581571,-474.6382249113581,262.90792446670963,1.0734067933502494,1.2729823983893849,3.7682965554700716,-714.1754305453984,-294.66969884361316,123.02153824315873,-0.17122388353608448,-0.0865511271038056,-0.024184486625857052,-698.3832162750424,-403.76229883855365,447.9508314472125,-0.49642388356961326,1.096437231224807,0.7678569200488703,-324.4283266579962,-421.43677206126966,306.5126386387764,0.6118640362483477,1.4870513405386927,1.6060580316634718,-466.28056913453787,-241.1046550613545,290.1634068696572,-0.3907696710370201,0.17717641257935074,-0.05990830562700183,-425.1431665428298,-391.6812851209297,444.7485538328406,-0.3377076937877994,-0.07896579715675253,-0.05046552085157282,-531.2952272833799,-376.0400243380057,125.2856280162987
399,0,-0.2782734571353586,-0.07364506423838578,0.14752932680308098,-578.9707609068276,-370.6406796288095,457.7646941300166,-0.5712251910695192,-0.10558331802563402,0.42535469137050097,-572.4452759432305,-532.9714485965551,805.9039726651563,-0.44814428376022336,-1.164589769478371,-1.1396548391600438,-769.9804699426028,-474.4587079023892,263.04856392041654,1.0742271183530026,1.2707635619865665,3.76886090148399,-714.1646308203608,-294.6343709723295,123.09777354265286,-0.17169427372888915,-0.08665979270541649,-0.022727908805596428,-698.4570701724958,-403.8529465537302,448.02418018994075,-0.469205704439421,1.094095260919653,0.7723532676202411,-324.5925784572924,-419.6787058678379,307.6802498011103,0.6797012350500354,1.4531023054655698,1.6373750786130403,-463.14321701009953,-238.0329724306042,304.08191354991953,-0.3886043234451566,0.17124285619262455,-0.0594854245227322,-425.2002503388713,-391.57377086946593,445.1957827017117,-0.33801789062806104,-0.07601997753931505,-0.05109497272938777,-531.474548455839,-376.1297374242661,125.3885999120043
400,0,-0.2796554711828847,-0.07395374397353087,0.14747617121712464,-579.0831053227247,-370.60156120955645,457.8149385423976,-0.5720237298182854,-0.10478208066491736,0.42542429797123854,-572.1850626398347,-532.8873064982461,806.0719289815477,-0.449731492425443,-1.1623641997697634,-1.1406993160396846,-769.9881464151995,-474.2868164711145,263.1872156065593,1.0750217710850796,1.2686866719356216,3.7693280919179806,-714.153528155296,-294.59975808397394,123.17410580756807,-0.17220666779935223,-0.08680215973907701,-0.02120056926135988,-698.5319594186802,-403.94444396480947,448.09510704385053,-0.4428603633055394,1.0921773652886164,0.7765439642792407,-324.7481266366742,-418.0079912580684,308.82316085548973,0.7461400424641238,1.4188697286003469,1.6678209059142357,-460.0115364666908,-235.17322988328988,317.68739434474384,-0.38656815071073086,0.1653639922719715,-0.059023997450185564,-425.254115390129,-391.4520116074864,445.63305842174617,-0.3383445118400444,-0.07321311635164543,-0.051655063308191564,-531.6579889669608,-376.2169716348666,125.48317682076109
401,0,-0.28101384056581546,-0.07423676057132882,0.14746190421230088,-579.194280931073,-370.56328086181225,457.86018375626537,-0.5727658073123953,-0.10396704697140283,0.42545921004382364,-571.9322135550501,-532.8014713621045,806.230557371174,-0.45126347578558945,-1.1602390357965737,-1.1417132688164595,-769.9937345259888,-474.12431737422185,263.32199285442283,1.0757754644300541,1.2667938116865458,3.76968577942661,-714.1422856795763,-294.56640050875274,123.24897567244791,-0.17275732719470321,-0.08697669600508219,-0.019625020203734463,-698.6058812043663,-404.03528648906405,448.1625535841256,-0.41775542755282474,1.0907018444452132,0.7803794143064641,-324.89233008288477,-416.4528344039582,309.9221931307227,0.8102826309906864,1.3848275591470627,1.6969629977148462,-456.9283039927768,-232.5628812919438,330.789455655242,-0.38468553046354304,0.15962967718386373,-0.05853783155716195,-425.3022576347971,-391.3186849930993,446.0530854351701,-0.3386868061525559,-0.0705707724526819,-0.0521473810645314,-531.842616777533,-376.30150426454685,125.56806551955194
402,0,-0.2823238790169683,-0.07448617415888183,0.14748130597321665,-579.3011257209565,-370.5270788505744,457.8996115016447,-0.5734383997071728,-0.10314461007578972,0.42545765727655566,-571.6886011263182,-532.7144362590178,806.3774458073971,-0.4527360064896777,-1.1582392804874564,-1.1426872863342492,-769.9970893990721,-473.97285445261537,263.4509775658842,1.0764758220117323,1.2651211850188708,3.7699235168660756,-714.1309967277937,-294.53480608109123,123.32080805841962,-0.17334171992398276,-0.087181079701776,-0.018025231682687777,-698.6766466495097,-404.1238827352703,448.22554257058067,-0.3942209028189074,1.0896881323110188,0.7838004920211546,-325.0228919374508,-415.0416742581451,310.9582020990813,0.8712810781930578,1.3514567872684446,1.7244001719397066,-453.9368427930537,-230.23384497283973,343.20731673387803,-0.38298108056255553,0.154129721946535,-0.05804498993370854,-425.3418327284722,-391.176633580371,446.4489003155741,-0.33904450803735026,-0.06811220735656454,-0.05257611532163434,-532.0253830655363,-376.3831333927032,125.64221687884783
403,0,-0.28356076849632283,-0.07469442261526696,0.14752792513222537,-579.4003226137098,-370.49417825813345,457.9325304168738,-0.5740319249333514,-0.1023216066361287,0.4254189578117443,-571.456007317134,-532.6265612611123,806.5105862550876,-0.4541457672079495,-1.1563880979960066,-1.1436126930761283,-769.9980140962793,-473.83392226403623,263.57227357017763,1.0771129904676913,1.263698604067036,3.770033229120012,-714.1196801657624,-294.5054444708576,123.38805454541354,-0.17395443773231256,-0.08741210064987621,-0.016426247952077668,-698.7419313197573,-404.20859696374697,448.2831986227562,-0.37254691794366424,1.0891568833994587,0.7867397582352473,-325.13791672823277,-413.80249910157875,311.91246919886595,0.9283446083651594,1.3192379348277745,1.7497659555958394,-451.08031698422286,-228.21238183154597,354.77172059900266,-0.3814796745993192,0.14895264720787507,-0.057567058040277105,-425.36978330410835,-391.0288317636875,446.8139852764507,-0.3394176763685927,-0.06585107476298836,-0.05294779910695566,-532.2031669628733,-376.46167529506033,125.70482182851796
404,0,-0.28470030575781624,-0.07485451793779299,0.14759441873749413,-579.4884938265424,-370.46575733900704,457.9583848976095,-0.574540296156184,-0.10150518748135388,0.42534352522780783,-571.2360931897589,-532.538113733891,806.6283966524206,-0.4554898510449334,-1.1547063269671172,-1.1444815032084616,-769.9962646613332,-473.70884328065927,263.68406252269244,1.0776792078194022,1.262549124914088,3.7700096397715934,-714.1082810657219,-294.4787432919236,123.4492366048464,-0.17458914729406713,-0.0876655857023466,-0.014853795792572481,-698.7993370858169,-404.28779590023987,448.33476611671307,-0.35298275270259494,1.0891297109144582,0.7891235117448653,-325.2359480160691,-412.7621014474059,312.7671151380251,0.9807454855137621,1.2886429292043147,1.7727311085087596,-448.40096825659276,-226.51916621236404,365.3266102711394,-0.3802063006047055,0.14418431680271235,-0.05712817192054282,-425.382984301135,-390.8783482685678,447.1423723181695,-0.33980649403838753,-0.06379636590082906,-0.053270969556960986,-532.3728269132745,-376.5369615173915,125.75530006680141
405,0,-0.2857196392785684,-0.07496023043379856,0.1476729238926159,-579.5623039594229,-370.4429222860052,457.9767610491734,-0.5749607924814176,-0.10070266985833884,0.4252328419622777,-571.0303685778309,-532.4493171196831,806.7297241895483,-0.45676525217159014,-1.153212033111631,-1.145286343290506,-769.9915618787314,-473.5987490275918,263.7846597810957,1.0781683533576827,1.261688842380636,3.7698506335612474,-714.0966767467963,-294.45508584404115,123.50298763814526,-0.17523858182581128,-0.08793635507637008,-0.013333856006677391,-698.8464625785184,-404.35989755190656,448.3796240308417,-0.33573701264704925,1.089628573244009,0.790874575501092,-325.3159847731841,-411.94530194661996,313.5055215452067,1.0278237409587805,1.2601265464121851,1.793005390246343,-445.93931715962145,-225.16952028106238,374.730587763481,-0.3791857414050065,0.13990646431221926,-0.056753858219269565,-425.3783981748049,-390.72830496328567,447.42873609306656,-0.3402110398257512,-0.06195351878965919,-0.05355576195599293,-532.5312571565787,-376.6088359247674,125.79328356580105
406,0,-0.2865979638288907,-0.07500625322065513,0.1477554394492983,-579.618566976934,-370.4266812652587,457.987390000686,-0.5752937687547197,-0.09992137278004636,0.42508940101774834,-570.8401628217823,-532.3604043376663,806.8138318974909,-0.45796838689145025,-1.1519201198268951,-1.1460203587018098,-769.9836089810508,-473.504565175412,263.87256771479315,1.0785755022740549,1.261126851153121,3.769557537088944,-714.0846878028026,-294.4348101766305,123.54809189596416,-0.17589457645971288,-0.08821821531370294,-0.011892212022348053,-698.8809789024531,-404.42341964062314,448.4172975080134,-0.3209787249841982,1.090674826314964,0.7919156720684938,-325.37747620601084,-411.3741747671254,314.11274622943273,1.0689909466929064,1.2341176596884487,1.810338689086806,-443.7333531695729,-224.17377635873206,382.85817778946006,-0.3784420685060833,0.1361951417271807,-0.05646974879828032,-425.35323146519556,-390.5818330507031,447.6684737020451,-0.3406310464954801,-0.06032559723644139,-0.05381345553743529,-532.675447478766,-376.6771519949224,125.81859687057313
407,0,-0.2873171438360657,-0.07498834015932711,0.14783419736301381,-579.6543520697205,-370.4179205525747,457.9901487854304,-0.5755422335195529,-0.09916843904205806,0.4249166182674255,-570.6665975855216,-532.2716717608217,806.8803711456103,-0.45909468470104187,-1.1508420104504833,-1.1466771202225159,-769.9721139704235,-473.427000268202,263.9465240767927,1.0788965065636562,1.2608653747122864,3.7691353019642704,-714.0720933529161,-294.4182090328185,123.58351865307309,-0.17654814739489705,-0.08850399329094713,-0.010553992171130214,-698.9007069386797,-404.4770253948742,448.4474659186188,-0.3088391137572936,1.0922879793925293,0.7921732060341629,-325.42029609667554,-411.06730701615015,314.5759164440004,1.1037332592775944,1.2110105692159987,1.8245216505390005,-441.81773858345,-223.53772789264548,389.6009203489531,-0.3779979570018922,0.13311913288866736,-0.05630024149773858,-425.3050843829988,-390.44202782816734,447.85776989287905,-0.341065661094183,-0.05891444882504305,-0.05405599044961273,-532.8025441674591,-376.7417705836766,125.83123600306848
408,0,-0.287862241378282,-0.07490341169202012,0.14790200517526697,-579.6670835136676,-370.41738355205445,457.9850589167996,-0.5757113286479736,-0.09845065001101821,0.42471871804608846,-570.5105627623944,-532.1835298095748,806.9293429956523,-0.4601382856936134,-1.1499854112162342,-1.1472505470461107,-769.9568147455792,-473.3665375386744,264.00554335943394,1.0791276219418509,1.2609000574925937,3.7685925771080897,-714.0586493967306,-294.40553015290385,123.60845038956772,-0.17718961181992213,-0.08878561417476719,-0.009343224033608892,-698.9036925015852,-404.5195646815376,448.4699672248416,-0.2994138110334652,1.0944842103499781,0.7915812447905327,-325.4446989336708,-411.03912319375075,314.88458455686816,1.1316139595935897,1.191156712380002,1.8353859530452559,-440.22305122004997,-223.2631285810318,394.868316201552,-0.37787384638396115,0.13073838514797537,-0.05626718194618352,-425.23208568187084,-390.311903173764,447.9936465135093,-0.3415132245254497,-0.05772175868863883,-0.05429547573462189,-532.9099100659705,-376.80255836911226,125.83134752659937
409,0,-0.288221929864928,-0.07474962487188488,0.14795254339210331,-579.6546300569216,-370.4256533973123,457.9722827169705,-0.5758077459177773,-0.09777424178814247,0.42450059504458865,-570.3726964033849,-532.0965464875432,806.9610514994308,-0.4610918749756353,-1.1493541604579287,-1.1477348609209903,-769.9375049215148,-473.3234291657834,264.0489494387932,1.079265198336949,1.2612204100301705,3.7679416604720752,-714.0441088702594,-294.3969764028853,123.62230409983675,-0.17780874352101822,-0.08905422448814533,-0.008282419180380893,-698.8882757954906,-404.5501087746511,448.48479849070753,-0.292765272322919,1.097274712099572,0.7900854761330615,-325.4512611213596,-411.2993026785584,315.0310314692309,1.1522757014862677,1.1748570587576488,1.8428043778951209,-438.975090017506,-223.34820022060617,398.5886468256329,-0.37808699020296593,0.12910252026952163,-0.05638863927972752,-425.13300603050686,-390.19434675549394,448.0739955686025,-0.3419710875049005,-0.05674992644812456,-0.054543707765232353,-532.9951817083752,-376.85938717532946,125.81920903777016
410,0,-0.28838878013555386,-0.07452640588154419,0.14798060432199242,-579.6153799825901,-370.4431397267862,457.95211740938447,-0.5758391154433955,-0.09714473307671308,0.4242676559182042,-570.2533694602386,-532.0114806429467,806.9760519960073,-0.4619466767937707,-1.1489481668895862,-1.1481245833895675,-769.9140581491921,-473.29769236577886,264.07639826050024,1.0793054489135299,1.2618103918213655,3.7671983248329206,-714.0282418316474,-294.3927052577659,123.62474518154893,-0.17839495831330834,-0.08930035960831155,-0.007392203807466275,-698.8531519953066,-404.5679774244844,448.4921124733345,-0.28892518852774557,1.100663954199219,0.7876469228882254,-325.4408113769257,-411.85231433973576,315.01050494691714,1.1654426563909834,1.1623554775413105,1.8466908080193716,-438.09426594856353,-223.78811275502224,400.7096859632121,-0.3786504543565241,0.12824949035821107,-0.05667784249388671,-425.0073442684628,-390.092076720218,448.0975957752265,-0.34243547878249814,-0.056002706685536,-0.054811717368466246,-533.0563217219934,-376.9121343734766,125.79521204797959
411,0,-0.28835941167588086,-0.07423444530153527,0.14798226228951608,-579.5482987371352,-370.47007009366075,457.924986977682,-0.5758133990971035,-0.09656677535448009,0.42402564456204117,-570.1526759360346,-531.9293023474696,806.9750973058783,-0.4626926210576518,-1.1487634376316223,-1.1484145845107059,-769.8864488890097,-473.2891068558253,264.0878897997774,1.0792443095690707,1.2626491122094032,3.7663815169763435,-714.0108541938614,-294.3928273083066,123.61569364282816,-0.17893752373138874,-0.08951415315155661,-0.006691005118243212,-698.7974202882122,-404.57275728516527,448.4922103619976,-0.2878967221228607,1.1046479523568786,0.7842452106402897,-325.414355002922,-412.6970879929877,314.82138254371347,1.1709227002384412,1.1538333262648461,1.847000266011941,-437.595098251729,-224.57540452422006,401.19931343966806,-0.3795721366044644,0.12820444624281124,-0.05714233529431604,-424.8553822600298,-390.0076003717444,448.0641130272634,-0.34290143911716775,-0.055485568283037745,-0.05510936193508108,-533.0916649659013,-376.9606845465029,125.75984790122178
412,0,-0.288134507599669,-0.07387565812659318,0.1479549689752363,-579.4529668227877,-370.5064863232126,457.8914318214617,-0.5757383194182913,-0.09604403452329885,0.42378045576505546,-570.07042879162,-531.8511985231793,806.959084470227,-0.46331868322859554,-1.1487921948665822,-1.148600187203587,-769.854767916059,-473.297213464593,264.0837690050987,1.0790773973814707,1.2637116257397436,3.7655129341272566,-713.9918035709853,-294.3974036533032,123.59532261068884,-0.17942578816956317,-0.08968558388685796,-0.0061947957216032384,-698.7206193041469,-404.5643111602794,448.485530880604,-0.2896564386266884,1.1092126433066145,0.7798812117626569,-325.37299701113085,-413.8268377369418,314.46525172162217,1.1686097327781837,1.1494054523773276,1.8437290661998533,-437.485832856066,-225.70031671379957,400.04603373891683,-0.38085388577671386,0.12897888270169597,-0.05778339624365732,-424.6782055238966,-389.9431751525978,447.9740855980721,-0.34336283107022986,-0.05520574463026389,-0.055444976305571735,-533.0999571856471,-377.00493257673463,125.71369705682908
413,0,-0.28771869771674713,-0.0734531119501737,0.14789757170149215,-579.3295965067338,-370.55224596617995,457.8520962979223,-0.5756208512820947,-0.09557911043551633,0.42353794297219427,-570.0061616927097,-531.7785627876049,806.9290043718908,-0.46381338566431185,-1.1490230783984217,-1.148677326583368,-769.8192312738597,-473.3213139571377,264.0647158832293,1.0788000725535454,1.2649697949987673,3.7646164859064446,-713.9710110828747,-294.4064422604283,123.56404933598665,-0.17984942530531348,-0.08980475412585451,-0.005916890336277434,-698.622747504225,-404.54277791764434,448.4726361157525,-0.2941558512342872,1.114332462811786,0.7745789240223573,-325.31786902196177,-415.2290471055433,313.9469028933579,1.1584861488154292,1.1491177327957185,1.836915111022219,-437.76819624141865,-227.15102333285665,397.2593919255988,-0.3824907960588076,0.13057011549616307,-0.0585957576738347,-424.47768839558,-389.90077213495175,447.82889523303743,-0.34381243043098214,-0.055171964809753504,-0.05582509325914771,-533.0803852592743,-377.0447882652881,125.6574217630444
414,0,-0.28712031924051873,-0.07297092782191174,0.14781025648183288,-579.1790268024297,-370.6070288159052,457.8077143241783,-0.5754667999173269,-0.09517349733012805,0.42330372718249487,-569.9591364271982,-531.7129693821007,806.8858962286808,-0.4641654353858498,-1.1494414297257498,-1.148642758621976,-769.7801818993283,-473.36047245544927,264.03172529722207,1.0784076041206678,1.2663931910314201,3.763717654551988,-713.9484683242376,-294.41989360267536,123.52251908418593,-0.1801986898847715,-0.08986219202829698,-0.005867782493131425,-698.5042677800466,-404.50856330415394,448.454194565894,-0.3013225432645285,1.1199692198301692,0.7683864825035713,-325.25006446716793,-416.88562033331465,313.274234366873,1.1406253991152688,1.1529462111148525,1.8266383121044047,-438.4372941180688,-228.91374643526575,392.8702684049563,-0.3844707398904694,0.13296112939828464,-0.05956764138779905,-424.25644412626167,-389.88204220946307,447.6307255362946,-0.34424210015667206,-0.05539387501384313,-0.05625424113992615,-533.032598362963,-377.08018251465916,125.59176188109261
415,0,-0.28635106929508225,-0.07243415895309793,0.14769442129426977,-579.0026971201863,-370.67034826653355,457.7590933205756,-0.5752804847876885,-0.09482758498004033,0.4230830155037498,-569.9283556016875,-531.6561319443246,806.8308085963188,-0.4643644611826203,-1.1500296513465513,-1.1484943076061895,-769.7380836869819,-473.41351912581774,263.986077429914,1.0778954352128953,1.2679499991894112,3.7628427706277687,-713.9242391133131,-294.4376460791648,123.47158249407813,-0.18046468070791472,-0.0898491689559721,-0.006055005184104531,-698.3660962282702,-404.46232226583356,448.4309620202038,-0.31106087767120105,1.126071349882425,0.7613762473396593,-325.17058593270235,-418.77319797148635,312.45807156876106,1.1151944924772619,1.1607978328277568,1.8130210660295505,-439.4816604410731,-230.97275532761245,386.93102287295727,-0.38677418447300393,0.13612081595076153,-0.06068111206517798,-424.01774195232434,-389.88828522383164,447.38250925486847,-0.3446430422907836,-0.05588117912227786,-0.056734822699405205,-532.9567195987582,-377.1110749986782,125.51753340074409
416,0,-0.2854255671257826,-0.07184865262859473,0.14755248814662617,-578.8026009250807,-370.74156710296484,457.70709688669774,-0.575064544355922,-0.09454069766498881,0.42288043922995683,-569.9125800610742,-531.6098487256822,806.7647681806823,-0.46440180344014753,-1.1507676327910583,-1.1482311377150762,-769.6935083131378,-473.47905702209005,263.92930020607275,1.0772595391206206,1.2696078968977955,3.762018225691524,-713.8984560673613,-294.45952187872194,123.41226718866203,-0.1806396059366697,-0.08975802185074433,-0.006482999198902312,-698.2095757675313,-404.40493375148736,448.4037609609758,-0.3232523432791915,1.1325736157145319,0.7536439536464231,-325.08030757175,-420.8636289454684,311.51190637602025,1.082456209032216,1.1725127252477776,1.796228668967791,-440.8834583463116,-233.31025767722022,379.51544833892655,-0.3893743140759454,0.14000459639203383,-0.061912731058671795,-423.76539469823007,-389.92042244229356,447.0878661959085,-0.3450061176950544,-0.05664254700778797,-0.057267075787411185,-532.8533478230632,-377.1374631100183,125.43562901439752
417,0,-0.28436084666664285,-0.0712209004933894,0.14738766508106324,-578.5812216180007,-370.81991714241906,457.65262670214787,-0.574819871720178,-0.09431116602441034,0.4226999219026748,-569.9103503754186,-531.5759365880663,806.6887574477666,-0.46427130430368746,-1.1516332323004526,-1.1478540309934577,-769.6471156507033,-473.55547308496,263.8631252470871,1.0764968530416503,1.2713348698218108,3.761269646980971,-713.8713124739643,-294.485274014546,123.34574463059316,-0.18071704472384995,-0.08958246950763255,-0.007152976220509525,-698.036435913609,-404.33746933894935,448.37345923469167,-0.3377556212941213,1.1393973046365509,0.7453069506325759,-324.979954469899,-423.1245852529382,310.4515656709201,1.0427707282124066,1.1878679184784942,1.7764695173488858,-442.6188303938938,-235.90619923252464,370.7184898230937,-0.39223745527535103,0.1445554006497217,-0.0632344748304653,-423.5036218409422,-389.97897284724706,446.7510335613516,-0.3453222179980422,-0.057684357881129404,-0.05784911323355695,-532.7235496147875,-377.15939182302657,125.34701998071438
418,0,-0.2831758019072664,-0.07055788210385618,0.1472036714607681,-578.3414536116181,-370.90452199743186,457.5966042187244,-0.5745456853945833,-0.09413642536280191,0.42254458705942366,-569.9200117011005,-531.5561567044755,806.6037017246273,-0.4639700445793956,-1.1526028002992366,-1.1473656521713231,-769.5996290158173,-473.6409542881105,263.7894391349952,1.0756057725980412,1.2730999352542598,3.760621061616775,-713.8430502877326,-294.514585235677,123.27329340975935,-0.18069219765963745,-0.08931791044131228,-0.008062770465346702,-697.8487405909482,-404.2611573355879,448.34094875439115,-0.3544064812038931,1.1464509514246772,0.7365015925211219,-324.8700997240998,-425.5203001084733,309.2948210997616,0.9965963310673036,1.2065823569884686,1.7539949163990307,-444.65839092537993,-238.73799682348317,360.6556800017696,-0.3953237775480162,0.14970495045413687,-0.06461486544089905,-423.23689413387154,-390.06403396117184,446.3767904629942,-0.34558266951960065,-0.0590093621554702,-0.05847703632536123,-532.5688415354724,-377.17696395122476,125.25275841068603
419,0,-0.28189060843894703,-0.06986690652376662,0.1470044418105506,-578.0865121717142,-370.99442210016736,457.5399527483865,-0.57423973303766,-0.09401313308817782,0.42241671299419997,-569.939741334083,-531.5521353216716,806.5104661763116,-0.46349897724869404,-1.1536517283571035,-1.146770780087379,-769.5518067608684,-473.73350979347407,263.71023187873993,1.0745866873349392,1.2748737470379186,3.760094078714162,-713.8139453326977,-294.54706941282427,123.1962603033209,-0.18056211668460254,-0.08896168877310218,-0.009206682351015318,-697.6488263220092,-404.17734421583754,448.30712498563787,-0.37301763169753865,1.1536315951846121,0.7273798753655447,-324.75117887640306,-428.01240560871565,308.0609542870182,0.9444888193790927,1.2283230122705506,1.729098305633804,-446.9678485258022,-241.78023601794231,349.4622457673531,-0.3985882212276543,0.15537527803015763,-0.0660202477352161,-422.9697668408414,-390.1752680079307,445.97037833934246,-0.34577964579864395,-0.0606153563212433,-0.05914511398605381,-532.3911630551834,-377.1903501275673,125.15397905486029
420,0,-0.2805261447855036,-0.06915545689694244,0.14679382508051458,-577.8198360217198,-371.0886010151395,457.4835805490514,-0.573898618846379,-0.09393729773631272,0.42231773806713946,-569.9675783131847,-531.5652832311542,806.409862687246,-0.46286341491925603,-1.1547550058796043,-1.14607648582754,-769.5044118513313,-473.83099973208414,263.6275444974502,1.0734425353982968,1.2766290644382476,3.7597071170384884,-713.7842909130768,-294.5822758202144,123.11602053630043,-0.1803259031569429,-0.08851331348246634,-0.010575329009193264,-697.4392334982863,-404.0874553185908,448.27286793568135,-0.3933786592034164,1.1608265585822874,0.7181054417911662,-324.6235202904344,-430.56084204228017,306.77029334350715,0.8870993028618379,1.252711880952946,1.7021137108479312,-449.508741797755,-245.00436991533908,337.2918452439364,-0.4019815924061281,0.16148040517455128,-0.06741614114325709,-422.7067093344868,-390.3118943369067,445.53741897354496,-0.3459065642874442,-0.062493968924641125,-0.05984601826832852,-532.1928407377736,-377.1997977048221,125.05189966517439
421,0,-0.2791034367787558,-0.06843104323825795,0.14657529722624868,-577.5449869573823,-371.1860119715118,457.4283654738687,-0.5735182379845348,-0.0939044124752904,0.4222483154773946,-570.0014544854657,-531.5967177600804,806.3026662450545,-0.46207333869560496,-1.1558877667353102,-1.1452922390973062,-769.4581810454207,-473.93117086360974,263.54341755652155,1.0721793540020292,1.2783410762235259,3.7594747038354943,-713.7543810412011,-294.619696507069,123.03393869166565,-0.1799848612611639,-0.08797461611503328,-0.012155526934586545,-697.2226336899234,-403.99295662249136,448.23902530536844,-0.41525618365982875,1.167915717703769,0.7088490991222347,-324.48738912582587,-433.1248078816453,305.44373737764926,0.8251700379444388,1.2793336424240795,1.673413247289469,-452.2392671292308,-248.37845871987423,324.31490414019305,-0.40545176084303314,0.16792811071890504,-0.06876859385735307,-422.451939213451,-390.4726890872559,445.08383178470325,-0.3459584438302896,-0.0646296515736307,-0.06057110598951286,-531.9765444938196,-377.20563767855487,124.94781904699215
422,0,-0.27764314728778083,-0.06770106886737044,0.14635170516333226,-577.2655507774117,-371.2856034774559,457.3751416864595,-0.5730942943172669,-0.09390958695767537,0.4222084116658077,-570.0392265083644,-531.6471911473673,806.1896399121794,-0.4611435076855867,-1.1570258094054247,-1.1444299268985618,-769.4137951677958,-474.03169889597945,263.45984232144514,1.0708068006840352,1.279987579074102,3.75940686797597,-713.72449440118,-294.65877668320377,122.95133168730234,-0.17954259362499891,-0.0873498332833,-0.013930238649373336,-697.0017560741991,-403.8953191829042,448.20639836016494,-0.4383943496357276,1.1747742101819116,0.6997840137928145,-324.3430417875175,-435.6637173599051,304.10228586323194,0.7595280551434841,1.3077437551478948,1.6434035302795102,-455.1151730685163,-251.86699063533925,310.7165332632215,-0.4089449000042882,0.17462172406187698,-0.07004547274271442,-422.2092691172028,-390.6559930620572,444.6157519539176,-0.34593220223780546,-0.06699895844391689,-0.061310735845675486,-531.7452369211744,-377.2082886956633,124.84311200130253
423,0,-0.2761651316925981,-0.06697271563315703,0.14612505924192934,-576.9850436906876,-371.3863428628899,457.32468885045546,-0.5726228715166897,-0.09394767265339818,0.42219743836763163,-570.0787083369539,-531.7170290987499,806.0715668886945,-0.460093360989674,-1.1581460767244887,-1.143503772354935,-769.371851781328,-474.1302366993794,263.3787159656528,1.0693386187109573,1.2815490158570604,3.759508648174528,-713.6948799985468,-294.6989277486501,122.86943516971766,-0.179005027326964,-0.08664560331552215,-0.015878615592095403,-696.7793160353945,-403.79598750662495,448.1757309191705,-0.46251575575775977,1.1812755088589315,0.6910807563890143,-324.1907871223302,-438.13813154356774,302.76658911816907,0.6910763867453941,1.337476788560081,1.6125208969181624,-458.09069262202786,-255.43082302796134,296.6940251918561,-0.4124067146224326,0.18146189502697985,-0.07121763190918386,-421.98197400218595,-390.85972869845676,444.1394506868939,-0.34582687693685393,-0.06957018281530197,-0.06205460971064992,-531.5021169617917,-377.20825725234096,124.73922048267248
424,0,-0.2746880760830139,-0.06625285214444311,0.1458963892823244,-576.7068280033079,-371.4872366661831,457.27772406171533,-0.5721010229913929,-0.09401337811914413,0.4222144054782069,-570.1177038320166,-531.8060830916801,805.9492875569913,-0.4589467169157721,-1.1592270844429526,-1.1425301465172437,-769.3328413606762,-474.2244670858081,263.30180202537764,1.067793018983257,1.2830083847507918,3.7597797347939492,-713.6657452237075,-294.7395423094975,122.78937457768978,-0.17838036137883684,-0.08587087097573907,-0.017976162987471782,-696.5579488041207,-403.6963527950747,448.1477016582655,-0.48732291230346925,1.1872947689637625,0.6829023783841821,-324.0310502158211,-440.5106292608709,301.45653476800356,0.6207828033588387,1.3680548131986277,1.581225402182192,-461.119482709348,-259.02727860253356,282.45394688874404,-0.4157836086455114,0.18834830362558647,-0.07225991434893349,-421.7726857496252,-391.08142684059493,443.6612584991272,-0.34564375584393764,-0.07230340066479954,-0.0627921257556979,-531.250559304656,-377.20613333102295,124.63764047312934
425,0,-0.27322923003319216,-0.06554796762881507,0.14566567593879545,-576.4340403238082,-371.58734696028534,457.2348965985113,-0.5715273436164563,-0.09410137188742651,0.42225808074559756,-570.1540392163128,-531.9136996101147,805.8237388195377,-0.4577312861232441,-1.1602492911455782,-1.1415272720631284,-769.2971278832815,-474.31215832450016,263.23069705926736,1.0661929513872983,1.2843510352035514,3.760214261178503,-713.6372468118526,-294.78001029528104,122.71214198885409,-0.17767893080458796,-0.08503669970776287,-0.02019504090850693,-696.3401506747881,-403.5977316176789,448.1229197007863,-0.5125003079069795,1.1927123383970308,0.6753997043977915,-323.8644344167916,-442.74658642222704,300.190882873402,0.5496660858322252,1.3989957003048255,1.549993620457438,-464.1555395341615,-262.6104245689499,268.20886553569744,-0.4190237550159267,0.19518128626899528,-0.07315195270997021,-421.5833206015829,-391.31826372735213,443.1874918700361,-0.3453864100778048,-0.07515094942115379,-0.06351272954395906,-530.9940511481763,-377.2025809836612,124.53990430473058
426,0,-0.27180423933302017,-0.06486413192968092,0.14543186493761323,-576.1695347709755,-371.6858030091121,457.19678533499945,-0.5709024860092669,-0.09420637173069045,0.4223271427723393,-570.1855951799922,-532.0387089321686,805.6959925668374,-0.4564780248077532,-1.1611954048726976,-1.1405148247873107,-769.2649345824436,-474.39122020527896,263.1668042305587,1.064566241299187,1.2855643712775717,3.7608007571177255,-713.609484944514,-294.8197351853781,122.63857964136584,-0.17691298703669056,-0.08415599661456045,-0.022504502191896408,-696.1282298822407,-403.50135020590386,448.1019232518114,-0.5377171589482851,1.1974173023847898,0.6687070221324277,-323.69177719196256,-444.8148363510232,298.98695940840213,0.47877999266813304,1.429821208476348,1.5193103558140628,-467.15405992128507,-266.13155364252566,254.17376600900897,-0.4220780390845287,0.2018633667187046,-0.07387874624714527,-421.4150431177578,-391.5671081811596,442.7243830000712,-0.34506062485404965,-0.07805834474662922,-0.06420624784373617,-530.7361280779297,-377.19832371873525,124.44755844976171
427,0,-0.2704270770957945,-0.06420697979261426,0.14519296689596328,-575.9158427596709,-371.78180803497065,457.1638984320857,-0.5702295858132012,-0.09432321995725643,0.4224203154058194,-570.2103384670637,-532.1794353783914,805.5672898006309,-0.4552203598834524,-1.1620506235937427,-1.1395134463580174,-769.2363354460988,-474.45975829908394,263.1113142581578,1.0629455715921186,1.2866374866920995,3.761522272819919,-713.5825005315517,-294.8581493868796,122.56937069432634,-0.1760963990633602,-0.08324316073467643,-0.02487145529793988,-695.9242686486052,-403.40833422369946,448.08518083781337,-0.562630904504262,1.2013109156247328,0.6629383444254959,-323.5141955911135,-446.6881897755583,297.8604140832154,0.40919522273091785,1.460064754010852,1.4896594376998509,-470.0722216655032,-269.53987459527815,240.56223890464045,-0.4249008596852716,0.20830068975658672,-0.07443100118918383,-421.2682682271683,-391.8245784270889,442.27801179588215,-0.34467422991181135,-0.08096561045487176,-0.06486318941437448,-530.4803108764886,-377.1941249544779,124.36213710900896
428,0,-0.2691100650861085,-0.06358171534674661,0.1449462402215233,-575.6751499256457,-371.8746413162736,457.13667472341314,-0.5695145637368837,-0.09444694511240254,0.422536473816847,-570.2263527511514,-532.3337300547613,805.4390668220167,-0.45399332077587073,-1.1628028073571561,-1.1385441893616048,-769.2112528785127,-474.5161240956608,263.06519387409776,1.0613682962054996,1.287560758511406,3.7623566768671193,-713.5562755511869,-294.89472795276555,122.50503737614757,-0.17524428436549722,-0.08231366973461718,-0.027261130285642997,-695.7300972508531,-403.3197036046348,448.07309455402293,-0.5868914909048707,1.204309760736692,0.6581844013555697,-323.33311747424506,-448.3438009888532,296.8250443480213,0.3419798065413418,1.4892787687736861,1.461513849984159,-472.869860447343,-272.7834074975237,227.58253646403526,-0.42745078484983956,0.21440436246618527,-0.07480523163179187,-421.14270068829364,-392.0871073179334,441.8542387064548,-0.3442368361311596,-0.08380896814882413,-0.06547499826638173,-530.2300450221499,-377.19076422188766,124.28513221817435
429,0,-0.2678639714743872,-0.06299313089521551,0.14468844914071552,-575.4492896964753,-371.9636562596538,457.11548607592863,-0.5687662767838962,-0.094572810954871,0.4226747151690579,-570.2318685377048,-532.4990260841797,805.3129700030403,-0.4528326131846915,-1.1634425799067933,-1.1376279220314311,-769.1894617527086,-474.5589588771026,263.0291816018025,1.0598760772749858,1.2883254279114424,3.7632771262683664,-713.530736213473,-294.92900002706216,122.44594623035731,-0.17437258302798828,-0.08138362358499793,-0.029637819385607108,-695.5472802416247,-403.2363718545683,448.06600460591216,-0.6101464591404319,1.2063484691936843,0.6545104917156525,-323.1502951985801,-449.76337590124945,295.89268322185995,0.27817847461360506,1.5170415429912036,1.435325507966152,-475.51002666230295,-275.81006545153684,215.4336085775309,-0.4296910709578884,0.22009171162783367,-0.07500362807860386,-421.0374090474495,-392.35101407273504,441.4586367508447,-0.34375949053715316,-0.08652280635095397,-0.0660342482019371,-529.9886444514942,-377.1890101954737,124.21796071814713
430,0,-0.26669816669909513,-0.062445632996315746,0.14441618335902495,-575.2397520017938,-372.04827544118814,457.10063993960506,-0.5679964972918782,-0.0946963538269771,0.4228343897880826,-570.2252917333313,-532.6724151166226,805.1908560248838,-0.4517736700104989,-1.1639633575988146,-1.1367847239108329,-769.1705998584368,-474.587229467401,263.0037903647376,1.058514343455849,1.288923196918776,3.7642527010089295,-713.5057586447731,-294.9605576086919,122.39231975856036,-0.17349759216812555,-0.0804692656847512,-0.03196566075662815,-695.3771142253661,-403.1591490812569,448.0641943658992,-0.6320468041879046,1.207381857333451,0.651955281083576,-322.9677991694766,-450.9332273956891,295.07314492455384,0.21879163923633313,1.5429634338092086,1.4115150565730057,-477.9594123857534,-278.5688913269364,204.30124059201626,-0.4315900630636848,0.22528746565158222,-0.07503371067488733,-420.95092912516685,-392.6125800671063,441.09642112625147,-0.34325426740136117,-0.08904182717033608,-0.06653477241326841,-529.75924090253,-377.1895919424132,124.16193008776288
431,0,-0.26562081573828233,-0.06194326840948733,0.1441262205211456,-575.047704725631,-372.12798384517174,457.0923813271082,-0.5672197062777858,-0.09481340959156172,0.4230150921330112,-570.205230425079,-532.8507425848521,805.07477511047,-0.4508507136651855,-1.1643613043492533,-1.1360333041810635,-769.1541844974004,-474.6002543607397,262.9893161720157,1.057331572224308,1.2893458694284712,3.7652491892781494,-713.4811767593919,-294.98906142277866,122.34425340664468,-0.1726354805922597,-0.07958650198776522,-0.03420943516825173,-695.2206359044432,-403.0887479044158,448.0678951624976,-0.6522535197686774,1.2073863656612496,0.650530581413332,-322.7879895229422,-451.8441924261324,294.37421964096103,0.16475468241580155,1.5666923031259026,1.3904621058604987,-480.18864645959945,-281.011405629072,194.35441738512634,-0.4331214992536833,0.22992486522858627,-0.0749077929621001,-420.8813902301044,-392.8681258495199,440.7723752644923,-0.34273381812969056,-0.09130325624944627,-0.06697172766782916,-529.5447398680923,-377.193169961794,124.11820324526867
432,0,-0.26463908300715544,-0.06148974279320323,0.1438159079101314,-574.8740248108766,-372.20232162667725,457.0908935967776,-0.566452697204723,-0.09492013133845531,0.4232166143135887,-570.1705193288598,-533.030717832128,804.9669357019694,-0.45009586167933113,-1.1646352134452742,-1.1353904715487897,-769.1396347110336,-474.597719158499,262.98585191714096,1.0563784039354613,1.2895850630469883,3.766230002680703,-713.4567919798753,-295.01424387582335,122.3017365529285,-0.1718018051980668,-0.07875043731219705,-0.0363353493604263,-695.0786385278906,-403.0257913080479,448.077290091838,-0.6704446793979444,1.2063607370888794,0.6502220909154995,-322.6134652339985,-452.4914327679687,293.80170736132476,0.11691826368539979,1.5879180434799434,1.3724963354036643,-482.1724639017719,-283.0930110760322,185.7420330852198,-0.434264743012815,0.2339466980989608,-0.07464228863210637,-420.82665576536954,-393.1140864580763,440.4907731749581,-0.34221090618548383,-0.09324900203389018,-0.06734159819628419,-529.3477838714698,-377.2003086192806,124.08776402238702
433,0,-0.2637593255588708,-0.061088426043230955,0.14348353608482275,-574.7193354817084,-372.27087768415174,457.0962976463794,-0.5657139973528607,-0.09501299923389687,0.42343886782164925,-570.1202413027837,-533.2090340287535,804.8696502058104,-0.44953830343277823,-1.164786320093417,-1.1348706792264485,-769.1262983664969,-474.5796807079243,262.9933051689572,1.0557066009388236,1.2896320152975647,3.767157193403008,-713.4323844760195,-295.0359092464785,122.26467594621624,-0.17101105107893924,-0.07797494589490368,-0.03831178441280551,-694.9516944560006,-402.9708214211116,448.0925162977894,-0.6863228397770105,1.2043259205550645,0.6509910185181299,-322.44699114258975,-452.8741467853666,293.35948060499464,0.07603034095763757,1.606376070841742,1.357889876745073,-483.88976363512313,-284.7743916903514,178.59005279079273,-0.43500496501738034,0.2373062404112618,-0.07425689823490804,-420.78446879174504,-393.3470822789302,440.25529933228506,-0.3416979543474063,-0.09482766210022996,-0.06764214909427878,-529.1707233946767,-377.21145148585066,124.07138451793583
434,0,-0.26298725143878965,-0.060742339782225464,0.143128674802278,-574.5840458755981,-372.3332851575083,457.1086494308613,-0.5650231259503263,-0.09508882423223637,0.42368178117511157,-570.0537452827293,-533.3824918676322,804.7852628098069,-0.4492035701611298,-1.1648180518957976,-1.1344856617801033,-769.1134830868907,-474.54655980419454,263.0114187273507,1.0553678715011248,1.2894775034487447,3.7679925383692034,-713.407725594063,-295.0539314184824,122.23291992131884,-0.17027621644214208,-0.07727229094969718,-0.04010999087434978,-694.8401813354815,-402.92430816311054,448.1136653915701,-0.6996224918566675,1.2013242351516529,0.6527764676407032,-322.2914047626027,-452.99522282732613,293.049566751185,0.04272053125903698,1.6218497112514811,1.3468513201662888,-485.3235748210133,-286.0228401916913,172.9992125279492,-0.43533329004580873,0.23996807203621823,-0.07377371577113141,-420.7525926572058,-393.5639830712259,440.06896903994596,-0.3412066294946854,-0.09599629204072652,-0.06787234233331244,-529.015595346212,-377.2269008852586,124.06959573700354
435,0,-0.26232802292318286,-0.06045412463918768,0.1427524411911283,-574.468389468715,-372.38921967899086,457.12793605414487,-0.5643997206141522,-0.09514474778102883,0.4239451823245922,-569.97065999587,-533.5481205010674,804.7160619166481,-0.4491129139513396,-1.1647357275028845,-1.1342441735478506,-769.1004897965948,-474.49912277687616,263.0397926624346,1.0554125850843195,1.289111891687374,3.768698650261629,-713.3825911187665,-295.0682495868369,122.20628170097,-0.16960846117997566,-0.07665280566795211,-0.04170471423803927,-694.7443093740297,-402.88665668651186,448.1407819413444,-0.7101172373394136,1.1974178722610653,0.655498412594286,-322.14950627019107,-452.86086560823657,292.87224233453964,0.017487330077015133,1.6341714745254527,1.3395215970836771,-486.4609560385474,-286.8134479417626,169.04331833605164,-0.4352469164959714,0.24190871986271448,-0.07321629702353524,-420.7289371759211,-393.7619632974423,439.9340537602941,-0.3407474852332828,-0.09672187084541123,-0.06803222998640737,-528.8841085077967,-377.24680266770775,124.08266299295546
436,0,-0.26178628884206917,-0.06022598739395159,0.14235767245402633,-574.3724580183044,-372.43840082334975,457.1540710089965,-0.5638625760271939,-0.0951782399671508,0.42422867517061585,-569.8709028631052,-533.7032891168776,804.6641813387946,-0.4492828051138634,-1.1645462163409586,-1.1341518316795305,-769.0866474635291,-474.4384527230759,263.07790656470326,1.055888411250825,1.2885253126774368,3.769240073402261,-713.3567749397332,-295.078862455208,122.18456018041628,-0.1690168343665628,-0.07612464563203081,-0.04307473518384215,-694.6641473917881,-402.85821260720274,448.17386022288196,-0.7176263446035528,1.1926868445505565,0.6590610728471203,-322.02393666311673,-452.48022481323414,292.8261335750254,0.0006885701533156209,1.643223275259474,1.3359718786451398,-487.29285287876337,-287.13009681380106,166.76817767876722,-0.4347492063243249,0.24311707677134314,-0.07260873208191473,-420.7116620723382,-393.93854745541813,439.8520168985172,-0.34032967620036125,-0.09698241328479132,-0.068122838872379,-528.777635017077,-377.2711368964193,124.11056756255692
437,0,-0.2613661360807311,-0.0600596304886057,0.1419489807748842,-574.2962283011937,-372.48059677297,457.1868893956578,-0.5634286502108874,-0.09518709863806127,0.42453151954013135,-569.7546836352487,-533.8458029713181,804.6314958921026,-0.44972455158480423,-1.1642575746195742,-1.1342110609386995,-769.0713474624835,-474.3659115533565,263.12514082056185,1.0568389179182693,1.2877079830168021,3.769584324762059,-713.3301025896335,-295.08582148764464,122.1675567813839,-0.16850809147095736,-0.0756936197537671,-0.04420330996240047,-694.5996456635354,-402.83926414797384,448.21283965797977,-0.7220203456495576,1.1872265074717683,0.6633564813177942,-321.9170505443841,-451.8650502327586,292.90831918354235,-0.00746465144883471,1.6489357145471277,1.3362035208464695,-487.8139383899287,-286.9662015289923,166.19116977084232,-0.43384973360314927,0.24359454837877131,-0.07197476320895958,-420.69925133307504,-394.09164467005843,439.8234656299259,-0.33996075098010087,-0.09676769431483144,-0.06814605870770432,-528.6972066650562,-377.299714808806,124.15299600403957
438,0,-0.2610709574843975,-0.05995616844929087,0.141532676251263,-574.2395796498012,-372.5156317920605,457.2261440802186,-0.5631121024364812,-0.09516945181758693,0.42485252350440444,-569.6225025321028,-533.9739785791921,804.6195181789825,-0.4504440390316966,-1.1638786747644065,-1.134421132409913,-769.0540758725048,-474.2830943512974,263.18079590795026,1.0583021658164038,1.2866506441180006,3.7697028462542463,-713.3024440133796,-295.089223778066,122.15508725004814,-0.16808660702652203,-0.0753631035043727,-0.04507849844196778,-694.5506539857749,-402.83004052844433,448.2575995543081,-0.7232253750557321,1.1811447816062488,0.668268054931678,-321.8307910359969,-451.029390715554,293.1144328977437,-0.006910499097890184,1.651286569186017,1.3401499859790116,-488.0224576358437,-286.32516297478037,167.30143857174284,-0.4325642722905932,0.24335489423875772,-0.07133698570398073,-420.69055446516,-394.2195723769571,439.8481235367599,-0.3396465239550876,-0.09607956362619599,-0.06810454253637663,-528.6435146309308,-377.3321821284391,124.2093383429559
439,0,-0.26090324145278204,-0.0599160371755265,0.1411165537091209,-574.2023011114455,-372.5433957575321,457.2715037259789,-0.5629234304261697,-0.09512376524065662,0.4251899559732877,-569.4751429543226,-534.0866940431798,804.6293039334813,-0.4514415863079912,-1.1634188467451465,-1.1347782844393122,-769.0344419815694,-474.1917777892747,263.2441089823595,1.0603093357459044,1.2853451120500474,3.769571842235488,-713.2737248408602,-295.08920505519393,122.14698765213831,-0.16775438313618177,-0.07513403457490785,-0.045693371113994866,-694.516933851251,-402.83070621201455,448.30795387393425,-0.7212260156750413,1.1745591966687845,0.6736740051203035,-321.76657472611237,-449.9893462996468,293.43876427363017,0.00226456636657166,1.6502986495305543,1.3476805816513473,-487.92009291212884,-285.22050645117145,170.0606739152188,-0.43091469993522197,0.24242375081851586,-0.07071616391297848,-420.6847932114588,-394.32106951104277,439.9248273336715,-0.3393910205632104,-0.094931840760415,-0.06800162431147161,-528.6169112591148,-377.368028564795,124.27869599199542
440,0,-0.2608642969214157,-0.05993890282833835,0.14070955032573215,-574.1840879191616,-372.56385477543284,457.3225534592469,-0.5628687712434675,-0.09504885615799655,0.4255414860679621,-569.3136591679959,-534.1834120682564,804.6613731507873,-0.45271190817963386,-1.1628875500697884,-1.135275911825006,-769.012201331555,-474.0938644891486,263.31426736949186,1.0628834247935106,1.2837849124093033,3.7691729839289043,-713.2439353892713,-295.08593325318753,122.14311427462276,-0.16751114884001697,-0.07500498757711413,-0.04604609120542029,-694.4981640643676,-402.84135095621923,448.3636467810732,-0.7160664928391851,1.1675938646817023,0.6794504646895579,-321.7251941958344,-448.76287506832136,293.8743570888196,0.019830070347592606,1.6460371864755035,1.3586057824054871,-487.51186038668567,-283.6756928469816,174.40443162653875,-0.42892879452608906,0.24083784597654004,-0.070130687316095,-420.6815348739289,-394.39530014589485,440.0515491528556,-0.33919648591296603,-0.09334979328399069,-0.0678412546267426,-528.6174126180033,-377.4066031365054,124.35989981895555
441,0,-0.26095393525347627,-0.06002357729977915,0.1403212923104473,-574.1845278151329,-372.5770618397216,457.3787986530172,-0.5629494199689865,-0.09494391381341996,0.42590415386693387,-569.1393596527605,-534.2641748977719,804.7156533231157,-0.4542441761383569,-1.1622940940832478,-1.1359048085799792,-768.9872718157807,-473.99132528376776,263.39041894892284,1.0660380480126606,1.2819659698407257,3.7684939690533588,-713.213136628149,-295.07960296137423,122.1433376554232,-0.16735454042520392,-0.07497232124745079,-0.04613987288251131,-694.4939395887471,-402.86197599157947,448.4243496505663,-0.7078501403869297,1.1603764741050113,0.6854742475515384,-321.70674465205843,-447.3696492056119,294.4131053471715,0.04541885214689034,1.6386068970543073,1.372683838106578,-486.8060425604953,-281.7236052209073,180.24393135930836,-0.42663990609260777,0.23864393652319538,-0.06959618298973859,-420.68063591040703,-394.4418489472929,440.2254439697286,-0.33906344428580915,-0.09136921298406823,-0.06762795230236689,-528.6447008682662,-377.44713477640596,124.45153824887973
442,0,-0.26117013675771233,-0.060167947082717645,0.13996155944911443,-574.2030785820625,-372.5831665416587,457.4396719610173,-0.563161604509239,-0.09480852621809378,0.4262743747993772,-568.9537869936013,-534.3295720765306,804.7914495900651,-0.45602216858634853,-1.1616474214069819,-1.136653450305683,-768.9597416412132,-473.8861413492397,263.4716797514863,1.0697763836357252,1.2798873167319282,3.767528929677833,-713.1814624170703,-295.07043093551454,122.14753149744261,-0.16728034862499985,-0.07503038895272328,-0.045982820460268324,-694.5037638953081,-402.8924770547264,448.4896600648873,-0.6967371442488951,1.1530353812892236,0.6916251945504369,-321.7105797279385,-445.8309487285829,295.045847325014,0.07853707921373226,1.628148861539207,1.3896283329835153,-485.8141544898197,-279.405728052337,187.46826104266688,-0.4240864921389193,0.23589752020963967,-0.06912529115088326,-420.6821617029327,-394.4607100707264,440.4429199301775,-0.3389907971650329,-0.08903511864283938,-0.06736676725075195,-528.6981258845211,-377.48875750711653,124.55199471319393
443,0,-0.2615087332666484,-0.060368921844736,0.13963970473745585,-574.2390388883344,-372.58242296352483,457.50454334322,-0.5634965360977805,-0.09464271205349732,0.42664797738123894,-568.7586952475269,-534.3806834957711,804.8874447045072,-0.4580245032872254,-1.1609559650220442,-1.1375083039365679,-768.9298683688277,-473.7802481637807,263.55713936290357,1.0740903019360515,1.2775517820084217,3.7662786842762315,-713.1491174861569,-295.05865272185827,122.15555772777316,-0.1672828157026433,-0.07517180116225633,-0.0455876563941021,-694.5270355773266,-402.9326253985941,448.559103102818,-0.6829406516567437,1.1456968629249529,0.6977880905288585,-321.73529982425526,-444.16957674611433,295.76245844382544,0.11857651962511973,1.6148373267312572,1.4091163431463918,-484.5509356867025,-276.7710509283846,195.9469099794734,-0.42131151565469455,0.23266138859535718,-0.06872760072713506,-420.68629009212225,-394.4522712266386,440.69972777357634,-0.33897594975419326,-0.08640012939119404,-0.06706324892213221,-528.7767060630382,-377.53053930920515,124.659493150949
444,0,-0.26196313898708884,-0.060622408184541204,0.1393640713073886,-574.2915152031128,-372.57519504261506,457.5727324440962,-0.5639407351572239,-0.09444695576403288,0.4270202714187659,-568.5560256216168,-534.4190015549422,805.0017296009191,-0.4602249471382696,-1.1602275841383407,-1.1384541549070775,-768.8980687212332,-473.6754832179103,263.6458649055163,1.078959718630764,1.2749666190246585,3.7647508319666003,-713.1163708741597,-295.0445203273235,122.16724935672536,-0.16735496388847915,-0.07538772708237698,-0.04497134820317839,-694.5630305041651,-402.9820482618192,448.63213495663337,-0.666721413560985,1.138482584247106,0.7038541645083574,-321.7787745948156,-442.4097771982702,296.5519441247758,0.16482859367710298,1.5988765325081795,1.4307968484045102,-483.0343544750992,-273.8747414859773,205.53254947076908,-0.4183617147538291,0.22900409429753893,-0.06840973288126333,-420.69320722752803,-394.41729453797194,440.9910644496085,-0.33901495960931544,-0.08352257050955014,-0.06672341448780589,-528.879128742236,-377.57151365085514,124.77214963073094
445,0,-0.26252415964687364,-0.060923312949714606,0.1391414496589196,-574.3593880357907,-372.5619588445105,457.64352238559525,-0.5644766124191841,-0.09422224321048132,0.42738614160674154,-568.3478810778852,-534.4463374322065,805.1318631434973,-0.46259280059225405,-1.1594695782175553,-1.1394744442082618,-768.8648993740711,-473.5735393382425,263.7369044479539,1.0843522114924218,1.272144031451985,3.762959689027037,-713.0835448567083,-295.02830077880776,122.18239299297706,-0.167488936544996,-0.07566822201986344,-0.04415464704115338,-694.610881270949,-403.0402105553465,448.7081486578379,-0.6483811980456867,1.1315073317303794,0.7097222058631364,-321.8381993890236,-440.5771351976058,297.4025342602612,0.2164996990737239,1.5804976411179674,1.4542990822826418,-481.2856077070679,-270.77664283268746,216.06398031660245,-0.41528676195310354,0.2249984031731474,-0.06817555282839936,-420.7030044358943,-394.35689552235044,441.3116855255674,-0.33910270505687,-0.08046439354802949,-0.06635371149538258,-529.0037511080772,-377.61071251696944,124.88802754768625
446,0,-0.26317990526899826,-0.06126557916142497,0.13897661489433866,-574.4412810446985,-372.54330133229496,457.7161738759937,-0.5650832667989947,-0.0939700947103333,0.4277401600142142,-568.1365001790097,-534.4647172986272,805.2749574433719,-0.4650933561639818,-1.1586887727876283,-1.1405516098801711,-768.8310295078268,-473.47592535905704,263.8292906598457,1.0902229335068965,1.2691015579133793,3.7609260704323195,-713.0509997708464,-295.0102753623866,122.20071284910523,-0.16767633463674292,-0.07600256730022582,-0.0431615533305077,-694.6695561255095,-403.10639966871054,448.78648149901665,-0.6282552656661798,1.1248770539879365,0.7152993441552815,-321.9101836888896,-438.6984414206915,298.3017814941881,0.27272730752188573,1.5599558283240706,1.479240546036385,-479.329096476351,-267.5396576716384,227.3691700085711,-0.41213833744043626,0.2207197904901501,-0.06802648430770536,-420.7155842490013,-394.2725210931706,441.65602103498605,-0.33923307451473556,-0.07728901218541949,-0.06596097083883365,-529.1486028218287,-377.64719966972257,125.00519338777833
447,0,-0.2639158254359948,-0.06164225607298195,0.1388719769517238,-574.5355366011177,-372.51991536333253,457.7899385365524,-0.5657374462503744,-0.0936925919439817,0.42807671049032775,-567.924230173418,-534.4762747351705,805.4277831830883,-0.46768843206637023,-1.1578916653498434,-1.1416674288337574,-768.7972064593276,-473.3839356524572,263.9220453750589,1.0965148493111943,1.2658622800404153,3.7586769221450322,-713.0191155445223,-294.99073932040596,122.22185786041828,-0.16790853344519985,-0.07637961054634523,-0.04201872677912994,-694.7378398568992,-403.179715280679,448.8664236389397,-0.6067042294231871,1.1186872487401833,0.7205015491866877,-321.9908678714453,-436.8015052136895,299.2366660125286,0.3325963642284854,1.5375275695272086,1.5052344618425804,-477.1923580471052,-264.22808469158366,239.26830819264518,-0.40896914413966695,0.2162450242891313,-0.06796189656904593,-420.73058264273016,-394.16592697220335,442.0182898999626,-0.33939917957096644,-0.07405916887376396,-0.06555234742408436,-529.3113918739837,-377.6801028135882,125.121769900442
448,0,-0.2647148782550791,-0.06204560325394115,0.1388273679315677,-574.6402011743729,-372.4925907907747,457.86407049719065,-0.5664146074739429,-0.09339239506678701,0.42839011838225466,-567.7134990570072,-534.4831455563311,805.5868879609924,-0.47033698278566904,-1.157084615116126,-1.142803355304065,-768.764216326354,-473.29862969873426,264.014185454092,1.1031593156884907,1.262454825038963,3.7562448128747987,-712.9882711230304,-294.97000180537674,122.24539320377137,-0.16817696777321417,-0.07678809552162234,-0.040754858319457396,-694.8143192478389,-403.2590658733532,448.9472273598165,-0.584105633466214,1.1130217255784935,0.7252539121492966,-322.076063084586,-434.9149056093121,300.19370986794485,0.3951555777497085,1.5135081224898268,1.5318964930550416,-474.90593566639996,-260.9059725056165,251.57681657108986,-0.4058318927702205,0.21165086300885033,-0.06797953064749801,-420.7473131132702,-394.0391544267821,442.39260884535764,-0.3395935939378584,-0.07083494918774816,-0.0651352477560469,-529.4895153145891,-377.7086433686215,125.23598376217846
449,0,-0.26555783571406477,-0.06246722694106859,0.13883998069080264,-574.7530234421155,-372.4622016950959,457.93783557287696,-0.5670900060423588,-0.09307274638064715,0.4286747796987615,-567.5067861920738,-534.4873707299569,805.7487199975992,-0.4729957882283525,-1.1562740569510788,-1.1439408517362764,-768.7328417817247,-473.22082244802726,264.1047299810312,1.1100770210776536,1.2589131433234666,3.7536672967078437,-712.9588232801401,-294.94838593457746,122.27079709503455,-0.1684733776074634,-0.0772169722522465,-0.039400020228609174,-694.8973755876616,-403.3431733067803,449.02811648284234,-0.5608455780732365,1.107951762704614,0.7294907698956081,-322.16140776210506,-433.0676746671476,301.15910389743027,0.45943325408964414,1.4882091749303306,1.5588506138682985,-472.5031710269398,-257.6355527943109,264.1082583977867,-0.40277828253975273,0.20701288020802217,-0.06807593033778696,-420.7647366074398,-393.89450585459696,442.77309271475735,-0.3398086173068802,-0.06767204878626894,-0.06471724557813197,-529.6800765097045,-377.73216269902053,125.34620538613333
450,0,-0.26642371903296036,-0.06289824533515684,0.13890446274422444,-574.871467362492,-372.4296899224358,458.01051765706944,-0.5677397504399317,-0.09273745701790896,0.4289252845636153,-567.3065910336173,-534.4908122050476,805.9097496940573,-0.4756202220871254,-1.1554667180802893,-1.1450617067935975,-768.703819592589,-473.1510857073058,264.1927084782319,1.117179290183401,1.2552760545136683,3.7509861602666024,-712.9310864468757,-294.9262288424972,122.29746329709963,-0.168790009619081,-0.07765567951587452,-0.03798500909871196,-694.98518641778,-403.4305863314203,449.10829552556856,-0.5373106939743281,1.1035356606619997,0.7331557323255392,-322.2425334407754,-431.28891293928905,302.11884998005894,0.5244523991268358,1.4619565954604141,1.5857340652796699,-470.01990852289657,-254.4758077725359,276.6771025449513,-0.39985799924655613,0.2024044176412766,-0.0682468443244241,-420.78145962618584,-393.7345184767269,443.15394420074205,-0.3400365585154121,-0.06462037490134696,-0.06430598827882981,-529.8799104000275,-377.7501438737608,125.450979283699
451,0,-0.2672903485785598,-0.06332947811362147,0.13901315955683666,-574.9927416012436,-372.3960452600451,458.0814223108931,-0.5683417609567907,-0.09239087328458852,0.429136530309492,-567.1153996066093,-534.4950853485492,806.0665823961112,-0.47816509826075354,-1.1546698159697564,-1.1461483340351633,-768.677800391147,-473.08976021203387,264.2771695832353,1.1243697442911769,1.2515865704849107,3.7482465700823546,-712.9053151572843,-294.90388166497235,122.32470931522542,-0.16911977246974583,-0.07809439286339599,-0.03654069568165573,-695.0757381731559,-403.51970332735857,449.18695830204325,-0.5138807257721193,1.099818678388052,0.7362016665877584,-322.3152321697836,-429.60734208566976,303.0589206814248,0.5892448854247245,1.4350882052923561,1.6122013851844723,-467.4941056476462,-251.481218203807,289.1013072523109,-0.39711775008239697,0.1978956597007141,-0.0684875700035806,-420.7957610829528,-393.5619352748857,443.5295321017519,-0.3402700272873671,-0.061723035780335146,-0.06390909767968528,-530.0856178777805,-377.7622282988095,125.54904417059605
452,0,-0.2681349848730196,-0.06375165420989994,0.1391564918297464,-575.1138457107706,-372.3622827305551,458.1498778461611,-0.5688765856823375,-0.09203781969155087,0.4293038199305388,-566.9356485792579,-534.5015104656611,806.2160570824611,-0.4805855911298003,-1.1538912170751205,-1.147184044354893,-768.6553131048298,-473.0369774510613,264.35718958388946,1.131546284212359,1.2478910210935978,3.7454961379542087,-712.8816905125135,-294.88170938561365,122.35178983665986,-0.16945634564277423,-0.07852423214750587,-0.03509739635725947,-695.1668507249583,-403.60880391296854,449.2632958178515,-0.4909219248281033,1.0968333186232493,0.7385906809855557,-322.3756179316203,-428.0508044710145,303.9654372314765,0.6528645491777114,1.4079514794454648,1.637927543620887,-464.96534937068986,-248.70072751811887,301.2046987786395,-0.39460035501302326,0.1935528181134771,-0.06879321659699189,-420.8056467578892,-393.37967232026267,443.8944581848841,-0.34050221921575524,-0.05901574248480377,-0.06353406889814381,-530.2936098636808,-377.76822681284034,125.6393427460193
453,0,-0.2689350311625174,-0.06415563093631735,0.1393234428915549,-575.2316323541688,-372.3294176299048,458.21523446406906,-0.5693280389717631,-0.0916835163702042,0.42942294203743936,-566.7696870637418,-534.5110846129612,806.3553273049913,-0.4828382206330179,-1.1531395385726668,-1.1481532859501606,-768.6367361429621,-472.9926897490775,264.431880342871,1.1386033327395,1.244238025268673,3.742783924028897,-712.8603117451975,-294.86009042728614,122.37791463324007,-0.16979424281250546,-0.07893742336289847,-0.03368428236182604,-695.2562140475086,-403.6960884359088,449.3365034704065,-0.468781383524572,1.0945999126592572,0.7402941379565494,-322.4202750273824,-426.6457237494886,304.8248653226191,0.714399143019503,1.3809010897074911,1.6626102480163047,-462.47428354636764,-246.1769457556667,312.8191299798197,-0.3923439179487317,0.18943741610218132,-0.06915887427431981,-420.8089285028202,-393.19078179039167,444.2436134683981,-0.34072717596739827,-0.05652662094327136,-0.06318817036985015,-530.5001610032376,-377.7681250606378,125.72102171702441
454,0,-0.26966876447789073,-0.0645326168939632,0.1395021255945282,-575.3428837385221,-372.2984390615327,458.2768621972395,-0.5696836410967648,-0.09133346957305417,0.42949022913302837,-566.6197366159695,-534.5244736602045,806.4819223237062,-0.4848818858436189,-1.152424178570131,-1.1490418473432165,-768.6222769833787,-472.95670660601576,264.5003963825003,1.1454342436531812,1.240677364820557,3.7401593985060657,-712.841193574412,-294.8394157978628,122.40226991184537,-0.17012883204853313,-0.07932741095364385,-0.032328843454777864,-695.3414363666025,-403.77972381546886,449.40578769745565,-0.44778237280686606,1.093127440156807,0.7412927117666023,-322.4463871790337,-425.4165437793539,305.62422648469925,0.7729811160547417,1.3542962120550737,1.685971509450924,-460.06195699955015,-243.94560469504373,323.7864128653047,-0.3903811049056474,0.18560566505208065,-0.06957968591276717,-420.8033238183741,-392.99841025583873,444.5722252091512,-0.3409400029945256,-0.054276409439120654,-0.06287834709876655,-530.7014721877737,-377.76208314568714,125.79342316984837
455,0,-0.2703160611280248,-0.06487439092442876,0.13968039399710194,-575.4443993750094,-372.27028282489096,458.3341485013148,-0.5699348505212761,-0.09099333530625249,0.42950259200403623,-566.4878502588571,-534.5420233735451,806.5937878452406,-0.48667892082385494,-1.1517552647136216,-1.1498370213896207,-768.6119612530048,-472.92873486631066,264.56194115005786,1.15193376510325,1.237258826222019,3.737671382963406,-712.8242696149498,-294.8200875283619,122.4240419601749,-0.17045631665308814,-0.07968891893940308,-0.031056421097401136,-695.4201022703509,-403.8578937787386,449.4703723081991,-0.4282206792167235,1.0924145098272535,0.7415764938446177,-322.45184208227136,-424.3851655631187,306.35132093932685,0.8277972254754213,1.3284975315959573,1.7077585822102141,-457.7691058381621,-242.0352632909664,333.9600268079883,-0.38873855796104295,0.18210793179658025,-0.07005082780492614,-420.786570165973,-392.805752217915,444.8758961086004,-0.3411370302933121,-0.05227899802564557,-0.06261112810072732,-530.8937404277096,-377.75042971871864,125.85606879445099
456,0,-0.27085908380318907,-0.06517350963469176,0.13984646402370587,-575.5330914151034,-372.2458045923967,458.38649635465015,-0.5700770921140097,-0.0906687578093878,0.4294575292049673,-566.3758716749036,-534.5637872617567,806.6893070201527,-0.4881961344856102,-1.1511435164703934,-1.1505277308052027,-768.6056318030919,-472.9084199604559,264.6157726820729,1.1580004447162484,1.2340310730201107,3.7353669919327226,-712.8094016676761,-294.80251609448527,122.4424418757674,-0.17077368204503918,-0.08001796206703407,-0.029889822354805334,-695.4898384741557,-403.92885122021863,449.52950478428363,-0.41036188146701974,1.0924504224131928,0.741145136758922,-322.4353072886116,-423.5704032380275,306.99495605484344,0.878097009068956,1.3038638861573577,1.7277444061899452,-455.63538682886053,-240.46725113695868,343.2066098170396,-0.3874364706903871,0.17898829836760496,-0.0705674141948845,-420.75654750005185,-392.61599934188604,445.1506372698882,-0.34131590682591145,-0.05054225153493325,-0.06239253812756744,-531.0732340368452,-377.7336507911943,125.90863874361158
457,0,-0.2712829005126727,-0.06542349665632602,0.1399895090011966,-575.6060831909488,-372.22575434824495,458.43332365667504,-0.5701095955148294,-0.09036518652803,0.42935311184460007,-566.2853959639419,-534.5895681310429,806.7673033547471,-0.4894057843697196,-1.150600022191921,-1.15110461814063,-768.6029576821138,-472.89538527079156,264.66120901542956,1.1635388811060337,1.2310405990846804,3.7332905955973534,-712.7963942880536,-294.7871165006277,122.45673017373707,-0.17107861554752393,-0.08031181111290067,-0.02884902051618807,-695.5483843135729,-403.9909702142429,449.58246285611125,-0.3944394649126677,1.0932162392459641,0.7400080163392702,-322.39627458690313,-422.98748047449953,307.5451730135246,0.9232001683451033,1.2807484999233043,1.7457276928085432,-453.6985813998393,-239.2558277944905,351.4072440017996,-0.3864883430194702,0.17628421723747809,-0.07112434702832027,-420.7114020642354,-392.4322862910603,445.3928962911437,-0.3414756248490994,-0.04906904662987748,-0.062228013318599826,-531.2363706749561,-377.7123736841513,125.95094705452367
458,0,-0.2715760099336169,-0.06561900761119446,0.1401001997152349,-575.6608062558158,-372.21075306031184,458.474064574047,-0.5700350675172307,-0.0900876773130279,0.42918794507575136,-566.2177335113896,-534.6189697838739,806.8270279285459,-0.49028642698326524,-1.1501359376960192,-1.1515601050293123,-768.6034523299716,-472.8892667032577,264.69763375776876,1.168461752560737,1.2283307955963345,3.7314828258446755,-712.7850136233358,-294.77430273360727,122.46624013887816,-0.17136940699142067,-0.08056891886021972,-0.027950942884304754,-695.5936636434637,-404.04279514916806,449.62856163915166,-0.38065364768349425,1.094685787726411,0.7381843808974731,-322.3350714433566,-422.6475879934198,307.99346322470456,0.9625029301826573,1.2594947776910037,1.7615327959433773,-451.9937920401715,-238.40852809455433,358.4585482239721,-0.38590092325192854,0.17402626409564062,-0.07171613603785269,-420.64966448195554,-392.25763446628406,445.59958162416,-0.34161647582039373,-0.04785844551967911,-0.06212232043634382,-531.3797955667828,-377.6873466447611,125.98291558792796
459,0,-0.27173075279539627,-0.06575596563168323,0.1401711635335637,-575.6950911940696,-372.20127251383497,458.5081732798465,-0.5698592300622964,-0.0898406856894527,0.4289611087686827,-566.1738785421704,-534.6514550772682,806.8681337650517,-0.49082358850837665,-1.149762118168539,-1.151888426731888,-768.6064997773854,-472.88973986592254,264.72450223386994,1.1726915792239248,1.2259411479261677,3.7299796499266398,-712.7750091444567,-294.76448036459146,122.4703989114123,-0.17164483863044672,-0.08078881485779868,-0.02720934104781194,-695.6238546648193,-404.0830845733747,449.6671615497724,-0.36917078370021694,1.0968265488573932,0.7357034481984475,-322.25283949313683,-422.5575213002388,308.3329654987125,0.9954834715186478,1.2404316616640252,1.7750094975554034,-450.5526545454409,-237.92665821876037,364.27359121429697,-0.3856743347434807,0.17223798789020084,-0.0723367152403502,-420.57035553085376,-392.09489525551976,445.7680840222327,-0.34173994446339206,-0.046906924406185005,-0.06207947964392785,-531.500457171554,-377.65941479265695,126.00454836278021
460,0,-0.2717435940936861,-0.0658316631919632,0.14019734256253616,-575.7072477371231,-372.19761915773125,458.5351302868592,-0.5695902604082057,-0.08962786200509766,0.42867208071546264,-566.1544838399809,-534.6864065969253,806.8906403917894,-0.4910102096983354,-1.1494886996947824,-1.1520856484200412,-768.6113871714084,-472.8965378521265,264.7413485666963,1.1761621957167643,1.2239065652344063,3.728811537513258,-712.7661366107392,-294.75803719287137,122.46874545460173,-0.17190407292729,-0.08097197778774823,-0.02663473482110084,-695.6374542726056,-404.1108476613527,449.69767711521695,-0.3601232114801146,1.0996003900047144,0.732604406033094,-322.151481515819,-422.7194152669312,308.5586351297386,1.0217065037329192,1.2238685939768688,1.7860328147232756,-449.4025906037484,-237.80590443132743,368.7826373275696,-0.38580237535757267,0.17093585473563036,-0.07297928068329351,-420.4730736385921,-391.94669458205516,445.89629559504846,-0.3418485517494043,-0.04620957353188971,-0.06210269120952868,-531.5956777024691,-377.6294931949381,126.01590800003983
461,0,-0.2716152658715316,-0.06584482694727992,0.14017623638874946,-575.6961302387616,-372.19992270531685,458.55445132594235,-0.5692381716848449,-0.08945185989333944,0.42832064624507427,-566.159842905825,-534.7231864626832,806.8948915870643,-0.49084683441942134,-1.149324650814216,-1.1521496692726223,-768.6173416114573,-472.9094584084852,264.7477939289594,1.1788199265020307,1.2222568363781658,3.728002746854085,-712.7581804476097,-294.7553319804112,122.46094472623008,-0.17214654624963377,-0.0811196941874883,-0.026234418412491748,-695.633333791161,-404.1253716832737,449.7195866670474,-0.35360942915589694,1.1029641259944927,0.7289362715307918,-322.03357971007125,-423.1305891270962,308.6673768402371,1.0408271151143333,1.2100901730984703,1.794502905973232,-448.56612542525136,-238.03701546912285,371.933734777619,-0.3862729696383538,0.17012927886872106,-0.07363617150313866,-420.3580589949954,-391.81538060318405,445.98262671873215,-0.3419456606633056,-0.045761188396217796,-0.06219426702949175,-531.6632161604581,-377.59853800106475,126.01709575116212
462,0,-0.27135076493545746,-0.0657956432485247,0.14010802052773474,-575.6611852617226,-372.2081300938346,458.56569850158604,-0.568814170510521,-0.08931417050848897,0.4279067982846213,-566.1898805507898,-534.7611922111915,806.8815091049147,-0.4903415288943636,-1.1492773179611757,-1.1520802193034143,-768.6235691059708,-472.9283601305847,264.7435560168774,1.1806244670689168,1.221016200347798,3.7275707536376412,-712.7509737376747,-294.7566815123527,122.44679755117501,-0.1723718753835266,-0.08123391147963531,-0.026012516491148628,-695.6107833936918,-404.12623941318634,449.73244278918844,-0.34969449244130313,1.10686991110054,0.7247575678844758,-321.9022892993901,-423.78351205642554,308.65813492025757,1.0525939565365607,1.1993506338998274,1.8003451257665872,-448.0602943269039,-238.60652051970052,373.69315280100165,-0.38706874657682316,0.16982073096793782,-0.07429881248252976,-420.226230190254,-391.7029763608828,446.0260208346099,-0.3420352601922769,-0.04555717936942586,-0.06235556847245017,-531.7013219101469,-377.5675166762645,126.00823628494877
463,0,-0.2709592042755137,-0.06568574299869671,0.13999553709898555,-575.6024788344778,-372.22200524712053,458.56849329398904,-0.5683300244454857,-0.0892149951043942,0.4274306317622878,-566.244152607571,-534.7999062539595,806.8513448568198,-0.4895095363526767,-1.1493519908989858,-1.1518788519505296,-768.6292934501149,-472.9531482044507,264.7284595677349,1.1815494806912803,1.2202030174332124,3.727525842313864,-712.7444142307494,-294.7623464245698,122.42624586591289,-0.1725797820911897,-0.0813170919175979,-0.025970078584072537,-695.5695430344624,-404.11333596787074,449.7358833027758,-0.34841055226851764,1.111265481822118,0.7201357849449463,-321.7612124227762,-424.6658958969665,308.53193565470576,1.0568518267589573,1.1918683140097317,1.8035102501417823,-447.89616034649396,-239.4974472475449,374.0456699357311,-0.38816771005061396,0.17000591262693304,-0.07495773162236546,-420.07919044325405,-391.6111390325894,446.0259670064183,-0.3421217426423651,-0.04559424036775341,-0.06258695276565805,-531.7087772342245,-377.5373784336592,125.98946805046754
464,0,-0.2704535212714646,-0.06551814555012167,0.13984415926951804,-575.5207018013097,-372.2411349100531,458.5625308753505,-0.5677974668689697,-0.08915316745118344,0.4268922359596518,-566.3218551251025,-534.8389370318205,806.8054336589958,-0.4883726890754351,-1.1495515146344928,-1.1515489329883586,-768.6337929557187,-472.98375106036985,264.70244749718415,1.181582923518171,1.2198295280264482,3.7278708748610385,-712.7384751272886,-294.77251645197,122.39937318138018,-0.17277003884644906,-0.08137207237580857,-0.02610520235069032,-695.5098183093401,-404.08684509741767,449.72964251551895,-0.34975747221574105,1.1160942844585366,0.7151466014186976,-321.61425780923616,-425.76091766526105,308.29187905665367,1.0535436720818312,1.187820289748789,1.8039748740300645,-448.0784621648112,-240.69000833160803,372.9947105532819,-0.3895439651178939,0.17067398584922688,-0.07560266114889666,-419.91920177134,-391.5411271781937,445.982509970338,-0.34220968730625595,-0.04587073573710871,-0.06288773089956129,-531.6849276985905,-377.5090259664937,125.96093964291315
465,0,-0.26985005010808144,-0.06529716241269871,0.1396615354674275,-575.4171525906801,-372.26494063562274,458.54759515609516,-0.5672276613431947,-0.08912613523667343,0.4262915881249689,-566.4218430777628,-534.8780506317366,806.7449482648672,-0.4869586163048816,-1.1498759726734653,-1.1510956235559067,-768.6364332037525,-473.02009008315423,264.6655920095643,1.180727110821214,1.2199016888398433,3.728601246823224,-712.733209821905,-294.7872959494886,122.36640029325557,-0.1729424365334532,-0.08140193315456214,-0.02641317931946258,-695.4322802799685,-404.04723544231837,449.71356243257617,-0.35370349197733225,1.1212955313356392,0.7098728591299529,-321.46549190079503,-427.0475701648715,307.9430788961614,1.0427119635216235,1.1873373726478091,1.8017419598475906,-448.60540807108885,-242.16223026376557,370.5623209095005,-0.3911684626948284,0.17180784782451497,-0.07622272524160964,-419.7491268517818,-391.49377704071827,445.89625728269186,-0.3423036603779789,-0.04638678570885925,-0.06325614068324423,-531.6296995103891,-377.48328951583585,125.92281220484537
466,0,-0.26916797018328703,-0.06502826267424469,0.13945722322994725,-575.2936976609499,-372.29269680355975,458.52357395657185,-0.5666307422737754,-0.08913000620975078,0.4256284514723205,-566.542658267966,-534.9171922589828,806.6711580216826,-0.4852998003257236,-1.1503224632896398,-1.1505258523847284,-768.6366943044127,-473.06204515992704,264.61810486807815,1.1789985353207202,1.220419080895821,3.7297050351298413,-712.7287502631702,-294.80669068667555,122.32767646202825,-0.1730967724360897,-0.08140987736855128,-0.02688666012537646,-695.3380489457817,-403.9952377218368,449.68760360522253,-0.36018593075656785,1.1268042347494032,0.7044032915191236,-321.31898694121907,-428.50113438958334,307.4925520321502,1.0244993566598124,1.1904996546861777,1.7968414955915306,-449.46862766438164,-243.89050444311016,366.7889694708316,-0.3930097289140441,0.1733844434458289,-0.07680671277851055,-419.57233979473926,-391.46948857582623,445.76838304189533,-0.342408037566584,-0.0471440524124789,-0.06368933902252331,-531.5436033557548,-377.46090417587425,125.87526752717275
467,0,-0.26842864649527814,-0.0647179032729269,0.13924222600404265,-575.1527108262708,-372.3235543300681,458.4904736986955,-0.5660154439694278,-0.08915966083796889,0.4249022807056109,-566.6825657394945,-534.956497540388,806.5853921411903,-0.48343254077720804,-1.1508849863498383,-1.1498482700073125,-768.6341915078866,-473.10941925416927,264.56034591855524,1.1764274456849928,1.2213748893431342,3.7311633366273558,-712.7252990668233,-294.8305969762215,122.28366648921397,-0.17323285438872316,-0.08139912119790456,-0.02751583971101918,-695.2286607179537,-403.9318142053446,449.6518552773127,-0.36911195180014134,1.1325512691788775,0.6988310180034645,-321.1786711784072,-430.0937627352529,306.949060142556,0.9991484801573098,1.197332781359467,1.789331198281009,-450.6532885692185,-245.8500475208583,361.73314997467793,-0.3950345531646972,0.17537511055193436,-0.07734342847279373,-419.39260853627064,-391.46822152299774,445.6006275559705,-0.3425268524307533,-0.04814524941382354,-0.06418341767412575,-531.4277244870831,-377.4424911455646,125.81852118424081
468,0,-0.26765488181405844,-0.06437332867371406,0.13902844954870902,-574.9969935688862,-372.35656949209044,458.4484330279642,-0.5653888261109653,-0.08920892906879019,0.42411213841680695,-566.8395976761244,-534.9962941574981,806.4890082730801,-0.48139588607863726,-1.1515544535524043,-1.149073176118872,-768.6286883841746,-473.1619053040162,264.4928289414322,1.1730571905776457,1.2227559611868501,3.732950790085436,-712.7231159898303,-294.8587941434112,122.23493432435225,-0.17335051461235557,-0.08137279433189465,-0.028288666030426922,-695.1060209098163,-403.85812211752096,449.6065444803154,-0.3803594339607578,1.1384635118746471,0.6932518234807077,-321.04818581747475,-431.7951576573078,306.3229090265964,0.9670006466284298,1.2078051200559778,1.779297176661762,-452.1383805725559,-248.01526510599945,355.4707610348439,-0.39720861824558584,0.17774595543462865,-0.07782211076683622,-419.21395301081617,-391.48950153595774,445.3952922788629,-0.3426636701755577,-0.0493934175094478,-0.06473344665277438,-531.2836991106753,-377.428543398323,125.75283974374587
469,0,-0.2668701038487199,-0.06400234612294574,0.13882809800595508,-574.8296792478825,-372.3907370446782,458.39773481363716,-0.5647561000622223,-0.08927082463842247,0.42325662590766744,-567.011603460422,-535.0370947622305,806.383366819846,-0.47923058133028734,-1.1523188297974316,-1.1482124105386096,-768.6201021692881,-473.2190585498196,264.4162239556362,1.1689433320042946,1.2245429525522356,3.735036267273845,-712.7224997995712,-294.8909411844268,122.18212403531311,-0.17344962470635514,-0.0813338493155912,-0.029191078219390543,-694.9723428663542,-403.77547281283057,449.5520437287807,-0.39377801568648585,1.144464110792532,0.6877622493316463,-320.9307527694071,-433.57332654677555,305.62571252080886,0.928493243493998,1.2218259773614535,1.7668544481965305,-453.8971641072229,-250.36001994934304,348.094234476169,-0.3994970648642413,0.1804582587064928,-0.0782328997404955,-419.0404846085202,-391.5324361764955,445.1552293607703,-0.34282148389477446,-0.05089102636320109,-0.06533354907864898,-531.1136774072331,-377.41941598513876,125.67856084039646
470,0,-0.2660975138219324,-0.06361308444147562,0.13865303324353936,-574.6541247743105,-372.4250265720493,458.3388160337358,-0.564120557141877,-0.08933782647239918,0.42233383182785744,-567.1963043222343,-535.0795825009594,806.2698112193347,-0.47697806809821003,-1.153163407795235,-1.1472791984826884,-768.6085012529486,-473.28027696278576,264.33135521452897,1.1641525320161201,1.226710581417695,3.737383710299431,-712.723766914517,-294.9265782228244,122.12593914018021,-0.17353010186496587,-0.08128497828054317,-0.0302072814528691,-694.8300758785049,-403.68528859533814,449.4888769780128,-0.40919038945009334,1.1504729266590925,0.6824575298650216,-320.8290566165443,-435.39539036709374,304.87012949676154,0.8841555495430253,1.2392450007324356,1.7521471914178097,-455.89777396327696,-252.8578122474429,339.71138663907834,-0.4018649896829475,0.18346891431835766,-0.07856733330144326,-418.8762335879235,-391.59574044068324,444.8838252144493,-0.3430026285330217,-0.05263897321413884,-0.06597701042433404,-530.9202737895307,-377.4153209348894,125.59611470999867
471,0,-0.26535922600489215,-0.06321374608282365,0.138514124525799,-574.4737938169582,-372.458420802765,458.27227512032704,-0.5634835966224583,-0.08940219340478801,0.4213413013173222,-567.3913508196439,-535.1245907558133,806.1496542214012,-0.4746795573861169,-1.1540712119620962,-1.1462879422205388,-768.5940951536778,-473.3447918514862,264.2391943229486,1.1587612194331742,1.2292280042152506,3.7399530832418013,-712.7272284129903,-294.96513307959754,122.06712140654281,-0.17359189617209808,-0.08122853582881195,-0.031320065111509934,-694.6818244526661,-403.5890589423381,449.4177235183754,-0.4263939294817254,1.1564071910220992,0.6774294169842685,-320.74514360444795,-437.2284210508393,304.06958323738286,0.8346027396102397,1.2598528759602274,1.735348606219809,-458.10396284938446,-255.48188545476896,330.4439725387201,-0.40427788116566205,0.18673090735191566,-0.07881884550112696,-418.72497202449205,-391.6777714162443,444.58497752142483,-0.34320870740496895,-0.05463555532033816,-0.06665642372712921,-530.7065052550699,-377.4163264846319,125.50604566350592
472,0,-0.2646754306161432,-0.06281236358997115,0.13842061845347692,-574.2921359266713,-372.4899544585171,458.1988764006583,-0.5628448476457072,-0.08945629610900864,0.4202760272295982,-567.5943812717295,-535.1730789000716,806.0241699730913,-0.47237518532931,-1.1550235213268347,-1.1452539537457553,-768.5772176760929,-473.41167001808293,264.1408481633396,1.1528540478054725,1.2320593346506126,3.742701397920783,-712.7331670803178,-295.0059329403394,122.00643024897548,-0.1736349502352367,-0.0811664676695971,-0.03251116801887871,-694.5302618274271,-403.48829764125685,449.3394194890695,-0.4451627322204695,1.162182412451211,0.6727639461622885,-320.68033990510526,-439.0402808473627,303.23797267620813,0.7805278855546243,1.283383403309274,1.7166602516716976,-460.4759634208013,-258.2052756935132,320.4259315674138,-0.40670200102703086,0.1901938388603261,-0.07898323752545122,-418.59004046568117,-391.77657163606125,444.26306503443016,-0.34344052675646436,-0.05687549285009942,-0.06736387035827765,-530.4757189307062,-377.4223601721297,125.40903194024042
473,0,-0.2640636144355437,-0.06241657223222651,0.13837956071965532,-574.1124661211194,-372.5187521115146,458.1195513091196,-0.5622023754479842,-0.08949294902895483,0.4191344637958164,-567.8030792077886,-535.2261059598588,805.8945914888321,-0.47010325258352204,-1.1560004949336355,-1.1441931268936671,-768.5583042505351,-473.479828048987,264.0375416281036,1.1465221617295458,1.235164319841053,3.745583768646144,-712.7418160834375,-295.04822075555296,121.9446237857178,-0.1736591254518215,-0.0811002457689713,-0.033761689672602464,-694.3780408406587,-403.3845020354598,449.2549566961361,-0.46525013659968906,1.1677135472081568,0.6685392081888784,-320.63519089838786,-440.80043580198117,302.3893845771959,0.7226918348515606,1.309517005596535,1.6963107343473314,-462.9714420391256,-261.00082626700134,309.8013249667854,-0.40910472152252714,0.19380450789841816,-0.07905909039273538,-418.474186678112,-391.88992065396803,443.92290937514593,-0.3436980352692552,-0.059349074918575245,-0.06809113355919508,-530.2315101464712,-377.43321516476243,125.30590240563305
474,0,-0.2635378737759843,-0.06203341018477995,0.13839530086598442,-573.9378494546106,-372.54406351113954,458.0353960650766,-0.5615529584451501,-0.08950572520943215,0.4179125619715379,-568.0152279171826,-535.2848040799215,805.7621128182972,-0.46789954319323396,-1.1569818775289187,-1.1431215522192948,-768.5378646999953,-473.548058487601,263.9305954860128,1.1398612961146388,1.2384991817538036,3.748554450329184,-712.7533406387502,-295.09117568246023,121.88244246023874,-0.17366409340511532,-0.08103081188517185,-0.035052540461163864,-694.2277053397529,-403.2791152680829,449.1654784214616,-0.48639176989072935,1.1729164286167302,0.6648232029520539,-320.60942278120785,-442.480715431725,301.53781483159935,0.6619109464340116,1.337885693312527,1.6745536314391802,-465.54651316540645,-263.84119073040426,298.72197912501633,-0.41145483024301743,0.1975075613238867,-0.07904808938070411,-418.3794246561151,-392.0153942822337,443.5697278343947,-0.34398026732902326,-0.06204149414973944,-0.06882993947195014,-529.9776326330494,-377.44855909865583,125.19764864079076
475,0,-0.26310835242558916,-0.06166915601046045,0.13846910850876049,-573.7709948995401,-372.56529491945514,457.9476655203128,-0.5608924191291812,-0.08948923807587973,0.4166058247748924,-568.2287602832371,-535.3503536084487,805.6278949452831,-0.46579671679712814,-1.157947758520776,-1.1420550834641854,-768.5164528623096,-473.61506680293155,263.82140004188,1.1329697435529757,1.2420176204207238,3.7515678178052942,-712.7678237081161,-295.13393660935344,121.82059591913355,-0.17364919565681003,-0.0809585320537215,-0.036364917976991006,-694.0816052876354,-403.1734921622329,449.072271924551,-0.5083091358070367,1.1777094231108947,0.6616718630371602,-320.60192740810515,-444.05599164204943,300.6969057604699,0.5990427846756016,1.3680794840686505,1.6516645529991953,-468.1567802598018,-266.6988483286517,287.34486426977907,-0.4137228142775949,0.20124622051588203,-0.07895523415391296,-418.3069213556128,-392.1504307622056,443.20907603836474,-0.3442852910258536,-0.06493242466558632,-0.06957221804999199,-529.7179027192461,-377.4679446718669,125.08543111110939
476,0,-0.2627808324814533,-0.06132921052653299,0.13859892452497333,-573.6141624737361,-372.5820351747458,457.85776288311945,-0.5602159887298709,-0.08943937620252691,0.41520938020754933,-568.4418022653437,-535.4239614442535,805.4930741725512,-0.46382376905049666,-1.158879353444346,-1.1410088699314715,-768.4946346298273,-473.6795173023041,263.711385569163,1.125946240427213,1.245671959157929,3.7545792500059205,-712.785256361979,-295.17562762989724,121.75975359410168,-0.17361328000501355,-0.08088316464798743,-0.03768079182452385,-693.9418185454288,-403.06886920360193,448.97675737691725,-0.5307137294787235,1.1820152548299498,0.6591273444234405,-320.6107708564098,-445.50475233984963,299.87970473625967,0.5349700121805533,1.399654240769853,1.627937277099417,-470.7583676969888,-269.5461543121149,275.82925449502,-0.4158811343303565,0.20496309093695023,-0.07878891514411625,-418.25691739022596,-392.2924028729027,442.84677932818306,-0.34461016394104105,-0.06799588462070862,-0.07031037411614043,-529.4560997091057,-377.4908212793352,124.97057831546809
477,0,-0.26255649883784293,-0.061018026745881,0.13877926395084653,-573.4690869544418,-372.5940754723213,457.7672250296695,-0.5595186834861192,-0.08935347972029728,0.4137180688248484,-568.6527086472732,-535.5068440267892,805.3587714924851,-0.46200555864034726,-1.1597597745568216,-1.1399968738558994,-768.472956067342,-473.7400854990144,263.60199078919237,1.118887843180837,1.2494143912155622,3.7575458894114884,-712.8055330256157,-295.21538427270536,121.70053918262752,-0.17355452557903575,-0.08080384410065813,-0.03898337659679544,-693.8100820129172,-402.96633900106457,448.880473031053,-0.5533116346863559,1.1857629195111299,0.6572166849603082,-320.63322575789044,-446.80954935975143,299.09844768988125,0.4705828704856368,1.4321408466475856,1.6036789319905838,-473.308908679758,-272.355444696582,264.33373124992835,-0.417904496596983,0.2086010560369454,-0.0785608449224326,-418.2286862201773,-392.43869461724455,442.4888518624878,-0.34495090152760355,-0.07120040721701121,-0.07103755701604954,-529.1958649281135,-377.5165470872002,124.85457812105254
478,0,-0.262431889170957,-0.06073908797692969,0.13900127951710645,-573.3369207379983,-372.6014221805924,457.6777031307064,-0.5587956693435353,-0.08923045001680054,0.41212654262243603,-568.8600899768879,-535.6002159921642,805.2261012424148,-0.4603624045017672,-1.1605747560137136,-1.1390313952448374,-768.4519133257103,-473.79551398535517,263.4946309031424,1.1118878890018942,1.2531982639227368,3.7604272546525266,-712.8284514169443,-295.2523793386796,121.64352896908815,-0.17347027234302703,-0.08071908147311098,-0.04025757228507947,-693.6877343872935,-402.86682957235445,448.7850565064293,-0.5758085347897268,1.188889595831985,0.6559509236054126,-320.6658269155725,-447.95730626527165,298.3643693128218,0.4067607783789794,1.4650555677457548,1.5792042533583486,-475.7684563696278,-275.0992105604176,253.01310727762603,-0.4197701263107494,0.21210425178381284,-0.0782858420093959,-418.2205343182137,-392.5867806795628,442.14140281495304,-0.3453024640879566,-0.0745095240233095,-0.07174791606075344,-528.9406022147994,-377.5444011008182,124.73906087510025
479,0,-0.26239903146404225,-0.06049493079441858,0.13925298634442154,-573.218197476766,-372.6043023589364,457.5909383778211,-0.558042592094346,-0.08907078758261283,0.4104293716304558,-569.0628299559506,-535.7052850684956,805.096177235736,-0.45890976252047,-1.1613132997217894,-1.1381226281431143,-768.4319260501459,-473.8446686197701,263.39066679808576,1.1050341514925965,1.25697931599087,3.7631856927394436,-712.8537166570716,-295.2858473330263,121.58925368082544,-0.17335687219272777,-0.08062678211421591,-0.041490353149737584,-693.5756722717952,-402.771088790409,448.6922221694022,-0.597915046640209,1.1913424601981248,0.6553247524773173,-320.7044491194247,-448.939478903774,297.68754020367993,0.34435369084798423,1.4979113616242967,1.5548290152404065,-478.1002892135573,-277.75035119056855,242.01536030597532,-0.4214580426764338,0.2154191118616788,-0.07798147304113501,-418.22984259152844,-392.73430636563415,441.81052961190346,-0.3456587687839763,-0.07788254278161084,-0.07243682862103769,-528.6933828556611,-377.5735949583302,124.62577432603793
480,0,-0.26244576114013296,-0.060287206716930344,0.1395196395923148,-573.1128171218196,-372.6031619842906,457.5087327199114,-0.5572558515282691,-0.08887655616410961,0.40862115457920367,-569.2600928716539,-535.8232532575157,804.9701145860563,-0.45765799526112444,-1.1619682105668367,-1.1372782716174359,-768.4133158496452,-473.8865918439864,263.29137699818125,1.0984073007811388,1.2607167744039172,3.7657866678931144,-712.880948857972,-295.3151066683193,121.53820333870517,-0.17320957878153934,-0.08052427987844105,-0.0426710895270499,-693.4743207529905,-402.67967427879296,448.603734695002,-0.6193522606724169,1.1930803194156645,0.6553167422500773,-320.74440541745923,-449.7520695001309,297.0767300481065,0.2841639317550768,1.530229780663655,1.5308628190074962,-480.2715865030392,-280.2825085906566,231.47867435403052,-0.42295133127317114,0.218495465780211,-0.07766756697592661,-418.25314711146535,-392.87916530935456,441.502198952973,-0.3460127326307922,-0.08127558066792248,-0.0731010885929949,-528.4568580727172,-377.6032843545144,124.51655085456099
481,0,-0.26255620012920533,-0.060116774185208104,0.1397842478795984,-573.0200520062303,-372.5986572111627,457.43291474333455,-0.5564328011274532,-0.08865127473319537,0.40669663041617576,-569.451320974237,-535.9553237801051,804.8490256324096,-0.45661224946769124,-1.1625364941027276,-1.1365032161626607,-768.3962911360129,-473.92055020036906,263.19793371069386,1.0920797536173044,1.2643742251145393,3.768198896021908,-712.9096934878639,-295.3395790287191,121.49083434814865,-0.17302249183103624,-0.08040838686263475,-0.043791791582547306,-693.3836189087313,-402.59294892750637,448.52137903658286,-0.6398573375412007,1.1940749921888485,0.6558901443373878,-320.7805634383096,-450.3955026659468,296.53929530781426,0.22692923112500116,1.5615530057019726,1.5076015178785465,-482.2539563899995,-282.67047837694076,221.52869023720513,-0.4242364069667041,0.22128766297186123,-0.07736562187825885,-418.28625502678113,-393.019571986653,441.22211739009293,-0.3463563509890641,-0.08464279505398342,-0.07373904517348036,-528.2331821371386,-377.6325801479603,124.41326799599865
482,0,-0.2627113710647242,-0.05998381092992542,0.14002819624734605,-572.9385726966535,-372.5916392694233,457.3653011592719,-0.5555718591859609,-0.08839974208108456,0.40465078843262425,-569.6362219905194,-536.1027126987688,804.7340087444385,-0.4557724539029493,-1.16301959564498,-1.1357993221372877,-768.3809392827579,-473.94607357177,263.1113839615965,1.0861149576776978,1.2679201952350612,3.7703943460071376,-712.9394339349544,-295.35880550120146,121.447577897129,-0.1727885693297012,-0.0802754573938122,-0.04484726919432561,-693.3030200598208,-402.51108200641636,448.4469272064434,-0.659188974499353,1.1943123903247121,0.656994234706726,-320.807476721997,-450.874378274497,296.0810899004383,0.17330766049929838,1.5914554570320132,1.485319639033324,-484.0238056575626,-284.8906843185834,212.2760649218888,-0.4253032569082741,0.2237556868075895,-0.07709813081896177,-418.32438949022685,-393.1541261139767,440.9755945000876,-0.34668081376573523,-0.0879377388450565,-0.07435068549080535,-528.0239489648806,-377.6605593138336,124.31780371191398
483,0,-0.2628899119449302,-0.05988793611669141,0.14023194384874488,-572.8664915712533,-372.58313381949216,457.3076547853462,-0.5546725228996207,-0.08812780195320759,0.4024789762271075,-569.8147472267163,-536.2666636219932,804.6261293391088,-0.4551334455079634,-1.1634234666761412,-1.1351653016918728,-768.3672266354098,-473.9629842308364,263.0326363796406,1.0805671074157432,1.271328416257421,3.772348139461904,-712.9696058532181,-295.37245928497185,121.40884859778711,-0.17249971781568274,-0.08012146506653954,-0.045835207654947516,-693.2315059866138,-402.4340555957487,448.38210249228,-0.6771325199044119,1.193793269905893,0.6585661262450894,-320.8195273939272,-451.197121349673,295.7063979662322,0.12386507065491635,1.6195543958788419,1.464263221529395,-485.5625480391149,-286.92169630639626,203.81443136346573,-0.42614564838896085,0.2258662151976367,-0.07688785859202146,-418.3623556705432,-393.2818663225849,440.7674031199161,-0.3469766585761642,-0.09111475819118602,-0.074937659187177,-527.8301446117302,-377.6862759646422,124.23198829488156
484,0,-0.26306885100843647,-0.05982833175363058,0.14037575444368655,-572.8014214700245,-372.57431570861957,457.26164038549075,-0.553735283855134,-0.08784205943217364,0.40017700638623827,-569.987060967648,-536.448463491937,804.5263931613185,-0.45468522620291607,-1.1637584521032474,-1.134596709943357,-768.3550064578329,-473.97141438099453,262.96245372499436,1.0754812464185284,1.274577770493973,3.7740383885461304,-712.9996130167123,-295.3803549789756,121.37505224493378,-0.17214696681522726,-0.07994209194378347,-0.04675616439384664,-693.1676138306891,-402.36167575991897,448.32854199313056,-0.6935044907811777,1.192533639608435,0.6605329417320454,-320.8110759310476,-451.37555277390953,295.417888902099,0.07906550642867104,1.6455189726996415,1.4446434979716307,-486.856655138123,-288.74476514305513,196.2188363519604,-0.4267612808144211,0.22759358002178978,-0.07675710486064889,-418.3947186812123,-393.4023110067236,440.6016425570674,-0.34723395692955145,-0.09413034851741617,-0.07550324761759286,-527.6521174043585,-377.7087726686086,124.15755509746604
485,0,-0.26322439924926105,-0.059803853669456064,0.1404404134519221,-572.7405463126101,-372.56648010021985,457.2287801994418,-0.5527614511764561,-0.0875495616059649,0.39774126409600874,-570.1535021361099,-536.6494571963655,804.4357127281548,-0.4544133468862047,-1.164038999711994,-1.134086045436624,-768.3440344452164,-473.97181144763624,262.9014508251261,1.070893678818635,1.2776519520484566,3.775446015991027,-713.0288444958748,-295.3824546130206,121.34659158027321,-0.17172072850232015,-0.07973282942810454,-0.0476134969234105,-693.1094740061185,-402.29358760303194,448.2877586320734,-0.7081562454084978,1.1905648268661078,0.6628142121761698,-320.7766132945887,-451.4244064974677,295.21659609854146,0.03926491974308573,1.6690772969480938,1.4266318027621265,-487.8975603492179,-290.3443431118533,189.54471421703485,-0.4271518570572662,0.2289205757592122,-0.07672699137212351,-418.41598373940434,-393.51548486175034,440.4816118375477,-0.34744252668248127,-0.09694439142184952,-0.07605228404426163,-527.4895665605372,-377.7270922547013,124.09609241901728
486,0,-0.2633327193973106,-0.05981312381384464,0.14040788487283093,-572.6807002910874,-372.5610109059244,457.21041137194845,-0.5517528967920932,-0.08725745724633507,0.395168818386191,-570.3145394452106,-536.8710586558485,804.3548687300837,-0.4542994098722985,-1.1642832007039394,-1.133622954745363,-768.3339909880756,-473.9649309173944,262.85009722586216,1.0668325923647106,1.2805388971707323,3.776554601733318,-713.0566929788898,-295.37887071771945,121.3238690476916,-0.1712111380317582,-0.07948909049608041,-0.04841323584577757,-693.0548571554707,-402.22929310472387,448.2611040553147,-0.720976587297611,1.1879332115131482,0.6653243513494,-320.7109104443948,-451.36081873008044,295.1019218313674,0.004708338623668712,1.690021266946541,1.410355996021522,-488.68143114888875,-291.70855752286553,183.82743024495855,-0.42732304919551517,0.2298390679350794,-0.07681681072212963,-418.4207691512125,-393.62193031414847,440.40970056290445,-0.34759216209277133,-0.09952120936215689,-0.07659103372749049,-527.341549174822,-377.740290216915,124.0489988673774
487,0,-0.2633706349634123,-0.059854597566204745,0.14026186523221107,-572.6184521234486,-372.5593473755512,457.207647697405,-0.5507117450425341,-0.08697265106174476,0.3924575390077794,-570.4707215586122,-537.1147561361737,804.2844690073673,-0.45432167640666365,-1.164512177168612,-1.1331945317106895,-768.324508942539,-473.9518170178437,262.808723616729,1.0633187888947453,1.283230055101485,3.777350295886448,-713.0825739849496,-295.36986680046635,121.30728569483868,-0.1706084642151383,-0.07920633271274564,-0.04916391798178586,-693.0012279954515,-402.1681704759919,448.2497340117599,-0.7318931300431448,1.184699640137664,0.6679750604891707,-320.60916026380846,-451.20381228064787,295.0716711680435,-0.024469513536796286,1.7082090684696425,1.3958985695811206,-489.20882855461866,-292.82960567888813,179.08240127299942,-0.4272843381444213,0.23035035503540377,-0.07704347192899448,-418.4039637079573,-393.722703756283,440.3873046049373,-0.34767287194018404,-0.1018303943099023,-0.07712704430532906,-527.2065045109268,-377.7474477280849,124.01744436941274
488,0,-0.2633162500917247,-0.05992660199518406,0.1399881994205996,-572.5501908903825,-372.56294962370674,457.2213480609459,-0.5496400351176874,-0.08670146796521401,0.3896062189135745,-570.6226240526647,-537.382109827936,804.2249083473282,-0.4544557620828188,-1.1647493384132541,-1.1327856984005327,-768.3152052598065,-473.93377196620196,262.7775309510753,1.0603664229202026,1.2857195777972368,3.777821828507859,-713.1059455622774,-295.3558555853873,121.29723561048169,-0.16990357467782546,-0.0788801906426749,-0.04987639293276237,-692.94580379504,-402.1094937116939,448.25457787646553,-0.7408723280213902,1.1809385337977172,0.6706775365425502,-320.4671071905466,-450.97379523795087,295.1221173902456,-0.04824031053907966,1.7235653977606733,1.3832964741149893,-489.48427452035276,-293.7040437709098,175.30577450397178,-0.4270487153735061,0.23046524502582327,-0.07742107389736037,-418.3608615570448,-393.8193571692134,440.4147727141076,-0.3476751161361982,-0.10384738672406621,-0.07766897767378939,-527.0822937572905,-377.74768514928746,124.0023387512503
489,0,-0.26314945935241996,-0.060027343403673945,0.1395751337453569,-572.4722101541389,-372.5732638103961,457.25209366574796,-0.5485393883263229,-0.08644934180014692,0.3866146990268838,-570.7707952165649,-537.6747402040627,804.1763326594727,-0.4546754000122125,-1.165019532817991,-1.1323796523927852,-768.3057144710901,-473.9123148804889,262.7566011456914,1.0579836637473288,1.2880035048274525,3.7779606336075027,-713.1263278517922,-295.3373952782426,121.29409557957824,-0.1690884346396037,-0.0785066150835369,-0.050563612328378506,-692.8856152039308,-402.0524510526292,448.27631390714123,-0.7479181633855858,1.1767366995968698,0.6733443886332939,-320.28116030913293,-450.69208831347055,295.24810042722174,-0.06667523007488033,1.7360795777441858,1.3725425930093424,-489.5157487167038,-294.3329484984613,172.47562146039277,-0.42663224611975037,0.2302038207651475,-0.07796063153358268,-418.28726935360214,-393.91390628701214,440.491388402025,-0.34759003171152436,-0.10555379920364516,-0.07822643499353323,-526.96625282663,-377.74017577884274,124.00430944164421
490,0,-0.2628523354522279,-0.06015488483279562,0.13901339352741365,-572.3807873540934,-372.5916876570903,457.30017563605224,-0.5474107117711283,-0.0862205413583715,0.38348398791447413,-570.9157028932643,-537.9943062813242,804.1386110025128,-0.45495324958906747,-1.1653481249523618,-1.13195836339426,-768.2957217502942,-473.8891317422343,262.7459083010722,1.0561732192467466,1.2900790098032517,3.777761089149937,-713.1433216546079,-295.3151839551474,121.29820998127826,-0.16815661415865035,-0.07808201514881428,-0.051240406487289426,-692.8175671937507,-401.99616120465,448.3153516121954,-0.7530695623618249,1.1721918550392667,0.675891205028483,-320.0484862779481,-450.3804900870961,295.44315840902215,-0.07993549133890776,1.7458018148234762,1.3635886973150397,-489.31413575692045,-294.72193783830625,170.5535840589999,-0.4260535051634118,0.22959488684798862,-0.07866997075415984,-418.179582358711,-394.00878689590445,440.61538946367546,-0.34740963983462314,-0.10693749374931984,-0.07880978647762917,-526.8552554292979,-377.724159439762,124.02368937645903
491,0,-0.26240939173869443,-0.06030709627665274,0.13829608527113207,-572.2722558791369,-372.619536973653,457.3655939548763,-0.5462539653714642,-0.08601794456176998,0.38021636512268864,-571.0576846261315,-538.3424736444243,804.111318452954,-0.45526172774134205,-1.1657600291218968,-1.1315031014284709,-768.2849931345788,-473.8660180452766,262.74532951816803,1.0549326880622898,1.2919437598049976,3.777220858229915,-713.1566249124973,-295.2900519859231,121.30987133563906,-0.16710377520112832,-0.07760339777033956,-0.051923250113736996,-692.7384979885209,-401.9396863937523,448.3718222970771,-0.7563966853461066,1.1674108740980866,0.6782377516454501,-319.7670792351287,-450.060884602996,295.6996909016561,-0.08826082220428884,1.7528378912875153,1.3563496482233028,-488.89264275626823,-294.8810454151495,169.48689508312958,-0.4253329067144774,0.22867511143442565,-0.079553798523377,-418.034828066762,-394.10680117148,440.7840254108035,-0.34712702646390975,-0.1079924326459019,-0.07943001709234476,-526.7457835153461,-377.6989553836771,124.06051563345373
492,0,-0.2618077250277476,-0.060481581989054976,0.13741843620030036,-572.1430677283688,-372.6580138903905,457.4480679952935,-0.5450680114436456,-0.08584286947686255,0.3768154544673444,-571.1969033164034,-538.7208729090545,804.0937319982035,-0.4555738395522369,-1.1662787307198061,-1.1309949787679705,-768.2734005184058,-473.8448159812108,262.7546545818553,1.0542547385873717,1.2935954228211672,3.776341301709886,-713.1660458635403,-295.2629522242347,121.3292973019035,-0.16592810748433706,-0.07706849785714961,-0.05263001768280123,-692.6452340504982,-401.8820416600047,448.4455784781841,-0.7579962930459596,1.1625077664805803,0.6803088191057083,-319.4358057442082,-449.75489166825645,296.00915076938423,-0.09195640276660501,1.757342609658356,1.3507085674186698,-488.2662054784674,-294.82445062380003,169.2106859058831,-0.424491958877269,0.22748789728047053,-0.08061394355082817,-417.8506778828675,-394.211056163293,440.99365096713774,-0.34673649033523435,-0.1087183309293174,-0.0800985980698715,-526.634002243893,-377.6639739223389,124.11453874429475
493,0,-0.26103705215816486,-0.06067559037417613,0.1363773959498109,-571.9898452797959,-372.70817752035754,457.54705816832416,-0.5438505570730333,-0.08569496839159045,0.37328625330379395,-571.3333104009525,-539.1310501454108,804.0848406426181,-0.45586398576791964,-1.1669253261765284,-1.1304154883459043,-768.2609392732201,-473.8273482054831,262.77359401501514,1.0541271429171342,1.2950313434351235,3.775127921531316,-713.171511643346,-295.23494755448945,121.35660531304674,-0.1646306810758605,-0.0764758913763218,-0.053379729535623345,-692.5346394630602,-401.8222001941652,448.5362024264586,-0.757986434383199,1.1576014081276886,0.6820347651803892,-319.0544238590957,-449.48355717037765,296.362259987085,-0.09137885051410242,1.7595123055283741,1.3465226695471182,-487.45089951750265,-294.5700736678988,169.65048947085052,-0.42355248045013233,0.22608203302686902,-0.08184975327041558,-417.6254292374664,-394.3248966661952,441.2398517045897,-0.34623365327537675,-0.10912014365458682,-0.08082739215171109,-526.5158368805236,-377.6187262009827,124.18524203829674
494,0,-0.26008965991958416,-0.06088591262924632,0.13517113523409613,-571.8094213693693,-372.77091780454396,457.66179747861196,-0.5425981908786455,-0.08557218851409962,0.3696351060041745,-571.4666182249512,-539.5744115650613,804.083369858105,-0.456108725676347,-1.1677176112017384,-1.1297470223976274,-768.247736771898,-473.8153503884805,262.80178526206174,1.054532716977864,1.2962483955950546,3.773590787440702,-713.1730712997106,-295.207195307804,121.39178635219457,-0.16321568466882935,-0.07582508323500149,-0.0541922899946838,-692.4036584227024,-401.7590949626107,448.6430236332369,-0.7565007300866147,1.152813052532425,0.6833518198500296,-318.62357643205917,-449.26707891124005,296.74924324214004,-0.08692180721612862,1.7595767299565297,1.343629443307931,-486.4633711448158,-294.1390509644308,170.72484544594,-0.422535822232876,0.22451018601889533,-0.08325862332425522,-417.3579621397984,-394.45183476378844,441.5175960388048,-0.3456155293895667,-0.10920742417805057,-0.0816285977915803,-526.3870494172744,-377.56283160089095,124.27186979201706
495,0,-0.2589602917489483,-0.061108776683481456,0.13379848320674478,-571.5988676014924,-372.8469333001638,457.79133112113317,-0.5413065083001406,-0.0854708000445531,0.36586961435159,-571.5962828250788,-540.0521653904306,804.087819469424,-0.4562874750281579,-1.1686692456039058,-1.1289733563522837,-768.2340506712845,-473.8104048635421,262.83879702193144,1.055449230155419,1.297243012478841,3.771744897850188,-713.1708925459747,-295.1809280765344,121.43467958926132,-0.16169052169208284,-0.07511656214737632,-0.055088218322398685,-692.2493500170838,-401.6916172897967,448.7651445030443,-0.7536825377121098,1.1482636682610308,0.6842022288008942,-318.14475976306863,-449.1245627384149,297.1600720339651,-0.07900166417211561,1.7577905768245259,1.3418528771634453,-485.32030062904596,-293.5551118562983,172.3479166867839,-0.42146213499781426,0.22282730094958206,-0.08483662676874779,-417.0476753454294,-394.5954782503311,441.8214063574136,-0.34488055152969865,-0.10899359086430763,-0.08251473415796515,-526.2433132134421,-377.4960223951172,124.37346243930028
496,0,-0.25764599541469674,-0.061339743137583704,0.13225834830145344,-571.3555115157958,-372.9367136413305,457.93456175110066,-0.5399703134458137,-0.08538548957439729,0.3619984836302133,-571.7214977873392,-540.5652641932184,804.0965130882987,-0.45638312010333953,-1.1697890214952436,-1.1280800843627028,-768.2202564715643,-473.81387772160787,262.8841320029471,1.0568493486512907,1.298011385143506,3.769610427603913,-713.165252027076,-295.15743058726395,121.48494967758621,-0.16006574221436765,-0.07435181567128983,-0.05608837253927209,-692.0689150062341,-401.61861341081504,448.901473123031,-0.7496792788496827,1.144071165441998,0.6845343084748343,-317.6202694923357,-449.0738038866928,297.58471138025425,-0.06804392391489202,1.7544249003263306,1.341009451248399,-484.03790896014965,-292.8438820221445,174.43203159164665,-0.4203497219056577,0.22108896633565275,-0.08657920191872438,-416.6944079555534,-394.7594599051152,442.14554116147724,-0.3440285555343424,-0.10849513951812607,-0.08349866468593138,-526.0802845094772,-377.41814547808883,124.48889670833911
497,0,-0.25614595401804024,-0.06157360992406528,0.13054916657518653,-571.0769438659971,-373.0405273144505,458.0902977724549,-0.5385838808389418,-0.08530951413611756,0.3580313094852612,-571.8411992364927,-541.1143510556776,804.1076563661366,-0.4563825307337084,-1.171080260353203,-1.1270549942986536,-768.2068245831564,-473.82686166069766,262.9372285990014,1.0587006695640584,1.2985498125186645,3.767212821047058,-713.1565193493001,-295.1380125293626,121.54206847059189,-0.1583547970641054,-0.0735333003006627,-0.05721366572203075,-691.8597148970132,-401.53888023457705,449.0507615964467,-0.7446371872634028,1.1403475892554944,0.6843024748831324,-317.05312618937205,-449.1310892072336,298.01336121691685,-0.0544706437093367,1.7497586381134465,1.3409136568586284,-482.6315169803097,-292.03214201666947,176.8900754475813,-0.41921450553424355,0.21934980571678994,-0.0884818514532621,-416.2983524114612,-394.9473692254092,442.4841797901352,-0.34306072487043104,-0.10773083793632249,-0.08459365226332517,-525.8936702015475,-377.32916123866,124.61692835317238
498,0,-0.25446131873359995,-0.061804332413671934,0.12866841750655234,-570.7610177703529,-373.15841523978986,458.257301931131,-0.5371412571601497,-0.08523490888095459,0.35397831561673276,-571.9540813970101,-541.6997126781816,804.1194007170193,-0.45627695703216087,-1.1725403632166669,-1.1258883715752512,-768.1942878603387,-473.8501267724697,262.99746217206064,1.0609658906573562,1.2988551753571222,3.7645826973431222,-713.1451355836059,-295.1239775549347,121.6053027820496,-0.15657361169621936,-0.07266436398534297,-0.05848477449111527,-691.619284145158,-401.4511616728439,449.2116481960024,-0.7386966976288337,1.1371963686570452,0.6834672928977671,-316.4469833898799,-449.3110172062388,298.4366850272146,-0.03868933892219957,1.7440704302488939,1.3413828558099103,-481.1151639767732,-291.14707077113934,179.6376649463431,-0.4180696295059532,0.21766194415156137,-0.090540802931386,-415.85996459646327,-395.16268778449734,442.83160154592406,-0.341979500312042,-0.10672093768421566,-0.085813434243489,-525.6792917162495,-377.22913992023626,124.75623515457966
499,0,-0.2525950566849003,-0.062024965819180045,0.12661224076269148,-570.4058418261419,-373.29019044548943,458.4343376477611,-0.5356365814208314,-0.08515273938483961,0.34985005538070324,-572.058621598215,-542.3212420846663,804.1299088596935,-0.4560622967314116,-1.1741605369624044,-1.1245732228729808,-768.1832012700656,-473.88408123734837,263.06414675839153,1.063603145665774,1.2989254964335846,3.761755546008869,-713.1315873389071,-295.11658903681143,121.67370959724963,-0.1547399910537311,-0.07174912185269104,-0.05992183944062558,-691.3453367678044,-401.35414691308637,449.38270149506104,-0.7319886407768393,1.1347097127920158,0.681995575193799,-315.80602098300824,-449.6263343903278,298.8460189951237,-0.021083643196896255,1.737630904900496,1.3422413501951516,-479.5012908174773,-290.21550359776126,182.59505290339519,-0.41692520316425496,0.21607359421582814,-0.09275358342959782,-415.3798762258222,-395.4087289609868,443.18235179214435,-0.34078846103082067,-0.10548643657850443,-0.08717230079135387,-525.4331451436132,-377.1182560649053,124.90545806005643
500,0,-0.2505518220727245,-0.06222763698600506,0.12437517963069492,-570.0097694178633,-373.43544388679106,458.62021084646244,-0.5340644019073606,-0.08505338800706992,0.345657091874108,-572.1531131409865,-542.9784129456999,804.1374185745497,-0.4557392224734506,-1.1759257176673117,-1.123105412630306,-768.1740959946613,-473.9287436128929,263.1365380897197,1.066566518585902,1.298760538801231,3.758771204150008,-713.116377746134,-295.1170335638649,121.74613985342441,-0.1528728827967071,-0.07079229024624539,-0.0615441568682863,-691.0357689481355,-401.24647196192944,449.5624646497366,-0.7246313488499377,1.1329662462287873,0.6798605419452189,-315.13482699717923,-450.0877881431792,299.2335559496673,-0.0020059305423339503,1.730695588880003,1.343323595022522,-477.80049063254415,-289.263232405001,185.68872404261555,-0.4157881877509888,0.21462780029571046,-0.09511946856311472,-414.8588139956145,-395.68858245844854,443.53138875300243,-0.3394921848663045,-0.10404842280071633,-0.08868515591581275,-525.1514579412036,-376.99678182635864,125.06323867332243
501,0,-0.2483378538117821,-0.062403552846083184,0.12195006839873568,-569.5713863893675,-373.5935562310145,458.81380549045156,-0.5324199695450001,-0.08492686253262084,0.34140967189337407,-572.2357041420269,-543.6702668172329,804.1403014253834,-0.4553131612683145,-1.1778147090524056,-1.1214837071728747,-768.1674307444601,-473.98372805150154,263.2138388349871,1.0698067362403667,1.2983623833541935,3.755673123037359,-713.0999957504566,-295.12638352899245,121.8212515555678,-0.15099154365119072,-0.06979898912509304,-0.06336986066780573,-690.6886593362391,-401.1267256629617,449.7494981079625,-0.716728709910734,1.132028967592417,0.6770420348676778,-314.4382710203222,-450.7039980388497,299.59249951732875,0.018227992852291063,1.723498593076806,1.3444765485325338,-476.0213278240542,-288.31437267774595,188.85265683462032,-0.41466241659466957,0.213361375675147,-0.09763977739895895,-414.29752913233676,-396.0050638175816,443.8742061676805,-0.33809609650355466,-0.10242752689513632,-0.09036753710504501,-524.8307425010066,-376.8650800389419,125.22825174031107
502,0,-0.24596089881862013,-0.06254305274428468,0.11932807247641447,-569.089499017441,-373.7637152179924,459.01411157057817,-0.53069948987652,-0.08476311447917681,0.3371174096914543,-572.3044403364676,-544.3954138390095,804.1371137546907,-0.4547941217914428,-1.179800549566508,-1.1197097235379725,-768.1635433232784,-474.0482433820678,263.295206924118,1.0732720300794392,1.2977359166799909,3.7525074499844746,-713.0828849978961,-295.14556048163774,121.89753259736914,-0.14911466896279535,-0.0687745274190448,-0.06541559363269903,-690.3022687030298,-400.9934611776395,449.9424191946159,-0.7083691523888123,1.1319436047438354,0.6735267633201631,-313.7213726387743,-451.4813489398639,299.9171851844874,0.03934211638528042,1.7162472147734058,1.3455612133603985,-474.1702239697397,-287.39081761306284,192.02924021462744,-0.41354873942315756,0.21230406250911188,-0.10031799767744155,-413.69674006370525,-396.3606689985144,444.20692849101306,-0.3366063126582183,-0.10064350022112176,-0.09223556700983707,-524.4678466844764,-376.72359795808444,125.39923175974066
503,0,-0.24343015678360944,-0.06263571133779447,0.11649888175379336,-568.563123860904,-373.9449380240091,459.22024485207214,-0.5289003195162395,-0.08455235393465378,0.3327889966384733,-572.3573098380128,-545.1520467084813,804.1266379190172,-0.45419636929683194,-1.1818511155159153,-1.1177877825149938,-768.1626055238268,-474.1211065367078,263.3797677099582,1.076909156223484,1.296889151552479,3.7493219698045914,-713.0654133964227,-295.1753011396755,121.97333323898432,-0.14725955370148897,-0.06772418866367572,-0.06769616950714032,-689.8750404217838,-400.8452135780011,450.13993725861246,-0.6996254890575698,1.1327374244384008,0.6693085471219757,-312.9891682821223,-452.42391027368586,300.2031663072849,0.06110145313313704,1.7091175830662706,1.3464534700038024,-472.2514073145613,-286.511794979486,195.1698470201382,-0.4124452791320308,0.21147793830866202,-0.1031597383561854,-413.05708996879264,-396.7575340837414,444.5263768908544,-0.3350294929504591,-0.09871492812465482,-0.09430580977476004,-524.0600011209981,-376.5728625576111,125.57499332588031
504,0,-0.24075623973764992,-0.0626704975968387,0.11345104974562448,-567.9914806178307,-374.13609790473214,459.43145821606424,-0.5270210975467278,-0.0842853476603384,0.32843195242049433,-572.3922879991184,-545.9379670977602,804.1079124185493,-0.4535379528085683,-1.1839299595449535,-1.115724668194254,-768.1645842425172,-474.2007703015732,263.46663054838666,1.0806645642889967,1.2958332983341125,3.746164964211715,-713.0478442028151,-295.2161280641423,122.04690776714031,-0.14544135039857775,-0.06665303401294884,-0.07022423076542247,-689.4056029801452,-400.68052373058333,450.3408833654961,-0.6905555099003343,1.1344185370024238,0.664388511810302,-312.24657969745624,-453.53338641371244,300.4472644089647,0.08331142954113496,1.7022514438326322,1.3470443362696047,-470.26692133186395,-285.69353711749284,198.23507772630327,-0.41134778582329445,0.2108970829464398,-0.10617251754931921,-412.3791200390727,-397.19740024451414,444.83010578804203,-0.33337270370763045,-0.09665907484356531,-0.09659500676674525,-523.6048627050914,-376.4134781630092,125.7544452481095
505,0,-0.23795113806342677,-0.062635993348684,0.11017246357254978,-567.3739886583417,-374.33595426602966,459.64714490129955,-0.5250618075971859,-0.08395368756208862,0.32405243208165824,-572.4073807430652,-546.7506231510114,804.0802502628891,-0.4528400951288141,-1.185997373623098,-1.1135292994965174,-768.1692113257856,-474.28536483633724,263.5549101128118,1.0844857067165494,1.2945825100120991,3.743084053084498,-713.0303092764639,-295.2683269807947,122.11646442951016,-0.14367247666159613,-0.06556573662011625,-0.07300991130515298,-688.8927754018114,-400.4979681108313,450.5442338592071,-0.681203184282948,1.136975718088519,0.6587751883688292,-311.498287000717,-454.8091030382102,300.64758432245424,0.10581566377168167,1.6957541372629743,1.3472398003234418,-468.2166873187377,-284.94906927537346,201.19469819358332,-0.4102500676690379,0.21056750803496374,-0.10936540303279788,-411.6632584359473,-397.6815842925398,445.11641105348707,-0.3316432992933226,-0.09449184687479281,-0.09911967312979804,-523.100553408716,-376.2461269521507,125.93659885154248
506,0,-0.23502818396648512,-0.06252067166493722,0.1066509231363333,-566.7102674592451,-374.5431852096992,459.8668343421484,-0.523023771927837,-0.08355001764167484,0.3196551010954995,-572.4006650115149,-547.587156311631,804.0432455839505,-0.45212646320652883,-1.1880116537025303,-1.1112123229575621,-768.1759641389776,-474.37275186888576,263.6437523969364,1.0883224782400767,1.2931532396639582,3.7401250773067134,-713.0127849684916,-295.331932576278,122.18022229767533,-0.14196220670550844,-0.06446645661454714,-0.0760605169075026,-688.3355761059295,-400.2961936720883,450.74912746090496,-0.671600316103852,1.140378750206072,0.6524844716100767,-310.7486089155222,-456.2480336788343,300.8034958358891,0.12849240929177969,1.689693770966774,1.346960373454798,-466.09861591900926,-284.2881163623932,204.0273034599407,-0.4091444727522787,0.2104873376427949,-0.11274852966034701,-410.9098241685621,-398.2109552918987,445.38431216040686,-0.3298488218455552,-0.09222785348430287,-0.10189554800500321,-522.5456933265182,-376.0715724181135,126.12057112516173
507,0,-0.2320020040304282,-0.062313231300783034,0.10287480253113769,-566.0001407841669,-374.756421529823,460.0901816080437,-0.5209095841520718,-0.08306820930373912,0.31524308783831834,-572.3703252463563,-548.4444554920673,803.9967691254666,-0.4514223443044442,-1.1899305299613863,-1.108785640646322,-768.1840582352337,-474.46058996617506,263.73236490991707,1.0921287684709555,1.2915631773555163,3.737331071399622,-712.9950709888141,-295.4067243037842,122.23647329507436,-0.14031646250283386,-0.06335876087243611,-0.07938023871256782,-687.7332353748405,-400.07395647488084,450.95487588097905,-0.6617684915768862,1.14457926607014,0.6455393995098454,-310.0013924260578,-457.84486943282,300.9155844473173,0.1512499738806353,1.684101543338705,1.346140496811418,-463.9087625216344,-283.7171233785459,206.71974596548614,-0.40802239225918796,0.21064721767141406,-0.11633252339109917,-410.11904444684814,-398.78591770952363,445.63351154060564,-0.3279969161576611,-0.08988053782244718,-0.1049369056872371,-521.9394268411245,-375.8906653034749,126.305583552692
508,0,-0.22888845452158785,-0.06200297868529815,0.09883376326231494,-565.243644149503,-374.9742811068081,460.3169516801449,-0.5187229913603773,-0.08250347743829284,0.31081801914528745,-572.3146850829766,-549.3192165003676,803.9409537636171,-0.45075376140572143,-1.1917127128719243,-1.1062618923999417,-768.1924528399139,-474.54640885301376,263.8200500658707,1.0958640993840152,1.2898297718169074,3.7347413591256835,-712.9767725176149,-295.49223331138336,122.2836472705904,-0.13873780322551393,-0.062245587270990624,-0.08296991562595167,-687.0852112618403,-399.83016248584704,451.1609681714177,-0.6517211675854003,1.1495120537327927,0.6379697297962414,-309.2599136579496,-459.59213309728017,300.98557459962524,0.17402144217040535,1.6789731303318378,1.344727918366669,-461.6415214691128,-283.2393804556951,209.2663709305246,-0.4068747544855962,0.2110309222795292,-0.12012786506650344,-409.29108352005295,-399.4064013954588,445.86433507594876,-0.32609525278732254,-0.08746234996660082,-0.10825575038941716,-521.2814409476072,-375.7043509002826,126.49095756057125
509,0,-0.22570453652994185,-0.06158024405180348,0.094519487185981,-564.4410349044717,-375.1954026695481,460.5469999608176,-0.5164687386398827,-0.08185243297999391,0.3063801398958384,-572.2322336760066,-550.2080046401181,803.8761716075122,-0.4501465682837747,-1.1933194920008678,-1.1036539170994883,-768.1998691879925,-474.6276904452175,263.9062402595673,1.0994953045501006,1.2879683870670269,3.732390789583479,-712.9572857954674,-295.5877610720141,122.32037774203384,-0.1372255975450536,-0.06112924937949583,-0.0868268603249037,-686.3912084736154,-399.5639087854801,451.3670692381027,-0.6414657668354626,1.1550967611754461,0.629811309765064,-308.5267914030482,-461.4803369564169,301.01622933069626,0.19675903112023624,1.6742710157730747,1.3426831344379744,-459.28985392233756,-282.85523982097277,211.66810393349252,-0.4056924815197681,0.21161612009859046,-0.12414422836377331,-408.4260806216124,-400.0718583771995,446.0776580481022,-0.32415145015360786,-0.0849849342414876,-0.11186093279465328,-520.5719751071824,-375.51367608463437,126.67610757179887
510,0,-0.2224682922267661,-0.06103681360944968,0.08992639675103008,-563.592804137852,-375.41847796949355,460.7802505041862,-0.5141523893635581,-0.08111307159963532,0.30192851222867,-572.1216463214007,-551.1073184675449,803.8030044723583,-0.44962556942025467,-1.1947163119795938,-1.1009742227032813,-768.2048210882352,-474.70195410900754,263.9905326475254,1.102998189415681,1.2859901901744106,3.730309116863605,-712.9357874275934,-295.6924096837702,122.34556578704652,-0.13577635250336229,-0.06001147469393971,-0.09094476052198017,-685.6511995216542,-399.2745233868361,451.5730130725027,-0.6310056700986991,1.1612399185258058,0.6211052594590247,-307.80391435524865,-463.4981813280965,301.01123064421733,0.2194283916822594,1.6699276210468623,1.3399789648268507,-456.84554414857536,-282.5624091992212,213.93143614608317,-0.4044668856838236,0.21237526045197974,-0.12838982559810433,-407.5241944145906,-400.7812661419727,446.2748209757923,-0.32217298595278104,-0.08245930716619354,-0.11575724176375293,-519.811822495624,-375.3197940957113,126.86053267535428
511,0,-0.2191986870989292,-0.060366355665636154,0.08505233060622597,-562.6996895977959,-375.6422815202935,461.0166734695003,-0.5117801338779926,-0.08028470271148395,0.2974612849250791,-571.9817992851226,-552.0136528078436,803.7222096138495,-0.449213711428326,-1.1958742392425767,-1.098234498149052,-768.205656481003,-474.7668436368951,264.07272127750736,1.10635909444884,1.2838999056575422,3.7285205143774274,-712.9112276586828,-295.805123194384,122.35843951010641,-0.13438416525863447,-0.058893467713448694,-0.09531366275366497,-684.8654472561551,-398.96160196745507,451.7787913556796,-0.6203420210387292,1.1678371830498906,0.6118970136183512,-307.09238281775254,-465.6327889468779,300.9750451150922,0.24200313810367152,1.6658490740384861,1.3366003023086885,-454.29947892266,-282.35630423143994,216.06735141418557,-0.4031899897545431,0.21327653995527063,-0.1328707928352247,-406.58565124784553,-401.53313683549345,446.45753963004984,-0.320167090059756,-0.07989600846400191,-0.11994453765921262,-519.0023231357275,-375.1239649189631,127.04380790743535
512,0,-0.21591548415778447,-0.05956481585422179,0.07989914373866157,-561.762688852351,-375.8656971860098,461.25626320708915,-0.5093585979176686,-0.07936782781609564,0.29297601928835876,-571.8117789831302,-552.9235593069831,803.6346825801047,-0.44893139012117395,-1.1967712263148809,-1.0954452009053826,-768.2006082504407,-474.8202134947321,264.1528240161539,1.1095762706254988,1.2816935952214201,3.7270432064840318,-712.882327896385,-295.92473877993046,122.35860655224474,-0.13304125994040386,-0.057775988496793586,-0.09992004069171663,-684.0345277710735,-398.6250400392129,451.9845381429448,-0.6094752823579711,1.1747757084109691,0.6022352882054672,-306.39246535199663,-467.86996840657133,300.91277933498765,0.26445984333534717,1.6619194490506033,1.3325440466155307,-451.64194453733046,-282.23044135910385,218.09023680624915,-0.40185476246575713,0.21428491227026916,-0.13759064270329652,-405.6107945668135,-402.32553163046066,446.6278131992242,-0.3181406152613072,-0.07730521409732229,-0.12441700154435004,-518.1453500675098,-374.9275492186941,127.22557609686652
513,0,-0.21263911369344365,-0.05863075555159876,0.07447320320678345,-560.7830719971038,-376.08774103771754,461.49901817193864,-0.5068946601183144,-0.07836398174852996,0.28847005432598516,-571.6108858493759,-553.8337030178046,803.5414189057691,-0.44879591086626086,-1.1973930820805478,-1.0926152510361342,-768.1878521688012,-474.860212010749,264.231101810077,1.112660975010724,1.2793566229271862,3.725889195583468,-712.8475827658591,-296.05004624058023,122.3460972356609,-0.13173857083833815,-0.0566594378241358,-0.10474694453037395,-683.1593525976775,-398.26505939243515,452.1905113657124,-0.5984065021965567,1.1819365463526472,0.5921710462390832,-305.70357056097623,-470.19449819640596,300.830029812873,0.2867736899531902,1.6580053080970885,1.327819202222117,-448.86293559611335,-282.17685227496895,220.01681473115596,-0.4004552677814887,0.2153631077086116,-0.14254980941314696,-404.6001329707588,-403.1560794084103,446.7878341350574,-0.31609988841211084,-0.07469680569577088,-0.12916257408934897,-517.2432902528219,-374.73199410231865,127.40554116981946
514,0,-0.20939053678788883,-0.05756560831778631,0.06878575357976902,-559.762393306056,-376.3075800399955,461.7449235380312,-0.5043952851536109,-0.0772755537326316,0.2839408909610576,-571.378633357964,-554.7409137671629,803.4434761689623,-0.4488211301779631,-1.1977340704335557,-1.0897518558455364,-768.1655695848812,-474.8853593378407,264.3080682272431,1.1156382051347615,1.2768619482152654,3.725064062325732,-712.8052669606905,-296.179854055271,122.32139615468655,-0.13046633490789725,-0.05554394158954341,-0.10977422321324591,-682.241189086988,-397.8822280137611,452.3970718949445,-0.5871382673551849,1.1891970047116007,0.581756532084493,-305.0242339635577,-472.59042141110564,300.732731872426,0.30891491361434775,1.6539603785216528,1.3224470908461385,-445.95246952111916,-282.1865014666214,221.865130422549,-0.39898673189297496,0.21647263409481507,-0.1477453053207678,-403.55438467440933,-404.021998871366,446.9399026772904,-0.3140505523274973,-0.07208039478970857,-0.13416264819682502,-516.2990221429762,-374.538809590471,127.58346374618948
515,0,-0.20619109461030763,-0.05637383166321998,0.06285313065930632,-558.702501305401,-376.52454627838966,461.9939370084586,-0.5018673757363195,-0.07610560628857409,0.2793865728876292,-571.1147427452215,-555.6422313173241,803.3419376860763,-0.4490172947888918,-1.1977970856415445,-1.0868604790897203,-768.1320123047133,-474.89461822338427,264.38448790971563,1.1185470115270943,1.274168861254775,3.7245668192422343,-712.7534471308077,-296.3130600916494,122.28546034205733,-0.12921466081367988,-0.05442942931481867,-0.11497880767293778,-681.2816779179624,-397.4774730576923,452.6046609031054,-0.5756753368352422,1.1964329070635402,0.571044426539006,-304.352119763104,-475.0413402686936,300.62701189329783,0.3308461200495194,1.6496302113690169,1.3164616061266454,-442.90090073548157,-282.2496895613004,223.653623612009,-0.39744553505461205,0.21757473537073518,-0.15317050131759155,-402.4745164964966,-404.9201232756407,447.08634843362273,-0.3119974167474965,-0.06946530412325036,-0.1393920607765009,-515.3158916653996,-374.3495354900015,127.7591597575538
516,0,-0.2030623307066842,-0.055062935475189076,0.05669680779865495,-557.6055468240187,-376.7381465944722,462.2459779519065,-0.4993176440796925,-0.0748577085886691,0.2748060416715953,-570.8191340415887,-556.5349436327359,803.2378788693409,-0.44939108166917224,-1.1975933862032806,-1.083944956964447,-768.085567040986,-474.88745585522315,264.46136339008484,1.1214403526644021,1.2712222450582122,3.724389802873793,-712.6899990322578,-296.44872492810777,122.23972255612964,-0.12797404811191226,-0.053315704378351744,-0.12033504089006271,-680.2828467524495,-397.05208681767203,452.8137762499773,-0.5640249674110629,1.203520721520472,0.560087154409132,-303.68403726369115,-477.5306994482655,300.5190468776297,0.3525204971338454,1.6448566786586647,1.3099094212954587,-439.69922873383376,-282.3564270352513,225.40030779232367,-0.3958291365231187,0.2186312895655101,-0.1588150343272487,-401.3617759188553,-405.84692716130866,447.22946069650266,-0.3099443427058998,-0.06686051331468483,-0.14481940342998786,-514.2976878859863,-374.16569934931323,127.93250260317298
517,0,-0.2000257714171509,-0.053643374050948926,0.050343265534516554,-556.4739886533598,-376.94806764234926,462.5009197154408,-0.4967525022201877,-0.0735357972851838,0.2701994464342426,-570.4919140920514,-557.4166178871687,803.1323370489388,-0.44994582919954795,-1.1971419050551677,-1.0810077515210132,-768.0248168223924,-474.8638953056437,264.5399105420923,1.1243844810458152,1.2679524206582997,3.7245185955571367,-712.6126301567382,-296.58614558640147,122.18607874416026,-0.12673583813526845,-0.05220250624044967,-0.12581503927687263,-679.2471191786885,-396.6077259655264,453.0249486147923,-0.5521969620193522,1.2103395445666645,0.5489363579459842,-303.01597172419,-480.0420480275433,300.41493477894903,0.37388088587626056,1.6394821851314638,1.3028500518965633,-436.3393946024727,-282.496765234527,227.12207484368273,-0.3941359414621689,0.21960563258011226,-0.16466483513295432,-400.21771519741066,-406.79855471189586,447.37142844563715,-0.3078941856707414,-0.06427458230612212,-0.1504076415473828,-513.2486189399683,-373.98876720404417,128.10342897582015
518,0,-0.19710265059220358,-0.05212829599234111,0.043823681621303824,-555.3105965523133,-377.1541764995968,462.75858481735514,-0.49417797089180787,-0.07214407316768626,0.26556839348961686,-570.1333623085114,-558.2851241609475,803.0262853776351,-0.4506819363630359,-1.196468189232425,-1.0780503219757867,-767.948596849433,-474.82455536292645,264.62152366480996,1.1274578705500082,1.2642756063549974,3.724931975247492,-712.5189080390064,-296.7249273121242,122.12685932674754,-0.12549258652832002,-0.05108956694625755,-0.13138906974643513,-678.1773182278299,-396.1464045841006,453.23871810248966,-0.540203487658489,1.2167729371951297,0.5376425358371597,-302.34312953008515,-482.5592711995409,300.32057836869154,0.3948596265057409,1.63335349063811,1.2953556753677684,-432.8145609471023,-282.66107439948735,228.83413710120553,-0.39236512004867236,0.22046329843178739,-0.17070226058955867,-399.0442069357898,-407.7708496659771,447.5142902778123,-0.30584881742801046,-0.06171557168164231,-0.15611500043541876,-512.1732881118511,-373.82008976282106,128.2719479430793
519,0,-0.1943135685888481,-0.05053315529171781,0.03717344471357761,-554.1184514541783,-377.35651704954967,463.01874271797595,-0.49159960789100765,-0.07068693713204224,0.26091612753185395,-569.7439149371795,-559.1386520491432,802.9206112894177,-0.4515973940797032,-1.1956030527386525,-1.07507358573282,-767.8560424568441,-474.7706778245605,264.7077318035802,1.1307497126011594,1.260094999709189,3.725601900213195,-712.4062943794745,-296.86505090462714,122.06478460822072,-0.12423835436504545,-0.04997666480320546,-0.13702592811214423,-677.0766638974006,-395.6704816872365,453.4556120475371,-0.528058717975793,1.222710613927937,0.5262548382882545,-301.65999766527125,-485.06678463969126,300.241584738916,0.41537906263999624,1.6263250626350378,1.2875106183613119,-429.1193706118311,-282.8402613191646,230.54961331781263,-0.3905163912571826,0.2211726701643604,-0.17690630817245492,-397.84345094184755,-408.7593869436257,447.65989390063737,-0.30380923639475566,-0.05919098128785367,-0.16189605119548103,-511.0766692550763,-373.66084739445165,128.43815226528088
520,0,-0.191678081396647,-0.04887519759510881,0.030431501357365817,-552.900942826772,-377.5553024185411,463.28110994580504,-0.4890224583921836,-0.06916896433958229,0.2562476422755854,-569.3241486218884,-559.975720610938,802.8160998706209,-0.4526884019971071,-1.1945810468634177,-1.0720784338440024,-767.7466271003929,-474.70414163111036,264.80014837529046,1.1343580217372489,1.255302471576187,3.7264935447973198,-712.2721850039676,-297.006933012206,122.00290533341821,-0.12296891876321682,-0.04886367715388297,-0.14269330719855422,-675.9487642587712,-395.1826439967324,453.67612470154467,-0.5157783568241332,1.2280499817920218,0.5148210030618127,-300.9604175264268,-487.54968619854554,300.1831819231898,0.4353525658746569,1.6182619039298625,1.2794104422672985,-425.2501799381719,-283.02592219571994,232.27925964890892,-0.3885897861608749,0.22170553871808746,-0.1832528890358517,-396.61797256859035,-409.75950628364757,447.809864396209,-0.30177576421407193,-0.056707725709104005,-0.16770291333638668,-509.9640801701962,-373.511997626296,128.6022304242348
521,0,-0.1892142230466583,-0.047172847038549605,0.023639553419463298,-551.6617631386819,-377.7509038360612,463.5453524296335,-0.48645103084157587,-0.06759491141575423,0.2515697238321934,-568.8747639866872,-560.7951822212349,802.7134224204702,-0.45395001717327904,-1.1934388578788477,-1.0690662605989405,-767.6201886373108,-474.6274635433412,264.90041648195256,1.1383874002257581,1.249780844726292,3.727565411371402,-712.1139555195934,-297.1514768013551,121.94453014578644,-0.12168190477772323,-0.047750632131584224,-0.14835814683785137,-674.7975998543042,-394.68588474237475,453.90069940964867,-0.5033790970027031,1.232697519181889,0.5033874138425467,-300.2376730815629,-489.99386148840244,300.15015356356554,0.4546859312747412,1.6090418286095136,1.2711605885490227,-421.2052624982907,-283.2104291317899,234.0313419848181,-0.38658540748270354,0.2220375697196326,-0.18971513786778796,-395.37061307523777,-410.7663481990955,447.96558023758155,-0.29974831578175587,-0.05427215745519848,-0.17348648745578474,-508.84115221526986,-373.37422878362804,128.76447755652148
522,0,-0.1869379728730231,-0.04544502940294452,0.01684113213659448,-550.4048992572461,-377.9438364126092,463.8110898847848,-0.4838893024331693,-0.06596974838021036,0.2468909335902872,-568.396569840726,-561.5962209234724,802.6131304216289,-0.4553767799703104,-1.1922137334282508,-1.0660394646920592,-767.4769426209208,-474.5437853932466,265.010152461174,1.1429465170744784,1.2434067144553531,3.728769550236078,-711.9290123271978,-297.30011051996183,121.89314238917683,-0.12037683952215167,-0.04663775710580282,-0.15398696215877397,-673.6275012022122,-394.1834791976803,454.1297137616929,-0.49087806692734093,1.236569977769516,0.4919992598095574,-299.48459320388883,-492.3860418987747,300.14679202634846,0.4732789905026089,1.5985571879576013,1.2628745878728236,-416.98497921315175,-283.38695126805044,235.81164177664374,-0.38450320348524514,0.22214868028660256,-0.1962637419962783,-394.1045128027485,-411.77489249523217,448.1281559985735,-0.2977267213360295,-0.05189013870236348,-0.17919763825458693,-507.71379435861036,-373.24792293440686,128.92530347993
523,0,-0.1848626883665571,-0.043710474179886716,0.010080585172161873,-549.1346203716108,-378.1347424861911,464.0779020219054,-0.48134075754639083,-0.0642987048877728,0.24222153847272446,-567.8904684378439,-562.3783458429872,802.515655092695,-0.456963267352478,-1.190942021451532,-1.0630018803177792,-767.3174818783015,-474.4568482518138,265.13089023433986,1.1481453599811693,1.2360537528528481,3.7300519222404924,-711.7148484198553,-297.45481172620293,121.85230927411922,-0.1190551286459783,-0.045525519925581834,-0.15954615060069857,-672.4431193279039,-393.678957585433,454.3634680630632,-0.47829231692481783,1.239595387428708,0.4807007737488122,-298.69366772182894,-494.71381552134096,300.17686987459433,0.4910272971419823,1.586716074868444,1.2546718872985954,-412.59191068617577,-283.5494139385693,237.62358386151982,-0.3823427752950524,0.22202332941112102,-0.20286727640097338,-392.8230881222279,-412.77999951522963,448.2984307741674,-0.29571107314419687,-0.049567152847476,-0.1847882630938386,-506.5881500839176,-373.13313057143597,129.08523623992016
524,0,-0.18299853338676714,-0.04198703969928089,0.00340202269233101,-547.8554617800017,-378.32437332534806,464.3453362490671,-0.4788084609300392,-0.0625873192633477,0.23757339569578728,-567.357442036815,-563.1413801541433,802.4213126279212,-0.4587045329362803,-1.189657885177037,-1.0599591005457796,-767.1427622750813,-474.37095414509037,265.26402887515354,1.1540923205484364,1.2275964192094904,3.7313529380913453,-711.4691031281617,-297.6181153216023,121.82558687458227,-0.1177199555075866,-0.04441465837427842,-0.1650022812958114,-671.2493893406407,-393.17607589433794,454.6021773210792,-0.4656383927554516,1.2417138458629942,0.46953552656718417,-297.8571763295829,-496.96559325863745,300.24362919726997,0.5078237633026309,1.5734430540320177,1.2466753993680515,-408.0309477980625,-283.69240124181886,239.46847154997653,-0.380103237655718,0.22165072625527338,-0.2094925346333627,-391.53000319103654,-413.7764542047609,448.4769614738492,-0.2937020659197609,-0.047308439724409235,-0.19021220175784878,-505.4705459636332,-373.0295585950058,129.24492000796542
525,0,-0.181351939005837,-0.040291101777656144,-0.0031517247199117403,-546.5722036975621,-378.513570044647,464.6129164874807,-0.4762951651753541,-0.06084147867947103,0.23295979783268717,-566.798540840769,-563.8854460491664,802.3303151224621,-0.4605964041015472,-1.1883922378902592,-1.0569186621702207,-766.954075270372,-474.2909162204046,265.4107855462065,1.160891175260738,1.2179139748939503,3.7326082041471698,-711.189624666043,-297.79310395404536,121.81642472937297,-0.11637610495003231,-0.04330619347969194,-0.17032237239147324,-670.0514871887744,-392.6787850433974,454.84596679586303,-0.45293203361405443,1.2428780804033386,0.4585467595745662,-296.96732900322553,-499.130533935768,300.34978804258003,0.5235601690391687,1.5586794708077865,1.239008911869159,-403.30933750790916,-283.81100911902627,241.3458113761172,-0.3777831539905896,0.22102496077931524,-0.2161048486232178,-390.2291375607834,-414.7590130009998,448.66402034318315,-0.2917012997462281,-0.0451191338092189,-0.1954259658474178,-504.3674312619411,-372.9365722635618,129.40510665568846
526,0,-0.1799251387771998,-0.03863703906585945,-0.00954008104857114,-545.28984419066,-378.703244561764,464.8801527381105,-0.47380344967749255,-0.059067439708507724,0.22839528314092622,-566.2148722643948,-564.6109461429371,802.2427870255805,-0.4626356174629344,-1.1871719229359579,-1.0538900704145824,-766.7530085733645,-474.22199850704,265.57215557572715,1.1686380297228633,1.206894673499588,3.733749497290425,-710.8745339972501,-297.98337982353513,121.82807396217244,-0.11502971638874784,-0.04220142331887325,-0.17547416234699315,-668.8547798700052,-392.1911987174511,455.0948710248604,-0.44018801553507536,1.2430537768112895,0.44777774141757465,-296.0164159860582,-501.1984335130505,300.49756313097225,0.5381285192475673,1.5423833841294374,1.2317945050747299,-398.43668248841914,-283.90065737884333,243.25370761369086,-0.37538056676065373,0.22014506051637375,-0.22266839382273804,-388.924550635627,-415.72245343274676,448.85959630984405,-0.28971151706188814,-0.04300438334619262,-0.20038928742519566,-503.28530855313755,-372.85321094328,129.5666408488453
527,0,-0.17871582035400996,-0.03703683933392423,-0.01572558021452239,-544.0135654578469,-378.8943612924591,465.1465511002639,-0.4713358862578396,-0.05727182043457761,0.22389541605320554,-565.6075913924634,-565.3185417524066,802.1587867652995,-0.4648197844280969,-1.1860191480643627,-1.050884652641429,-766.541396842469,-474.1698465936901,265.7488810202678,1.1774183031009802,1.194439970394812,3.7347059811338994,-710.5222882064253,-298.1930174659872,121.86350274472922,-0.11368797449844274,-0.04110189546111071,-0.1804263803363272,-667.6647695532228,-391.7175600844785,455.3488361002903,-0.42742014279416507,1.2422196762996316,0.4372721414382742,-294.9969648043275,-503.15958457090716,300.68870808200074,0.5514222735711304,1.5245291536803105,1.225150103433097,-393.4248953346122,-283.9568701239976,245.1893051405552,-0.37289314120729267,0.2190149759522455,-0.2291464802042684,-387.6204438803695,-416.6616261544297,449.06340004006046,-0.28773675083193406,-0.04096943013639404,-0.20506550309772717,-502.230655996559,-372.7782167686564,129.7304390125081
528,0,-0.17771693018028725,-0.035499841455921874,-0.021674557785941254,-542.7486929714078,-379.0879200396869,465.4116240288088,-0.46889522500414815,-0.055461558260539105,0.21947654327321706,-564.9778924565716,-566.0091285007101,802.0783329615549,-0.46714718866838956,-1.1849511690797276,-1.0479152416772333,-766.3212648325895,-474.1404106266637,265.94142861336366,1.1873038423780704,1.1804685751160058,3.73540566193758,-710.1317412528606,-298.4264977529483,121.925322573168,-0.11235874946658958,-0.0400093579530441,-0.185149018932447,-666.4870322851295,-391.2622075037176,455.6077248621927,-0.4146413741630543,1.2403674459920733,0.4270744131087457,-293.9019012291421,-505.0046131885315,300.9245664758302,0.5633375126597577,1.5051066967157118,1.2191872524076535,-388.28811008355177,-283.97503475551633,247.14925854610814,-0.3703184323043668,0.2176434948924917,-0.23550183322106033,-386.32112153784215,-417.57150893097,449.2748729082762,-0.28578236865755896,-0.03901963469207684,-0.2094218003047626,-501.2098425579148,-372.7100747524955,129.8974629797909
529,0,-0.1769166578356968,-0.03403261826731137,-0.02735764853358069,-541.5006474414981,-379.28494022307194,465.6749007021031,-0.4664845926297826,-0.05364383131374794,0.21515553180807118,-564.3270011659134,-566.6838097107016,802.0014344112737,-0.4696164274083683,-1.1839802060176976,-1.044995700654379,-766.0947656682995,-474.13986202879585,266.1499775294638,1.198350267656895,1.16492016010083,3.735777065043163,-709.7021997549108,-298.6886241203864,122.01572823739278,-0.11105020193575622,-0.038925690593608446,-0.18961360967306534,-665.3271521991649,-390.8295392541417,455.871324571806,-0.4018640600871704,1.2375013297140234,0.4172301795428397,-292.7247106731069,-506.72430119525,301.206139088997,0.5737741241526653,1.4841204219199982,1.214009172531386,-383.0425553190519,-283.95015019153215,249.130205441568,-0.36765427106198245,0.21604408359811114,-0.24169687060155212,-385.030950466939,-418.44726186912993,449.4932003708913,-0.28385500627631394,-0.03716043918874111,-0.2134293571991527,-500.22903805704107,-372.6470624545602,130.06868952114434
530,0,-0.17629861347432307,-0.03263899615578289,-0.03275007543030168,-540.2748900918576,-379.48644630642264,465.9359374192149,-0.4641076947452067,-0.05182594561871389,0.21094949628682316,-563.6561677706712,-567.3438680657607,801.92812280748,-0.4722259182680481,-1.1831135658940155,-1.0421403116525783,-765.864117032311,-474.1745052947444,266.37441687830176,1.2105946552007747,1.1477585439134113,3.7357510922407355,-709.2334713589522,-298.98442286251253,122.1364536059786,-0.10977036999497432,-0.037852820068656326,-0.19379349931832654,-664.190652401409,-390.4239772669649,456.13935655362786,-0.3891002607990024,1.233637586185634,0.4077866091299983,-291.45959623258176,-508.3094025041786,301.53416454655417,0.5826370931957122,1.4615878512774803,1.2097091101723236,-377.7063941158887,-283.87657518424624,251.12922267084775,-0.36489925008674745,0.2142346496778631,-0.24769398044802005,-383.7543195932189,-419.2842829935205,449.71733042513694,-0.2819623925662698,-0.0353972699935494,-0.21706340675789537,-499.294120385154,-372.58730701917136,130.24507723265685
531,0,-0.1758421979698569,-0.031320198887093705,-0.037831731136924944,-539.0768622580134,-379.693454112307,466.1943279052732,-0.46176901289989686,-0.05001519437595062,0.20687552381464006,-562.966660795909,-567.9907360193207,801.8584869571665,-0.4749733022293171,-1.1823539394423126,-1.0393630592714436,-765.6315380408262,-474.25068617469844,266.61435230518197,1.2240536607235428,1.1289741887988465,3.735262999365168,-708.7259033580757,-299.3190301090115,122.28874447271092,-0.108526756747931,-0.0367926242294861,-0.19766412185666857,-663.0829239604317,-390.04992984504185,456.41148723700655,-0.37636211274950887,1.2288037215228265,0.3987927647292987,-290.10162947553977,-509.75046278557267,301.90921240955385,0.5898379655429702,1.4375379580783152,1.2063689804076834,-372.29953648346225,-283.7477877069616,253.1442455214478,-0.36205327337454274,0.21223721913181448,-0.25345580456702094,-382.4955993906944,-420.07826311540623,449.9459978868948,-0.28011307545877556,-0.03373539038969951,-0.22030325067878362,-498.41058253067155,-372.52884720761784,130.42753241928008
532,0,-0.1755231523329525,-0.03007509647357363,-0.04258706590986168,-537.9119207880944,-379.9069576989069,466.4497132641534,-0.45947398714148624,-0.04821869897049426,0.20295040509152584,-562.2597614393385,-568.6259654208606,801.792707092669,-0.47785478039063667,-1.1816998350121475,-1.0366768470533885,-765.3991894185352,-474.374697531122,266.86912057876043,1.2387221702112792,1.1085858921163954,3.734254414166394,-708.1804095979354,-299.69756876422804,122.47334872912624,-0.10732593709747927,-0.035746832308111404,-0.20120325873013079,-662.0091546566067,-389.7117534024547,456.68733998552307,-0.36366221040337077,1.223037523560083,0.3902999057295686,-288.6468901457555,-511.03765205540594,302.33178737255463,0.5952965175698208,1.4120092781368867,1.2040582815929113,-366.8434297651243,-283.5561663682094,255.1744321593803,-0.3591181245883091,0.21007751799860042,-0.25894552959671374,-381.25910178501,-420.82523883173513,450.1777551435572,-0.2783160630234847,-0.03217972005425952,-0.22313224087237357,-497.583442206154,-372.46969797044136,130.61687563910093
533,0,-0.17531426135049352,-0.028900535348704192,-0.04700480591838191,-536.7852711262332,-380.1279165711604,466.7017911206176,-0.45722917517915357,-0.04644324310044993,0.19919038031650502,-561.5367586585747,-569.2511967891895,801.7310877346735,-0.4808644270218545,-1.1811461106056014,-1.03409268920147,-765.1691192644026,-474.55268413993747,267.1378106867049,1.254572539574873,1.0866416076846392,3.7326752993143884,-707.5984843464385,-300.1250191718846,122.69052306073365,-0.10617320156162012,-0.03471692900717753,-0.2043912775141291,-660.9742593311898,-389.41371335530124,456.96650707616726,-0.35101397178870397,1.216385907653017,0.3823617190989202,-287.0925912157792,-512.1606198057436,302.80244279066426,0.5989426202686292,1.3850478868991138,1.202833252912905,-361.3608316589059,-283.29280469664764,257.2204584212192,-0.3560980027417006,0.2077844483361526,-0.264127187794127,-380.0490408856002,-421.5216424025641,450.41100985500225,-0.2765803964476751,-0.030734639600741357,-0.22553773841196903,-496.8171569366954,-372.407915120195,130.81381050073546
534,0,-0.1751861768903645,-0.02779172399776739,-0.05107753334199407,-535.7019002671105,-380.3572431281807,466.9503233165551,-0.4550423799077197,-0.04469511156437624,0.19561090746441412,-560.7989449714215,-569.868128600635,801.674087479267,-0.48399352375457216,-1.1806845647476991,-1.0316189226664074,-764.9432162350371,-474.7905477044502,267.4192897840475,1.271554450984248,1.0632183995296436,3.7304857563442475,-706.9822026269184,-300.60608757857506,122.94005430559176,-0.1050722532946738,-0.0337040709288653,-0.20721133766882535,-659.9828137957102,-389.1599444237781,457.24856118855394,-0.33843195905013435,1.2089035875463863,0.3750344534810612,-285.43718616670503,-513.108382053143,303.3219012134309,0.6007182312168762,1.3567053689373871,1.202736244498706,-355.87556935800944,-282.947368826975,259.28473171822435,-0.35299997383314285,0.20538944944373463,-0.2689659686820085,-378.86949502913575,-422.1643471910661,450.6440697990047,-0.27491467289245053,-0.029403796626446925,-0.22751105395963778,-496.1155474854379,-372.3416577685583,131.01889616909358
535,0,-0.17510832005721613,-0.026742648691849117,-0.0548011641130039,-534.6665119453139,-380.59579035173573,467.19514144215844,-0.4529227378217635,-0.04297994418420561,0.1922264590751113,-560.0476129588319,-570.478486874375,801.6223440687153,-0.4872299595253324,-1.1803045487797776,-1.0292604858377736,-764.7231714272855,-475.0938533609669,267.71223235268144,1.2895953800096198,1.0384215925151359,3.7276575659549063,-706.3342073425954,-301.145076651919,123.22129273628643,-0.10402497204942644,-0.03270902347351228,-0.20964955124550338,-659.0389942991732,-388.9544107403347,457.53306579823766,-0.32593212982281194,1.2006515904795254,0.3683769297036689,-283.68045597391557,-513.8692491007753,303.8911790171629,0.6005794018823412,1.327036926433532,1.2037952734573953,-350.4122871964875,-282.5080083976592,261.3715168419211,-0.3498342903017968,0.2029257389280843,-0.2734285410822051,-377.72437075518553,-422.75070733975724,450.875194689448,-0.2733265376431426,-0.02818992591714606,-0.22904737061704802,-495.4817324469072,-372.2692463679262,131.2325248717656
536,0,-0.17504981933793246,-0.025746496971732372,-0.05817436030792272,-533.6834664257423,-380.8443397917974,467.4361495338626,-0.45088076164852314,-0.04130261363598243,0.18905035202484474,-559.2840524086778,-571.0839952454029,801.576693179192,-0.4905577384808962,-1.179993567539122,-1.0270183095309293,-764.510449680929,-475.46773899119677,268.0151510957528,1.3086016413805293,1.012383225318554,3.7241753705162868,-705.6576841573859,-301.74576242082935,123.53319399941935,-0.10303125555903762,-0.031732125124710735,-0.21169508678233667,-658.1465244906767,-388.80086626995666,457.81958394559393,-0.3135320019169084,1.1916956425686547,0.36245040217309604,-281.82357398748974,-514.4308018757592,304.5117116543772,0.5984981593084909,1.2960997679192099,1.2060237468362833,-344.99618455198555,-281.96132914423123,263.4869705019687,-0.34661453625361544,0.2004274345894343,-0.2774833819886928,-376.6173695225437,-423.27859042913906,451.10265435300414,-0.27182216735568493,-0.02709469238147461,-0.23014564864528636,-494.9180766956125,-372.18921442634866,131.45490551893124
537,0,-0.1749804438749611,-0.024796071332935887,-0.06119791191049118,-532.7567270857269,-381.10358991117147,467.673323448779,-0.4489283315238216,-0.03966713404625459,0.18609461309900835,-558.5095479880008,-571.6863456407062,801.5381795186229,-0.4939566340325434,-1.179737841877723,-1.0248888630062898,-764.3062704915864,-475.91682873788085,268.32642834289675,1.328459965103117,0.985259922699579,3.72003742598957,-704.9563254525734,-302.4112820654369,123.874366334475,-0.10208894483907373,-0.03077328416686935,-0.21334020621893585,-657.3086316508516,-388.70281611315994,458.10768497249717,-0.30125072291089344,1.1821044580350613,0.35731824880245616,-279.86914765335877,-514.7799233837351,305.185475536457,0.5944641154691706,1.2639518851166773,1.209420342143806,-339.6527456910718,-281.29243368018706,265.639085214336,-0.3433575649712284,0.19792856647616855,-0.28110110505454655,-375.55195817465653,-423.7464020324512,451.32479216994284,-0.2704057698536897,-0.026118561907227725,-0.23080850991419555,-494.4261560809026,-372.10035222857766,131.6860543339011
538,0,-0.17487149576495045,-0.023884181073227553,-0.06387411776164904,-531.8898156565674,-381.37414483347726,467.9067066814145,-0.44707863047096946,-0.03807660531316349,0.18336988167579302,-557.7253772957044,-572.287169635062,801.5080590657125,-0.49740202206109535,-1.179522813970173,-1.0228638919349344,-764.1115982526478,-476.44515227163834,268.64434702264026,1.3490395459433708,0.9572302897968025,3.715255880595238,-704.2342848082649,-303.1440369608654,124.24311995166906,-0.10119383551256021,-0.029832010611224917,-0.21458022754731454,-656.5280136948016,-388.66347927263286,458.3969489730564,-0.2891090478717818,1.171947973425605,0.3530454722403237,-277.8212367638681,-514.9028900624413,305.91510218653644,0.5884856700265357,1.230651275170782,1.2139690456213919,-334.40746348304475,-280.48503440954255,267.83754662347593,-0.34008320632654315,0.1954619974142326,-0.28425477838560864,-374.53134432712955,-424.1531013338995,451.54009221436286,-0.26907913070394257,-0.025260703203426188,-0.23104209773203765,-494.0067402525582,-372.0017411913624,131.92579310641742
539,0,-0.17469663134434213,-0.023004005538086573,-0.06620618943605477,-531.0857775672409,-381.6565035180233,468.13640266256857,-0.4453460219073847,-0.03653319631930752,0.180885349434217,-556.9328091295534,-572.8880105661517,801.4877915855211,-0.5008649200767298,-1.1793335837900858,-1.0209303765022986,-763.9271411499885,-477.0560715825323,268.9671205538914,1.3701945028271552,0.9284919037485986,3.7098565733010065,-703.4961234995245,-303.945615205105,124.6375159915893,-0.10033977287761922,-0.02890748359033892,-0.21541340985235763,-655.8068180755137,-388.6857534383598,458.6869688756544,-0.2771292417764056,1.1612955750921692,0.3496980019768751,-275.6853486004754,-514.7855255512171,306.703980089499,0.580590695722931,1.196255615503968,1.2196393565652373,-329.2855591744288,-279.5216395774091,270.0935114355417,-0.3368137352542405,0.19305827846883236,-0.28692021917728805,-373.558457930046,-424.49820729541,451.7472481111548,-0.26784124120138697,-0.024518923027526507,-0.2308559056606201,-493.6597947502002,-371.8927778187807,132.1737553028235
540,0,-0.17443258787888496,-0.022149426337486008,-0.06819769598169231,-530.3471583435346,-381.95104937631805,468.3625638289879,-0.4437458692217251,-0.035038168575800305,0.1786487356687087,-556.1331017955753,-573.4902965308404,801.479022915576,-0.5043122518029743,-1.1791552720669773,-1.0190707263922327,-763.7533577147667,-477.75221732356454,269.2929213406587,1.3917666763122236,0.8992579521717743,3.70387838208721,-702.7467505648834,-304.8167374635455,125.05541322895851,-0.09951882447858466,-0.027998651864574366,-0.21584076179862086,-655.1466332529689,-388.77218232065604,458.97735024473525,-0.2653349353901392,1.1502143737568606,0.34734179528300724,-273.46841089567755,-514.4134166160592,307.5563396479307,0.5708266254232401,1.1608223617329594,1.2263866718454433,-324.3117006371831,-278.3838102822714,272.41931573805,-0.33357310767322274,0.19074447251867568,-0.28907625100025475,-372.63594021172037,-424.78179521166714,451.94523129430274,-0.2666880433118228,-0.023889637569573064,-0.230262568270948,-493.3845025178945,-371.7731866154732,132.429399797243
541,0,-0.17405979846634834,-0.02131532874257659,-0.06985206278061909,-529.6759914808698,-382.2580403608281,468.58537795972813,-0.4422942998550546,-0.033591940411879496,0.17666629559162758,-555.3275012891604,-574.0953144565394,801.4835569179656,-0.5077073478251244,-1.1789733114481953,-1.017263215677782,-763.5904697914534,-478.53543694437036,269.61990790867657,1.4135886803698963,0.8697535546963626,3.697372183592655,-701.9913581411496,-305.7572292906185,125.49451151337215,-0.09872152069198147,-0.02710436263068741,-0.21586577879889143,-654.5484928655432,-388.92492606327517,459.267709048813,-0.25375096925275686,1.1387675817885237,0.34604174481863614,-271.1787239664636,-513.7721877964009,308.4773168186666,0.5592598939844242,1.1244092187455852,1.2341528680199279,-319.50972175037646,-277.05248299109354,274.82812548879735,-0.3303859855381139,0.18854298448945817,-0.2907049082345775,-371.7661410152061,-425.00448386058804,452.13335612701405,-0.2656123217317332,-0.02336788300536765,-0.22927760814490952,-493.1793039262676,-371.6430217602485,132.69203146228017
542,0,-0.17356288392966482,-0.020497872884665695,-0.07117213443359521,-529.0737976388776,-382.57759960773586,468.8050524448044,-0.4410079186799406,-0.032194190534125956,0.17494285806877755,-554.5172391854883,-574.7041855327406,801.5033174259587,-0.5110106821818902,-1.1787736733358154,-1.0154826455976236,-763.4384805103949,-479.4067569802141,269.9462510101622,1.4354871119040993,0.8402118051298408,3.6903995063274415,-701.2353539279778,-306.7660221463843,125.95239173668806,-0.09793715145241154,-0.02622351187199921,-0.21549411754638728,-654.0128921818783,-389.1457352878972,459.5576677770045,-0.24240325605424412,1.1270130448827114,0.3458604118363569,-268.8258936466952,-512.8478280127447,309.4729913357986,0.5459747257766838,1.0870749278166552,1.2428670988820971,-314.9023459041693,-275.5083489018746,277.3335423816166,-0.3272765864663662,0.186470440930998,-0.2917915722336385,-370.95112519408286,-425.16741382027686,452.3113392435412,-0.26460376153757215,-0.022947367100219974,-0.2279191365007782,-493.0419533745416,-371.5026578185276,132.96082733874383
543,0,-0.17293101564555569,-0.019694733965107444,-0.07215980938228322,-528.5415944238675,-382.9097068047839,469.021797288343,-0.43990347781606925,-0.030843998414489274,0.17348188861101663,-553.70353009737,-575.3178423876674,801.5403009655065,-0.5141808318278646,-1.1785430425630752,-1.0137012080336876,-763.2971958022968,-480.3663618944695,270.27015914028675,1.457285813126716,0.8108695846120073,3.6830309676715935,-700.4842927711545,-307.84118418606795,126.42655275747028,-0.09715410578021488,-0.025355208317778353,-0.2147332191787021,-653.5398158613359,-389.43592931204626,459.8468503942758,-0.23131867833481945,1.1150019705014442,0.3468566156287282,-266.4207467877185,-511.62705918898376,310.55039592430626,0.5310712980662293,1.0488803131773732,1.2524468235379218,-310.5109170000359,-273.73227860096733,279.94917921566145,-0.3242674054825873,0.18453666432197008,-0.2923250260950665,-370.1926882599402,-425.272217868442,452.47935050361883,-0.2636491747116836,-0.022620560988605178,-0.22620750904529174,-492.9695897661166,-371.35277024743834,133.23486665018098
544,0,-0.17215814742964294,-0.018905308564851887,-0.07281575268232879,-528.0799154759001,-383.25419057673025,469.235807748227,-0.43899751215690164,-0.029540017301370756,0.17228557301127442,-552.8875685967289,-575.9370084937597,801.5965214858352,-0.5171756307950157,-1.1782689553193468,-1.0118895083864596,-763.1662480947721,-481.41359178219045,270.5899038315314,1.478809081959602,0.7819632180253929,3.675344582887838,-699.7438093709391,-308.97998066665485,126.91444611166585,-0.09636024022905239,-0.024498942808189463,-0.21359189427431335,-653.1287755440991,-389.7963790088702,460.1348767005381,-0.2205250221941985,1.1027778833460142,0.34908392160796536,-263.9752311446739,-510.0977341616445,311.71749358780545,0.5146633478240319,1.0098895342095509,1.2627990737769768,-306.3551416803406,-271.70577806483476,282.6882193958322,-0.3213778681395561,0.1827437882788492,-0.29229741914652235,-369.4923809025678,-425.32098467266263,452.63805311286876,-0.2627328834415005,-0.022378826907436384,-0.22416494352387192,-492.9588176832733,-371.1943068908955,133.51316259492594
545,0,-0.17124311795819355,-0.018130882308883784,-0.07313919250803125,-527.688837109063,-383.6107223215144,469.44724756901843,-0.43830595141391,-0.02828067365301125,0.1713549165495694,-552.070525554247,-576.5621803718005,801.6739487687197,-0.5199534741254747,-1.1779399172481826,-1.0100176945156747,-763.0451210930444,-482.54696094933934,270.9038448829821,1.4998847345678323,0.753724075908742,3.6674240254461496,-699.0195540059534,-310.17896256400877,127.41350947821773,-0.0955432627030995,-0.023654755424151828,-0.21207988444531795,-652.778855357973,-390.2274946472528,460.42135669536293,-0.2100509348645434,1.090375826173872,0.35258908167764824,-261.5023014645549,-508.2492489633337,312.9831209035741,0.4968753200681826,0.9701714891542562,1.273821959912112,-302.4528467790568,-269.41146032155245,285.5629753440182,-0.3186229865550566,0.18108555826756983,-0.2917041373618896,-368.85154137489525,-425.31621716781484,452.7886307405839,-0.26183723485089194,-0.022212575176423995,-0.22181511006620122,-493.0057959195691,-371.0284520433534,133.7946937283443
546,0,-0.1701896281293235,-0.017374753009064936,-0.07312780502578489,-527.3680104063369,-383.97881207026956,469.6562337648398,-0.4378437201774903,-0.02706438474781469,0.1706898530778919,-551.2535439261218,-577.1936132216606,801.774442580132,-0.5224747097189768,-1.1775455182735113,-1.0080566294996058,-762.9331749164021,-483.76419880492057,271.21045542627917,1.5203469406510883,0.7263742559199511,3.6593569044114056,-698.3171329033652,-311.4340807841885,127.9211998051693,-0.0946911191963049,-0.02282339385696306,-0.21020741663889703,-652.4887630947536,-390.729218907809,460.7058855446742,-0.19992588791484625,1.0778218138692275,0.35741049076035675,-259.0157935773929,-506.07295311850646,314.3568962281418,0.4778391767094214,0.9298013091788603,1.2854064025709362,-298.8197561239917,-266.8335161318997,288.58446043502875,-0.3160121014979379,0.17954685829155753,-0.29054358098607497,-368.2713341016292,-425.26078706334073,452.9327998318839,-0.26094321239853835,-0.02211144284666161,-0.2191827083536457,-493.10633010433116,-370.85658494258126,134.0784329475541
547,0,-0.16900610041311595,-0.01664230295745955,-0.07277769072688149,-527.1166964759288,-384.357807060888,469.86282383989436,-0.43762433746727464,-0.02588978459407546,0.17028935764758693,-550.4377340914084,-577.8313106167665,801.8996849563957,-0.5247030420924518,-1.17707655854428,-1.0059790410749243,-762.8296712384481,-485.0623136467157,271.5083464936629,1.5400387738835764,0.7001224977638251,3.651233109056951,-697.6420544667791,-312.740822263752,128.43502683097765,-0.0937923726401949,-0.0220064576861132,-0.20798476745314803,-652.2568845976799,-391.3010251542368,460.9880396982648,-0.1901801290876826,1.0651325401210423,0.36357673145958697,-256.5302882902353,-503.56254098322245,315.8490927401703,0.45769099672824165,0.8888618670444929,1.297438064650357,-295.46929088688074,-263.9581669314514,291.7619885643278,-0.31354780091237716,0.17810349767084122,-0.28881685533923934,-367.752792301262,-425.1578868367448,453.07280574270027,-0.2600311046203298,-0.022064486898738942,-0.21629304581108447,-493.25596640557416,-370.68023469913436,134.36337261302438
548,0,-0.16770542934749516,-0.015941014082985972,-0.07208344303556218,-526.9338025554167,-384.7468937881934,470.0670061884086,-0.43765952683631787,-0.0247559473799499,0.1701515558936165,-549.624168893237,-578.4750188356917,802.0511132534925,-0.5266068644873733,-1.1765251963988343,-1.0037605802434038,-762.7337983468564,-486.4376789191576,271.79629058115876,1.5588144433710411,0.675160480617567,3.643143255802385,-696.9996819962715,-314.09436337639636,128.95258753264645,-0.0928365648366757,-0.021206524032053718,-0.20542185581248176,-652.081338829132,-391.94192096282416,461.2673746203628,-0.18084461348092473,1.0523153295334138,0.37110528348466104,-254.0609669086022,-500.7144074703192,317.4704772669642,0.43656750402534594,0.8474452046932915,1.3097994417501995,-292.41239774528816,-260.774083997171,295.1028145397713,-0.31122510408006454,0.17672228411459062,-0.28652738516982884,-367.29686197164176,-425.0109803969237,453.21140181716396,-0.25908119211056185,-0.022060385883661538,-0.21317162885353755,-493.45008366263204,-370.50103367805775,134.64854503321894
549,0,-0.1663046335327978,-0.01528042008016088,-0.07103830725062989,-526.8179168011065,-385.14510430492356,470.26869421026845,-0.43795884762779475,-0.023662597580250064,0.17027382335626093,-548.8138785497875,-579.124226261446,802.2298567054607,-0.5281604374795149,-1.1758851249948792,-1.0013807255867797,-762.6446961170187,-487.8861405514328,272.07324361009114,1.576541193936247,0.6516596216096365,3.635177259046388,-696.3951928480908,-315.4897354380703,129.47160181434944,-0.09181455407620624,-0.020427250289936433,-0.2025278830157412,-651.9600311612002,-392.6504568703092,461.54342447416064,-0.17195091691510603,1.0393683236199285,0.38000147430262643,-251.6234602554086,-497.5279527413534,319.2321168193411,0.41460266040201205,0.8056537633882488,1.3223720500915919,-289.65740920249124,-257.27275932378245,298.61182708973996,-0.30903098904309423,0.17536140037573283,-0.28368046715486944,-366.9044443250886,-424.8237533877054,453.3518110712014,-0.25807441748245286,-0.02208764486676176,-0.20984377620508046,-493.68398171851334,-370.3206712465996,134.93303819835086
550,0,-0.16482441974151235,-0.014671990408580698,-0.06963442504311303,-526.767339899328,-385.55132747470265,470.46772445362353,-0.4385293576352173,-0.022610296235552017,0.17065286837552662,-548.0078455943202,-579.778168088935,802.4366792125298,-0.5293448430681527,-1.1751517794329651,-0.9988234779132342,-762.5614807777878,-489.4031431211693,272.3383646652773,1.593100882164173,0.6297684500315545,3.627423034990921,-695.8335432734995,-316.92199669942994,129.98994948786438,-0.09071882242279779,-0.019673449580329433,-0.19931103894946903,-651.8907026479183,-393.4247402869222,461.81570395068246,-0.1635311466619196,1.026280886175312,0.39025774142762654,-249.23369309495718,-494.00582253137446,321.1451556759128,0.3919244581134088,0.7636012843714192,1.335038630228581,-287.20994040681546,-253.44881591470582,302.29130434281916,-0.30694432021794865,0.17397109191084384,-0.28028277936008894,-366.57643369092875,-424.6000638695115,453.49767071906194,-0.25699300919653917,-0.02213479933181018,-0.2063342607528221,-493.9529641490349,-370.1408496288817,135.21600715390392
551,0,-0.16328866942810474,-0.014128942376724617,-0.06786315719621105,-526.780112064128,-385.96432570779575,470.6638588857608,-0.43937531717784206,-0.021600593657307557,0.17128479308439623,-547.2070000102176,-580.4358363964747,802.6719309001785,-0.5301486603087676,-1.1743225708578886,-0.9960778016414864,-762.4832691005703,-490.98387177853743,272.5910328926642,1.6083912513315919,0.6096105899344649,3.619965336047247,-695.3194375480581,-318.3864049796084,130.50570825726078,-0.08954374787417567,-0.018951134588692797,-0.19577829164969698,-651.8709733854812,-394.2624545358531,462.08371226014305,-0.1556178710437179,1.0130342106395989,0.401853264155638,-246.90772586789214,-490.15407350606193,323.22056670683054,0.368652038710728,0.7214132425837104,1.347685267407144,-285.07282655378555,-249.30024791512335,306.1407391653063,-0.3049362067626765,0.1724946619937751,-0.2763418709151889,-366.31374803343425,-424.3438938732722,453.6529603397008,-0.2558210376257938,-0.022190614514570696,-0.2026669847583715,-494.2524139980063,-369.9632433898604,135.49668172223335
552,0,-0.16172385732585043,-0.013665979383879458,-0.06571547532588724,-526.8540345353514,-386.38275745054955,470.8567912072073,-0.44049794429879874,-0.020636139939533994,0.17216512830533592,-546.412214759029,-581.0959954866634,802.9355106616151,-0.5305683283307766,-1.1733971385451056,-0.9931377845337858,-762.4092013578355,-492.62340603604423,272.8308609498224,1.6223269406276484,0.591283351771248,3.6128847040267695,-694.8572995398497,-319.8785850100888,131.0171920049638,-0.08828583768211609,-0.018267525877168216,-0.19193527427647641,-651.8983785295593,-395.1608830145556,462.346939122908,-0.14824408490682617,0.9996021089731096,0.4147540034618354,-244.6615955899957,-485.9822561866646,325.46888142117643,0.3448932519472215,0.6792266843447569,1.3602033200104187,-283.2461043044208,-244.82858398424398,310.15673885661187,-0.30297079377900865,0.17086975892073486,-0.2718656597502842,-366.1173495531247,-424.0593020860563,453.82191498493563,-0.25454488968542505,-0.02224427760859608,-0.19886469242215946,-494.5778615130013,-369.7894638221899,135.77437141647138
553,0,-0.16015841111569362,-0.01329895566888043,-0.0631824121620309,-526.9866853461734,-386.805205370015,471.0461569492543,-0.441895230160817,-0.019720746331162258,0.17328883986803303,-545.6243019406467,-581.7572022725092,803.2268414377693,-0.5306081824475719,-1.172377606049001,-0.9900025052429732,-762.338462153241,-494.3168806961266,273.0577044145009,1.6348402704354146,0.5748569117088623,3.606256524188676,-694.4512446254101,-321.39468464442507,131.52298821961065,-0.08694391991435804,-0.017631021576804323,-0.18778627909912982,-651.9703960968546,-396.1169385066263,462.60487242726276,-0.14144321330324033,0.9859519597329794,0.42891316428413007,-242.51115767480294,-481.5034113105576,327.8999039823317,0.32074275016401843,0.6371893646748661,1.3724910500067309,-281.7270395220594,-240.0389703083277,314.33300065152486,-0.30100646014149723,0.16902992809009176,-0.2668619700249165,-365.9882533333316,-423.75037773796043,454.0089249589962,-0.2531536556768974,-0.02228558131477374,-0.19494872330347687,-494.92504321917886,-369.6210292461819,136.04846835584064
554,0,-0.15862202049164173,-0.01304447046935245,-0.06025555962815035,-527.1754298403407,-387.2302097950009,471.2315469161306,-0.44356182253370136,-0.018859392758140962,0.17465030606162474,-544.8440098524449,-582.4178313492066,803.5448594303201,-0.5302801677709656,-1.1712688235897395,-0.9866756169896411,-762.270298070294,-496.05964844333715,273.2716665682978,1.6458818447196977,0.5603740425554807,3.6001501595445946,-694.1050498770082,-322.93151437272,132.02199295966747,-0.0855192907890245,-0.01705112647245873,-0.18333436245662887,-652.0844663013169,-397.12719767899404,462.8570070842368,-0.1352491368583515,0.9720457946644696,0.44427206648851064,-240.47193032733583,-476.7339788838775,330.5224151711377,0.296280689852417,0.5954581230747353,1.3844548667985568,-280.5102019607545,-234.94017259945153,318.6603615906042,-0.29899736981417724,0.16690639055595846,-0.2613381422539907,-365.92752263094934,-423.4211956430079,454.21842436457166,-0.25163942738377154,-0.022305098017746005,-0.19093880898935756,-495.289951955966,-369.4593419651415,136.31844881089606
555,0,-0.1571449035327492,-0.012919397284106519,-0.05692760409493968,-527.417427107347,-387.6563065674422,471.4125233477602,-0.4454889835060337,-0.0180581794025315,0.17624326846138508,-544.07202121618,-583.0761042370019,803.8880178207858,-0.5296032517872887,-1.1700785761656103,-0.9831646735498599,-762.2040310363603,-497.84743807446205,273.4730979907236,1.6554210043927273,0.5478503522436649,3.594628145507163,-693.8221207240965,-324.48666505616865,132.513441361659,-0.08401581550356568,-0.01653833965856216,-0.1785815582008,-652.2380028179243,-398.18794075697195,463.10285451961676,-0.12969620589341113,0.9578415093244749,0.4607613819425024,-238.55894303472508,-471.6936225087147,333.34387297195906,0.2715720839232415,0.554196495980588,1.39601012871445,-279.58758539208617,-229.544499267834,323.12691885172336,-0.29689529882416277,0.16442999931721297,-0.2553007468162386,-365.9362501404703,-423.07577230769317,454.45477086248377,-0.24999750908171028,-0.022294344263092923,-0.18685291279694058,-495.668877736275,-369.3056723413151,136.5838737361814
556,0,-0.15575703833735333,-0.012940356948820947,-0.053192888113202906,-527.7096340794112,-388.0820680648311,471.5886380093463,-0.4476646253750226,-0.017324223022181968,0.17806076085825662,-543.3089528135199,-583.7301221098452,804.2543049230773,-0.528602572234313,-1.1688177355080343,-0.9794802393053421,-762.1390663535135,-499.6765020535087,273.662590449178,1.6634461536297078,0.5372749851782904,3.5897454289652937,-693.6054528187396,-326.0585994435594,132.99693142355903,-0.08243998032634638,-0.016104000977700487,-0.17352919062981034,-652.4283969707285,-399.2951962693115,463.34195220224916,-0.1248191999243512,0.9432941924606328,0.47830266830089857,-236.786590530631,-466.4049747041366,336.37011706497196,0.2466668181773135,0.5135716311652182,1.407081489062746,-278.9487693544572,-223.86765060661938,327.71821466987836,-0.29465163883385226,0.16153331502976961,-0.24875542538857498,-366.0155253324397,-422.71802304604375,454.72211948384495,-0.24822654328254531,-0.02224593512885539,-0.18270710846229385,-496.0584394904992,-369.1611501526176,136.844388366931
557,0,-0.15448736860324483,-0.013123146426803426,-0.049047987028523726,-528.0488094188084,-388.5061458262489,471.7594512962012,-0.4500734263111803,-0.01666550145576464,0.18009502309220102,-542.5553567118325,-584.3779011516888,804.6412760718842,-0.5273083686005804,-1.1675003340399077,-0.9756348379039937,-762.0748945027692,-501.5437470953635,273.8409646826615,1.6699649667299539,0.5286117481641935,3.585548642286079,-693.4575885541851,-327.64671382271814,133.47243865980656,-0.0808008937186692,-0.01576009728493236,-0.1681782722688764,-652.6530163499608,-400.44479059592,463.5738726112729,-0.12065318496702994,0.9283575762422177,0.49681010879751664,-235.16849338017315,-460.8933117688994,339.60508495041444,0.22160031710284983,0.4737506329672807,1.4176028161334873,-278.5811167618966,-217.92850113363798,332.4174784652951,-0.2922194624210836,0.15815273429079257,-0.2417068759643705,-366.1663887494257,-422.3517201114009,455.0242937862336,-0.24632855198308587,-0.0221537275555051,-0.17851549029304511,-496.4556079511843,-369.0267630350611,137.0997207517713
558,0,-0.15336299346943433,-0.013482138431095983,-0.04449228699048494,-528.4315194678898,-388.9273129869717,471.9245514014119,-0.4526970251094686,-0.016090652363094465,0.1823374080899587,-541.8117231744891,-585.0174095284702,805.0460979872058,-0.5257547540338198,-1.1661435404516765,-0.9716418036653419,-762.0110860797804,-503.44684180656213,274.00925185738043,1.6750044689507801,0.521800633031759,3.582075409538502,-693.3805684978256,-329.25136707718275,133.94031925608903,-0.07911023439446137,-0.015519030285144213,-0.16252996746411322,-652.9091997303708,-401.63240183901445,463.79823108818124,-0.1172332221687565,0.9129856096435666,0.5161923547084231,-233.71736597284027,-455.1861691506921,343.0505476270336,0.19639481975136475,0.4348965204785406,1.427516749980457,-278.4700004330837,-211.74882405941182,337.20591768978795,-0.2895555272238544,0.15423059690042218,-0.2341589871889481,-366.3897749116951,-421.98045195603754,455.36465813164926,-0.24430889324637878,-0.022012950779525836,-0.17429010580032203,-496.85772012655104,-368.9033614073448,137.34967902152377
559,0,-0.15240835461052216,-0.01402967001488346,-0.03952854834110841,-528.8541484299718,-389.34450460803873,472.0835726260722,-0.45551429240701974,-0.015608734542794463,0.18477829142990812,-541.0784852455781,-585.6466048553103,805.4656038906783,-0.5239783892505919,-1.1647675193985794,-0.9675141054288087,-761.9472795622625,-505.38429603282134,274.1686686974364,1.6786109731422223,0.5167597164709781,3.5793536877057086,-693.3758787833358,-330.87387545496256,134.4012995572979,-0.07738214467779003,-0.015393348439352111,-0.156586099528524,-653.1942503613298,-402.85361728788666,464.01469209863484,-0.11459388695177217,0.8971341490962185,0.5363543649297761,-232.44489224604803,-449.3129101897734,346.70587266735276,0.1710612061094506,0.3971640217138509,1.4367739793127194,-278.59905130801377,-205.35296813594928,342.0630481472691,-0.28662209786563647,0.14971719434005767,-0.22611511823635322,-366.6864461974324,-421.60758385817127,455.74599531558704,-0.24217613282077693,-0.021820320839071632,-0.17004090293728952,-497.262485984371,-368.7916688520485,137.59414725108317
560,0,-0.151644437304652,-0.01477544087760809,-0.034163435884858824,-529.3129146319656,-389.75685397109527,472.23621198513706,-0.4585016743640206,-0.01522896196368353,0.18740699343455966,-540.35602489487,-586.2634709994364,805.8963573051866,-0.5220171215236866,-1.1633951623561625,-0.9632632132412839,-761.8831620267547,-507.35550746361434,274.3205865250193,1.6808498461592511,0.5133874178717205,3.5774011500570624,-693.444396164886,-332.5164725077297,134.85645011769844,-0.07563306818884259,-0.015395446398610369,-0.15034967697998525,-653.5054297178965,-404.1039934775103,464.22297353703505,-0.11276856777274243,0.8807627477415501,0.5571991451076388,-231.36160899224276,-443.3042623982953,350.56782220431626,0.1456012968465613,0.36069545410228077,1.4453323295540639,-278.9504215610462,-198.767497903824,346.96705411671064,-0.2833884759230512,0.14457260051996434,-0.2175785120002133,-367.0569206480526,-421.2362203398661,456.1703941020492,-0.23994183141251357,-0.02157413484766777,-0.16577568720380353,-497.6679880932235,-368.69229656651174,137.8330799033189
561,0,-0.15108800689590504,-0.015725944127547162,-0.028407995877124538,-529.8038942422943,-390.1637229984196,472.3822433382742,-0.46163360382389956,-0.014960421791328048,0.19021172400289882,-539.6446805209148,-586.8660531000091,806.3347222588803,-0.5199086506069814,-1.1620516829712142,-0.9588980737555667,-761.8184433917418,-509.36077219652174,274.4664946449884,1.681805075019601,0.5115650864512012,3.576224624073192,-693.5863329322957,-334.1822349001848,135.3071431649968,-0.07388153147333779,-0.015537236673777233,-0.1438254133496449,-653.83995364655,-405.3791175745869,464.4228488320272,-0.11178852722173309,0.8638365119901488,0.578629305192437,-230.47679623799164,-437.19183606719207,354.63039280617755,0.12001053301524567,0.32561695226831927,1.4531557505899808,-279.5050567254557,-192.02080865713404,351.8951684881373,-0.27983214734294687,0.13876824787002412,-0.20855282211281181,-367.5013970397722,-420.86917007626664,456.63915132294943,-0.2376202502180092,-0.021274339476595478,-0.1615000880882046,-498.07267502928937,-368.60576026166353,138.06649499307966
562,0,-0.1507509075577195,-0.016883953423538708,-0.022278058994532907,-530.3230532196709,-390.5647251709585,472.5215283455442,-0.4648829728043211,-0.014811788130340838,0.1931795597032522,-538.9447555427515,-587.4524897929799,806.7769375419269,-0.5176892800958298,-1.1607640778665433,-0.954424251009341,-761.7528252211038,-511.4012573226124,274.60795866529816,1.6815786021454555,0.5111598729259264,3.575819604094279,-693.8011842339167,-335.8749760584732,135.75499319833003,-0.07214786958861405,-0.01582979973313996,-0.13702021536492764,-654.1949925283599,-406.6746685845976,464.61414673971115,-0.11168172455797111,0.8463279837213576,0.6005483763371054,-229.79837398212229,-431.00763997530464,358.88470348578016,0.09428092542435403,0.29203529307693277,1.460213284086345,-280.24297201154695,-185.14272733764767,356.82406329503607,-0.27593948183648065,0.1322881776732417,-0.19904272871121467,-368.0196807242021,-420.50891436122896,457.15269300544884,-0.2352279803111704,-0.020922566947370963,-0.15721753876094954,-498.47534935471555,-368.5324978047583,138.29446623564405
563,0,-0.15063945601040896,-0.018248090733285673,-0.01579454838719421,-530.8662875641256,-390.95973965556794,472.6540236496037,-0.4682216581004802,-0.014791042936378286,0.19629646060627884,-538.2565277525032,-588.0210417689512,807.2191927184015,-0.5153928072818332,-1.1595604618656583,-0.9498432769967743,-761.685965538791,-513.4789350931401,274.74657448692204,1.6802894009860287,0.5120278228165842,3.5761698694612676,-694.0876805707121,-337.59911083719345,136.20178150112812,-0.07045389619506771,-0.016283020324981783,-0.1299436161280696,-654.5676766448554,-407.9864766817788,464.79674883553986,-0.11247141687621538,0.828218997958913,0.6228618522846522,-229.33280454487922,-424.78360838210665,363.31893717479295,0.06840414512691831,0.26003553015248215,1.4664780805227329,-281.14352894960416,-178.16411004517568,361.7302414288162,-0.2717059490309653,0.12512990432294055,-0.189054614912912,-368.6111136786273,-420.1575805800796,457.7105184643837,-0.23278350506717738,-0.02052213100322252,-0.15292927677480458,-498.8751509125347,-368.47288596397595,138.5171145148199
564,0,-0.150753967548298,-0.01981249864174234,-0.008983671228762483,-531.4294711476607,-391.3489157791339,472.7797838664475,-0.4716210886274861,-0.014905214605390259,0.19954733097829103,-537.5802590381659,-588.5701159345892,807.6577037473909,-0.513049596668423,-1.1584692942148687,-0.9451522432243566,-761.6174414599869,-515.5964797850257,274.8839188806079,1.6780722669488486,0.5140171105156457,3.5772472508341626,-694.4437482936598,-339.3594954655293,136.64936648139508,-0.06882251981925396,-0.016905219460784243,-0.12260813305356744,-654.9551074054314,-409.31057884000154,464.97058483729825,-0.11417457499734618,0.8095024583062984,0.6454779431904544,-229.08499990104215,-418.5511524020495,367.91833991582956,0.0423746092309932,0.22967958461565313,1.4719265287511787,-282.1857091613765,-171.11644588717758,366.5904208622985,-0.2671358512974676,0.11730484997812209,-0.17859727602308134,-369.2745119503049,-419.8169224527112,458.3111704626391,-0.2303067082718256,-0.020077975089939387,-0.14863437587951275,-499.27153605814414,-368.4272547971204,138.73459899391005
565,0,-0.151088453379739,-0.02156664062299277,-0.0018769712686285273,-532.0085095769327,-391.73266745216824,472.89896022595315,-0.4750528396330852,-0.015160143239180612,0.2029161240279599,-536.9162050264302,-589.098284594305,808.0887862763643,-0.5106858718783888,-1.157518519420315,-0.9403436517268795,-761.5467117178366,-517.7571299094142,275.0214978252345,1.6750763031862281,0.5169713163823828,3.5790115973846888,-694.8664808276758,-341.16124795412884,137.0995828280635,-0.06727730974291286,-0.017702793123260938,-0.11502953450078889,-655.35437452588,-410.6432689013055,465.1356260165232,-0.11680016905586948,0.7901839654484959,0.6683080482994128,-229.05823366906515,-412.340747345034,372.66528082109176,0.01619240607169648,0.2010058533686997,1.4765375558120204,-283.34838248905555,-164.03147553960403,371.38190333863434,-0.2622416122379155,0.10883832871513612,-0.16768263517429235,-370.00811326870826,-419.4883089574432,458.9522334736261,-0.22781834323776573,-0.019596565597929792,-0.1443298194479455,-499.6642532545128,-368.39589850935437,138.9471080944108
566,0,-0.1516305252900718,-0.023495251972687026,0.00548877946650761,-532.5993977914889,-392.1116576273755,473.01179498833494,-0.47848923614707084,-0.015560279729293428,0.20638598744799677,-536.2646241717613,-589.6042992486538,808.5089249007888,-0.5083232483842968,-1.1567346532563865,-0.9354055322114115,-761.4730813364712,-519.9645198255968,275.1606940908374,1.6714630860914559,0.5207326350894502,3.5814110014354883,-695.3521230719003,-343.0095548904793,137.55413341679082,-0.06584201709759709,-0.01867987033722426,-0.10722700388632747,-655.7625786877951,-411.98114026828654,465.2918770846145,-0.12034739678706996,0.7702832281092558,0.6912669673933176,-229.25405796692968,-406.1815656970428,377.53937454560224,-0.010134093714161628,0.1740298057812712,1.4802921486962743,-284.61056705106085,-156.94083130216356,376.08292020429974,-0.257042699326562,0.09976908557346421,-0.15632643976286517,-370.80953707606454,-419.1727237381854,459.630360881218,-0.22533947991376074,-0.019085724655085685,-0.14001062473970483,-500.05331522078814,-368.37908196353607,139.1548504184932
567,0,-0.15236153598560495,-0.025578462463824118,0.013071867815560335,-533.198278540209,-392.4867733818944,473.118612011217,-0.48190394647262863,-0.016108523789154547,0.2099394440476771,-535.6257858540123,-590.0870988411845,808.9148369152986,-0.5059785162986128,-1.1561418521221423,-0.9303218209547758,-761.3956707512734,-522.2224860708026,275.30271584743133,1.6674045011974443,0.5251448967272886,3.584382331795442,-695.8960710647711,-344.90947106925165,138.01447868323672,-0.06454005886725515,-0.01983800466196762,-0.09922319500995389,-656.176858710796,-413.32111954896,465.4393670602649,-0.12480394372703332,0.7498351824599613,0.7142728816550638,-229.67222616229014,-400.10116315524954,382.51766664709197,-0.036586077520358515,0.14874545923352658,1.483173139581167,-285.95167917220914,-149.87570376404722,380.67294887703946,-0.25156429217259235,0.09014842208226223,-0.14454891091445757,-371.67575862079065,-418.87077636149377,460.3413307313976,-0.22289094800061704,-0.018554399690964278,-0.13567002498428102,-500.4389675998775,-368.3770424386327,139.35804555870175
568,0,-0.15325697237197308,-0.0277921079069062,0.020826116450887916,-533.8014985733696,-392.8590927224294,473.2198040239145,-0.4852725460496498,-0.01680610401635582,0.21355860015529873,-534.9999771335107,-590.545812562733,809.303529302492,-0.5036636690050763,-1.1557610122296331,-0.9250729867751175,-761.3133915955343,-524.5348547460659,275.4485483032585,1.6630802464016392,0.5300562891698074,3.5878521131326684,-696.4928886450782,-346.86571859931826,138.4817287854446,-0.06339397459128929,-0.021175914249383945,-0.09104417660632166,-656.5944218781246,-414.6604897203906,465.5781397174277,-0.1301443777391513,0.728890747509307,0.7372471458421102,-230.31062356870103,-394.1252226248225,387.57488077881715,-0.0631326933065345,0.12512756390803995,1.4851652810593972,-287.3517715032909,-142.86653855159733,385.1329943010437,-0.24583582626853318,0.0800389618407115,-0.13237531374728706,-372.6030980963375,-418.5827260293025,461.080128487649,-0.2204927950277143,-0.01801237084960751,-0.13129971353797432,-500.82165397078063,-368.38998666832146,139.55691468796942
569,0,-0.15428710558754255,-0.03010824008717517,0.0287015530019309,-534.4056593526578,-393.2298446873829,473.31581728584814,-0.48857303258597234,-0.017652501084636094,0.21722537342485507,-534.3875079212612,-590.9797576049349,809.6723479122613,-0.5013861601516713,-1.1556089521844317,-0.9196368801579073,-761.2249311550326,-526.9052170683809,275.5989104736469,1.6586750064332831,0.5353216944058812,3.5917377702523696,-697.1363425271524,-348.88249191796143,138.95654425509613,-0.06242486770515186,-0.02268928609927004,-0.08271926726477316,-657.012575798596,-415.9969017137313,465.7082442645874,-0.1363287890986675,0.7075171531220212,0.7601139468132464,-231.16520917838596,-388.2773584777457,392.68372522260387,-0.08973009173623743,0.10313429228325091,1.486255619662408,-288.79175783180057,-135.94276506230872,389.445830614742,-0.23988954204591312,0.06951312465268186,-0.11983641148498812,-373.58722513357816,-418.3085173944903,461.8410541828874,-0.21816377921184968,-0.01746990224399663,-0.12689015152134347,-501.20197703637126,-368.4180836122018,139.75167088653075
570,0,-0.1554178863623634,-0.03249583202726764,0.03664526465530754,-535.0076593051159,-393.6003647001054,473.4071343885829,-0.4917862750683252,-0.018645413382441717,0.22092173131311754,-533.788714427859,-591.3884325092937,810.0190179824742,-0.49914935923527964,-1.1556977352113538,-0.913989773935525,-761.1287471419736,-529.3367006785946,275.7542191357712,1.654375311531996,0.5408045893453769,3.595949237040684,-697.8194569076978,-350.96327451442806,139.43905092585013,-0.061651845475145524,-0.024370659722644784,-0.07428076412526051,-657.4287600714724,-417.3283737549298,465.82972691390717,-0.14330179035401816,0.685797795087817,0.7827998965318438,-232.22997235603913,-382.5789808085653,397.8152548470723,-0.11632114605598043,0.08271021964112343,1.4864341570181099,-290.2536229802923,-129.132557635763,393.5961991303765,-0.2337591534002233,0.05865138481513279,-0.10696876391397613,-374.62317833851205,-418.047827176032,462.6178504306519,-0.21592091691825982,-0.016937348802728968,-0.12243093782708568,-501.58065600459753,-368.4614537668295,139.94250932272521
571,0,-0.15661205755383562,-0.03492165908133635,0.04460242188186523,-535.6047251205932,-393.9720473488538,473.49425602577566,-0.49489638192489777,-0.019780762997511577,0.22462993197341735,-533.2039608421885,-591.7715069617777,810.3416753505898,-0.4969531657349537,-1.1560341835251244,-0.90810755789234,-761.023073974216,-531.8317444728717,275.91456185852195,1.6503661060757413,0.546378504282985,3.6003909108985153,-698.5345883722136,-353.11067219420113,139.92877467034208,-0.061091472947247934,-0.02620940377413975,-0.06576357100194222,-657.8405760378615,-418.65327830275703,465.9426239641891,-0.15099198594953608,0.6638315954688495,0.8052336363032375,-233.49690892195002,-377.0492170010496,402.9392831743586,-0.1428358425972147,0.06378939599673994,1.4856947700635923,-291.72061585276134,-122.46262829744892,397.5709596012945,-0.22747872479821474,0.0475403895074491,-0.09381483248694611,-375.70539907492355,-417.80011949786126,463.40384698262795,-0.213779102707409,-0.0164247366122826,-0.11791123827963786,-501.95848054372897,-368.5201560760722,140.12959760943366
572,0,-0.1578304381589309,-0.03735131880188949,0.052517442967468145,-536.1944303112227,-394.3462987714776,473.5776826018015,-0.4978909766449047,-0.021052739033815566,0.2283327604445924,-532.6336392495688,-592.128809021369,810.6388879125332,-0.4947947343442805,-1.1566196274453253,-0.9019670446615913,-760.9059411963054,-534.3918846269029,276.07968075697477,1.646827070194044,0.5519280715332555,3.604963913006045,-699.2735214324313,-355.32626654010994,140.4246008514037,-0.060757256970371154,-0.028191796037136754,-0.057204734501031015,-658.2458130373582,-419.97031697511704,466.0469569445955,-0.15931200896751807,0.6417318703987313,0.827345529035355,-234.95602122730716,-371.70488573561823,408.0248378383486,-0.16919228586079407,0.04629834186622762,1.4840363452392857,-293.1774232986299,-115.95804907713192,401.35919266865614,-0.2210818164288135,0.036271008618342676,-0.08042286201900667,-376.8277783503102,-417.5647073416814,464.19211691770386,-0.21175081606232243,-0.015941340227712195,-0.11332026829238492,-502.33626215276365,-368.59417364236725,140.31306684313978
573,0,-0.15903331602983617,-0.03975033679190685,0.06033525569237451,-536.774700179541,-394.72449057994646,473.65789656007314,-0.5007613721073576,-0.022453874859751324,0.23201375422431694,-532.0781678230704,-592.4603108372344,810.9096671012484,-0.49266925975445075,-1.1574499175109267,-0.8955473396497048,-760.7752040829241,-537.0175591522658,276.24896833040196,1.6439287585572344,0.5573497277648856,3.609568591688917,-700.0275844992873,-357.61049101375033,140.9247624027908,-0.06065917634442087,-0.030301212289318362,-0.04864290034290768,-658.6424698222577,-421.27848441195067,466.1427302491609,-0.16815920062032738,0.6196247259687602,0.8490675061426918,-236.59534672607796,-366.56051673646147,413.04065129538515,-0.1952982171495983,0.03015884272881692,1.4814640660976115,-294.6103221625317,-109.64210103689148,404.9522524475479,-0.21460092507550918,0.024936379176678326,-0.06684652210784461,-377.98371546107734,-417.3408171872531,464.9756391354739,-0.20984592364003551,-0.015495283789969937,-0.10864781972928525,-502.7147842147975,-368.68339948488597,140.4930039414602
574,0,-0.160181872661663,-0.04208529424923621,0.06800259600514307,-537.3438033676106,-395.10791683350567,473.7353462717762,-0.503502637714151,-0.023975155921930134,0.2356574129912943,-531.5379873126212,-592.7661139017307,811.153469379829,-0.490570768810469,-1.1585157106000665,-0.8888312237160177,-760.6285858607306,-539.7079377941573,276.42147637250804,1.6418286436890415,0.5625521534786714,3.6141071823480004,-700.7877854802307,-359.96253105274207,141.42685912865826,-0.06080327392700481,-0.032518423248289616,-0.040117706011945385,-659.028770087863,-422.5770225667148,466.2299315432362,-0.17741697741818768,0.5976470136414533,0.8703331166054743,-238.40101920146827,-361.62840819878784,417.95567720522035,-0.22105291622102463,0.015290461231629514,1.477990779265095,-296.00730670755956,-103.53614666325701,408.343769595876,-0.20806721690164426,0.01362999687592489,-0.053144308021771273,-379.1661869675627,-417.1276537754856,465.7474616385844,-0.20807158024636868,-0.01509319252719814,-0.10388481793569136,-503.0947522805782,-368.78762354885845,140.6694458912869
575,0,-0.16123955690191588,-0.04432490834491616,0.07546927185806258,-537.9003311069675,-395.4977551173411,473.8104322373163,-0.5061135564639356,-0.025606155069616124,0.23924938714074737,-531.0135558245008,-593.0464348066096,811.3701879679473,-0.48849287073474834,-1.159803021671594,-0.8818064946129289,-760.463730408044,-542.4607833590371,276.595938438258,1.6406671739393834,0.5674565402916885,3.618486516866157,-701.5449654645911,-362.3802486840909,141.92790921383593,-0.06119132648042623,-0.03482199162690848,-0.03166912952383155,-659.4031714214444,-423.86536743212264,466.308535049844,-0.18695689254878908,0.5759438811743269,0.8910778004028036,-240.35736618725971,-356.91871302687,422.7396214878019,-0.24634935020688345,0.0016127238257068062,1.4736383512799824,-297.35818851178203,-97.6595222656798,411.52960698532945,-0.20151052035290618,0.002443895643945239,-0.03937871848801089,-380.36782458369714,-416.92446194990436,466.50086018044186,-0.2064322263484999,-0.014739917330126548,-0.09902389014762385,-503.47674622953747,-368.906522048591,140.84237640424735
576,0,-0.1621733283899671,-0.046441001236748,0.08268931947843408,-538.4431659997649,-395.8950324645166,473.88349622698126,-0.5085964726210411,-0.027335192759666053,0.2427766392663508,-530.5053418477426,-593.3015923226972,811.5601352413843,-0.48642942244351944,-1.1612940116211505,-0.8744672117089675,-760.2782637741736,-545.2723496755264,276.7708056856803,1.6405639762230746,0.5719967711448277,3.622620661869883,-702.2899680941487,-364.86013166040505,142.4244321876525,-0.061820608248543955,-0.03718875421988452,-0.023336817193798366,-659.7643673167693,-425.14309065779923,466.37850762845574,-0.1966413544399941,0.5546659569473927,0.9112393804617399,-242.44704520559634,-352.439544783096,427.3634757939228,-0.27107645242577944,-0.010953036400249954,1.468438920224556,-298.6546659483205,-92.02944746751574,414.5077721388164,-0.19495952528921695,-0.008533053844054674,-0.025615245016931864,-381.5810006552903,-416.73058271075405,467.22948726691874,-0.20492967512905236,-0.014438349019149591,-0.09405992280459775,-503.86117591811507,-369.0396500382123,141.0117252888352
577,0,-0.16295470527991102,-0.0484093066334582,0.08962199014073015,-538.9714425773731,-396.30059671013964,473.9548138311899,-0.510957034588804,-0.02914951986694423,0.24622757244812876,-530.0138154656375,-593.5319964212939,811.7240164628332,-0.48437507565217086,-1.1629679597915568,-0.8668147877779838,-760.0698624227017,-548.1373203931543,276.9442951112476,1.641614348328008,0.5761195816720891,3.6264333609267054,-703.0138212067591,-367.3972669355337,142.91256084325423,-0.0626837645296762,-0.039594368025646205,-0.015159415449299525,-660.1112822251139,-426.4098388509688,466.4398173471305,-0.20632692016267573,0.5339662095452925,0.9307587405733412,-244.6512202320096,-348.1970946080414,431.80004014788017,-0.29512144672121776,-0.022482188468355663,1.462435942734156,-299.89036051674157,-86.66094966933588,417.2782926291567,-0.1884421188957962,-0.019216702767517906,-0.011921222330021219,-382.7979200107957,-416.545500961669,467.9275072010302,-0.20356327812237082,-0.014189332308432065,-0.08899058314576126,-504.24824180979334,-369.1864378738502,141.1773706416224
578,0,-0.16356057021342973,-0.050210080308758884,0.09623252341058827,-539.4845020577375,-396.7150937972957,474.0245907083647,-0.5132038415716864,-0.031035520947156777,0.24959211968371048,-529.5394377055787,-593.7381396184757,811.8628957197734,-0.482325685033725,-1.1648023491705612,-0.8588588719130792,-759.8363257611755,-551.0487917527951,277.11444834540504,1.6438861928085917,0.5797847446655615,3.629860161876441,-703.7079262529643,-369.98533838440096,143.38817803396233,-0.06376881139003919,-0.04201389599321921,-0.007173932187056215,-660.4430599288518,-427.6652735030769,466.49244404897246,-0.21586803809195967,0.5139965344566579,0.9495806355954546,-246.94977835937328,-344.19575130626623,436.0244209395363,-0.31837216959013803,-0.03304567284065049,1.4556849395226845,-301.06081765193085,-81.56680235408633,419.8430623353748,-0.18198577980693137,-0.029529020287333778,0.001635400944982581,-384.01071701775516,-416.36888294028955,468.5897137364135,-0.20233015569123544,-0.013991683249880595,-0.08381677985849582,-504.63790192383505,-369.3461919861109,141.33914376686442
579,0,-0.16397370922296495,-0.05182849838646167,0.10249268209040081,-539.9818437574344,-397.13895145152645,474.0929626177296,-0.5153480060791922,-0.03297893559240375,0.2528617899907255,-529.0826480319106,-593.9205907750733,811.978155157491,-0.4802785708130054,-1.1667739772298882,-0.8506179702528804,-759.5756502845242,-553.9983013269082,277.27919839608234,1.6474175428890068,0.5829652857320485,3.6328501273730507,-704.3642499371348,-372.61664897163257,143.84707294527624,-0.06505927631759285,-0.04442240785840842,0.0005848489977849265,-660.7590458556211,-428.909014421195,466.53639126974167,-0.2251210769508352,0.4949041372820798,0.9676545671724555,-249.32158506151748,-340.438218230672,440.01449031533417,-0.3407193729587954,-0.042709245661108224,1.4482538511607064,-302.163470254958,-76.75747712971173,422.20566755599,-0.17561794972074826,-0.03939931136113285,0.01498731077048194,-385.211556602032,-416.20060197208346,469.2116278205076,-0.20122547720443928,-0.01384230841769592,-0.0785430382761708,-505.0298462490846,-369.5181001423772,141.49683656342933
580,0,-0.16418307760661918,-0.05325484215380899,0.10838104126663355,-540.4630755782357,-397.57236945862667,474.15999911586727,-0.5174026470398112,-0.034965094954839675,0.2560296682203415,-528.6438500674265,-594.0799912482895,812.071448786728,-0.4782326423644547,-1.1688600002955079,-0.842119757787665,-759.2861025343882,-556.9759034997885,277.4364411722851,1.652214820337401,0.5856476999468828,3.6353670530420543,-704.9755116544491,-375.28216799252044,144.2851104173156,-0.06653449093702601,-0.04679557396739842,0.008084883294274904,-661.0587642971801,-430.1405892777971,466.57169880335107,-0.2339484511868441,0.47682780650376455,0.9849356537285369,-251.74477482882267,-336.92562241372246,443.7512933797812,-0.3620590070220395,-0.05153311263749338,1.4402229309311925,-303.1975641252664,-72.24111031947466,424.3712022833191,-0.1693663076681691,-0.048765245020472754,0.0280690416624453,-386.3927377821661,-416.04075191259466,469.78957375998027,-0.20024277565587698,-0.013736419390258736,-0.07317776744135926,-505.42347954288294,-369.7012411555301,141.65021096990725
581,0,-0.16418380341625885,-0.05448448001330311,0.11388303798376644,-540.9278658924811,-398.01531654035267,474.22571058744484,-0.5193823303830408,-0.0369791696448017,0.25909036720106954,-528.2233957327605,-594.2170530850899,812.1446522959525,-0.476188399095642,-1.1710388268696188,-0.8334010459378417,-758.9662880565221,-559.9702910984851,277.58410840562306,1.6582519465269157,0.58783210273461,3.637390150187236,-705.5353596931711,-377.97160441785553,144.69840618650622,-0.06817004008244607,-0.04911023306476216,0.015297295974968617,-661.341891811071,-431.3593914722619,466.59845522475416,-0.24222264004614025,0.4598941953013491,1.0013854275669618,-254.19707227707963,-333.6576134272911,447.2193905329882,-0.3822944798329288,-0.05957195650496023,1.4316841242653549,-304.16404573463706,-68.02348558479471,426.3460813531987,-0.16325888654822235,-0.05757368703838041,0.04081811406153057,-387.54679799083226,-415.88964837761415,470.32073288315274,-0.19937428223316028,-0.013667832288716519,-0.0677333990998061,-505.8179131721838,-369.89459879386357,141.79900993628837
582,0,-0.16397695213798136,-0.05551766609186971,0.11899079928616473,-541.3758989788707,-398.46753356764356,474.290058080246,-0.521302475665501,-0.03900642422817248,0.26203993262221625,-527.8215681182631,-594.3325587876099,812.199810392848,-0.4741478302719297,-1.1732907940549098,-0.8245073864874064,-758.6152136140594,-562.968961090131,277.72023873224543,1.6654704013041752,0.5895322221377269,3.63891418445963,-706.0385289419929,-380.67350762342244,145.08350054313203,-0.06993836175644065,-0.05134491731858024,0.02219672527923904,-661.6082283053579,-432.5646479661906,466.61680973009453,-0.2498299024550448,0.444214256320083,1.0169725038281179,-256.6561371145968,-330.6324515078876,450.40712379246855,-0.4013388679360726,-0.06687533907492464,1.4227399151783584,-305.0654143121412,-64.10803441210764,428.13785874846906,-0.15732399359553606,-0.06578133510878796,0.05317606533449452,-388.66661616392486,-415.7478185390728,470.8031744003227,-0.19861126753622138,-0.013629339242670447,-0.06222638243604381,-506.2119663609944,-370.0970794669697,141.94296930220074
583,0,-0.16356908519104135,-0.056359181295367974,0.12370277484512893,-541.8068359041881,-398.92854261436264,474.3529652430732,-0.5231787488129954,-0.04103247274376412,0.2648757033995647,-527.4385635508319,-594.4273620772843,812.239083230225,-0.472114237581287,-1.1755985867238032,-0.8154923114008332,-758.2323400799551,-565.9584206997051,277.8430441034818,1.6737802899131395,0.5907751311053872,3.639949094090143,-706.480973068207,-383.37539676162174,145.43752286662524,-0.07180948088020003,-0.05348031937148337,0.02876157767276897,-661.8576674030821,-433.7553981415471,466.62698271420095,-0.25667351026187757,0.4298799902253514,1.0316730831691476,-259.0999246622091,-327.8470863195017,453.30679806261764,-0.41911701740598384,-0.07348842832827036,1.4135016570006493,-305.90554187704424,-60.49585632034976,429.75505629418865,-0.15158992350989817,-0.0733551564186313,0.06508935489752343,-389.74551232167727,-415.61598083565514,471.2358636890102,-0.19794437749110896,-0.013613136529686636,-0.05667702343276128,-506.6041769023164,-370.30753310240567,142.08182991555321
584,0,-0.16297165061355245,-0.05701784656705657,0.128023206074411,-542.2202824240017,-399.3976611545454,474.41433155332066,-0.5250264623389066,-0.04304352926555031,0.2675961332682274,-527.074473481875,-594.5023890430597,812.2646934339418,-0.4700920047048455,-1.1779473865969776,-0.8064162284845287,-757.8176236948437,-568.9244287964648,277.9509692126298,1.6830624360231063,0.5916006282786049,3.6405191375727206,-706.8599648735559,-386.06391969332185,145.7583397834474,-0.07375184748757492,-0.05549968764518081,0.03497420132714934,-662.090167657173,-434.9304840678618,466.6292745667647,-0.26267635314247995,0.41696167368082543,1.0454712680035425,-261.50705213119807,-325.29722910688923,455.9147709264999,-0.4355674421025241,-0.07945297165605149,1.4040874411141493,-306.68946645930583,-57.185760477686685,431.2070057787298,-0.14608448097258878,-0.08027262636620036,0.07651013166299402,-390.77734117872717,-415.4950163786001,471.618648684993,-0.19736395351238278,-0.013611292552129402,-0.05110916445476736,-506.9928210948334,-370.52477648377857,142.21534932067485
585,0,-0.16220024758147686,-0.057505940102478684,0.13196146662522906,-542.6157651101112,-399.8740205559389,474.4740459868881,-0.52686000532953,-0.04502664759990442,0.27020058273989955,-526.7292669836575,-594.5586390793596,812.2788751443685,-0.4680863375043283,-1.1803247646691635,-0.7973450133950111,-757.3715437571869,-571.8522660689516,278.04274214298675,1.693171469122037,0.5920601992164293,3.64066163888876,-707.1741597852567,-388.72504174098566,146.04468027101862,-0.07573323862153905,-0.05738913794026664,0.04082098696411123,-662.3057260629879,-436.0885519127876,466.6240722307875,-0.26778280446310954,0.40550572251950645,1.0583591874192244,-263.85715978802654,-322.9774217831771,458.23144751144395,-0.45064391136482035,-0.08480841725760914,1.3946195861095618,-307.42316505400146,-54.17433021197662,432.5037056296264,-0.14083435308023248,-0.08652176438984609,0.08739685751076635,-391.75657723587386,-415.3859341123485,471.95222547123427,-0.19686032826528596,-0.013616237607912472,-0.04554970790317979,-507.3759423817165,-370.7476181870083,142.34331236508584
586,0,-0.16127380768946967,-0.05783855054541692,0.13553131000152507,-542.9927165162575,-400.3565879364862,474.5320003142218,-0.5286923256503226,-0.04696994460366501,0.27268909372902767,-526.4027747743784,-594.597185090305,812.2838263162166,-0.46610299636219055,-1.1827203536901292,-0.7883483573984778,-756.8951153256447,-574.7270264360109,278.11741491688826,1.703939818697367,0.5922155211811921,3.6404254084296173,-707.4236190846996,-391.34426352829814,146.29623191310301,-0.07772167523246615,-0.05913787185250211,0.04629240570502316,-662.5043551182825,-437.22806367660644,466.6118531298038,-0.27195977658804404,0.3955333208677557,1.0703369374903775,-266.13125564258564,-320.8811067133739,460.2611801857692,-0.46431662828756565,-0.0895930808548836,1.3852218482277368,-308.11331370793386,-51.45601168986448,433.65569187979065,-0.135864387262402,-0.09210096118529582,0.09771478381531284,-392.6783888646121,-415.289831914168,472.23808455496965,-0.19642409044787337,-0.013621256576556568,-0.04002799688963991,-507.75138788725263,-370.9748841287745,142.46554009581945
587,0,-0.1602137353260941,-0.05803289693616779,0.13875005960264503,-543.3504697670736,-400.8441904386812,474.5881012745104,-0.5305344856461819,-0.048862802045799826,0.27506216137415007,-526.0946757752829,-594.6191725337117,812.2816653116612,-0.46414803857915177,-1.1851253567982467,-0.779497944966167,-756.3898861412027,-577.5339213630397,278.17439307392254,1.7151824702766516,0.5921365095695673,3.6398689212303905,-707.6097913000964,-393.90686580532184,146.51370372131314,-0.07968630379292649,-0.06073829608088722,0.05138299129547361,-662.6860644250064,-438.3473180411245,466.59318613425233,-0.2751969360169543,0.387039908153461,1.0814123524784134,-268.3120324785936,-319.00070071977126,462.01207613128133,-0.47657292565531945,-0.09384526161034173,1.3760164653209659,-308.767042483369,-49.02322770502973,434.67392219078465,-0.13119683482533737,-0.09701859376507399,0.10743627919491597,-393.53869913056167,-415.20785578347704,472.47843973994594,-0.19604631408829373,-0.013620965332153205,-0.03457507486908715,-508.11685175561934,-371.2054426503075,142.58189633892658
588,0,-0.15904304716225964,-0.05810764363254231,0.14163777541047312,-543.688262504081,-401.33554103676727,474.64228096975233,-0.532395309653675,-0.050696042081910385,0.2773205182433888,-525.80448722215,-594.6258169721702,812.2743925916134,-0.46222758406140785,-1.1875319629478043,-0.7708655429663184,-755.8579176591406,-580.2585882971623,278.2134538561634,1.7267022877982068,0.5918989409261546,3.639058332603805,-707.7354519666648,-396.39817746879845,146.69885245298653,-0.0815981980020244,-0.0621860413665258,0.0560912708407644,-662.8508475298534,-439.44447888947644,466.56872930577254,-0.2775060916226467,0.3799955666369318,1.0916006291467535,-270.3841469039989,-317.3276762815889,463.4957190481528,-0.48741743930666254,-0.09760422394703151,1.3671211551131457,-309.39169290176955,-46.86651692788528,435.5696709832409,-0.1268506164834203,-0.10129243156373487,0.11654100664462572,-394.33423152919005,-415.1411590864799,472.67614195297966,-0.19571874956775606,-0.013611752087872183,-0.02922285391682445,-508.46992391710586,-371.43822804244184,142.69229141849866
589,0,-0.15778554701507724,-0.05808223494121215,0.14421642978475807,-544.0052496721219,-401.8292651034576,474.69450493798513,-0.5342811368591468,-0.05246207120084072,0.2794649448019937,-525.5315592960394,-594.618399872544,812.2638580807786,-0.4603476126166149,-1.1899327476156967,-0.762521082652601,-755.3017507479377,-582.8873943269969,278.23475302704276,1.7382956724883305,0.5915817244324622,3.6380654058195616,-707.8046035570367,-398.8038611542621,146.85447107027136,-0.08343104670885947,-0.06347988480907206,0.0604196461676384,-662.9986743833973,-440.5176099222341,466.53922423743,-0.2789198100675635,0.3743462977802507,1.100923830947324,-272.3344515579154,-315.85265213609244,464.7268142295671,-0.49687175166802444,-0.10091097687165013,1.3586461949147917,-309.9945849149866,-44.9746981204876,436.35443320979084,-0.12284065814482083,-0.10494884637608949,0.12501594915007658,-395.062539408935,-415.090863521765,472.83458084119906,-0.19543397475226354,-0.013592165942658753,-0.024003226870019784,-508.80814269119014,-371.67226150933766,142.79668262523293
590,0,-0.15646506727112852,-0.057976270271699236,0.1465091218745898,-544.3005242227672,-402.3239270943579,474.74477752336,-0.5361956866894703,-0.054154987356331834,0.28149611661960033,-525.2750750850408,-594.5982624562846,812.251734567173,-0.4585137965960793,-1.1923201363300164,-0.7545308085165702,-754.724357227198,-585.407726403447,278.238820763676,1.7497583166324326,0.5912639277099624,3.636965418153504,-707.8223387868994,-401.11020905718834,146.98433972993212,-0.08516170672490746,-0.06462158365272397,0.06437422761200016,-663.1294894839187,-441.56471374263896,466.5054869047357,-0.27948934863629377,0.37001612277628615,1.1094103007620801,-274.15217352527003,-314.56549459738414,465.7227688456168,-0.5049735289997123,-0.10380879802484612,1.3506917110230314,-310.5827996392884,-43.335057829089116,437.0398340687054,-0.11917733608990241,-0.10802184872227787,0.1328552861163091,-395.72201856392144,-415.05802312266167,472.95757734190863,-0.19518550538434729,-0.01356323633901459,-0.018947161622506054,-509.1290495255567,-371.906668764542,142.8950713003587
591,0,-0.15510480157869644,-0.057808936707777786,0.14853935553850398,-544.5731444874932,-402.81805683064925,474.7931443584759,-0.5381400365133215,-0.055770645497016755,0.28341449374694266,-525.034056428514,-594.5667974688188,812.2394973019082,-0.45673136862820746,-1.1946859982849105,-0.7469555580308026,-754.1290789813246,-587.8082599705725,278.226547398628,1.7608908209976972,0.5910216897620291,3.6358351017689894,-707.7946717344348,-403.30444025711427,147.09314130761487,-0.08677061110758916,-0.06561563182045999,0.06796462210918053,-663.2432154767382,-442.5837738278273,466.4683950619745,-0.27928202579279787,0.3669098961060373,1.1170940100051217,-275.82903418902913,-313.45542996264925,466.50322137265636,-0.5117752032933706,-0.10634346619624567,1.3433452980747194,-311.16298319390023,-41.933559079408404,437.6375420708517,-0.11586606202345882,-0.11055198141572928,0.14006012786186406,-396.31190317142324,-415.0435922754565,473.0492706686953,-0.19496786454924295,-0.013528708651795117,-0.014083816891705875,-509.4302441698997,-372.14069371163947,142.9874967151322
592,0,-0.15372674575420966,-0.05759851221119861,0.1503303995833255,-544.8221667479646,-403.31017496129584,474.8396919897228,-0.5401127038796042,-0.05730667795983828,0.285220252213083,-524.8073758540168,-594.5254388143709,812.2284097926622,-0.45500502098189394,-1.1970214192467041,-0.7398492263519372,-753.5195568978143,-590.0791985757097,278.1991600234045,1.771503970911376,0.5909251709484625,3.634750665667223,-707.7283422860122,-405.37498988866605,147.1863448482168,-0.08824203364018704,-0.06646895255197313,0.07120367682746563,-663.3397617111374,-443.57279794594297,466.4288723632295,-0.27837817240211765,0.3649166838063226,1.1240138680276626,-277.359307984682,-312.5111674209453,467.0895356042786,-0.5173422722700809,-0.10856318391127139,1.3366800704160806,-311.74117608729244,-40.7550677048833,438.1591833056425,-0.11290703045101552,-0.11258510689890303,0.14663812027789963,-396.8322458123815,-415.04839844583665,473.1140032311266,-0.19477661181291678,-0.01349518272435852,-0.00943971811368893,-509.7094386635304,-372.3737079299106,143.0740272367382
593,0,-0.15235125541330155,-0.05736194918832842,0.15190474237288112,-545.0466813919458,-403.79881727053754,474.88454487888504,-0.5421098192556909,-0.058762467696518245,0.2869132533640588,-524.5937744606031,-594.4756490860889,812.2195156371067,-0.45333883098693883,-1.199316679706038,-0.7332574608399517,-752.8996523012391,-592.2124779044364,278.1581911100895,1.7814234993105882,0.5910356961923735,3.6337859351166055,-707.6306003217244,-407.3117800594614,147.27006146380228,-0.08956421819239203,-0.06719054173560139,0.07410717890767457,-663.4190370235042,-444.5298617744977,466.38786955786225,-0.27686781998102317,0.3639135311848347,1.130213009127917,-278.7398196573658,-311.72103095576654,467.50427552535524,-0.5217513071146157,-0.11051819083597764,1.3307532210007842,-312.3226716621143,-39.78359216019522,438.61625537602964,-0.11029514273138301,-0.11417112818758038,0.15260293542811476,-397.28388270878264,-415.0731200782315,473.15620692919276,-0.1946083336031946,-0.013472143149033883,-0.005038029629819349,-509.9645086377988,-372.6052159218999,143.15474953510014
594,0,-0.1509967207333266,-0.05711454466354539,0.15328364631696337,-545.2458509687023,-404.2825575761192,474.9278601798365,-0.5441253715909833,-0.06013907353983777,0.28849304496183015,-524.3918852938039,-594.4189051052782,812.2136361240493,-0.4517362062313004,-1.201561438853195,-0.7272166209072026,-752.2733638332539,-594.2019286956762,278.10544039120487,1.7904941982836053,0.5914032439496508,3.633010636171261,-707.5089767825083,-409.10646247258336,147.35087806479703,-0.0907293873411595,-0.0677910772332909,0.07669351278298366,-663.4809658298748,-445.4531516535851,466.34634330356045,-0.27484728536758535,0.363769429135435,1.1357380666995287,-279.96988161264153,-311.0730979047687,467.7706774802582,-0.5250877666961916,-0.11226008815004974,1.325605132021299,-312.9119061115741,-39.00253202594698,439.0200401607713,-0.10802011311760805,-0.11536268417808272,0.1579736664172361,-397.66838558625045,-415.11826995625205,473.1802940654133,-0.19446059748996317,-0.013471872736858154,-0.0008979546971585698,-510.1935405744906,-372.83485626109143,143.22975678358702
595,0,-0.1496793519314475,-0.05686969966701391,0.15448680207395157,-545.4189484325038,-404.76002904024455,474.96982080628703,-0.5461515083947434,-0.06143910765067894,0.28995888849278184,-524.2002615173199,-594.3566816772463,812.2113732413944,-0.4501998440287764,-1.2037451012633038,-0.7217530285547054,-751.6447428384291,-596.0433941191362,278.0429312901782,1.798583271366215,0.5920644209385787,3.6324888458060487,-707.3710493349435,-410.7526232904962,147.43567490473635,-0.09173364811888761,-0.06828250990466085,0.07898327954117525,-663.5255064859241,-446.34100551748327,466.3052333465835,-0.27241580418427874,0.3643492857822464,1.1406384379565189,-281.05117482211733,-310.5553411942031,467.9121354972871,-0.5274437191947139,-0.11384091216314585,1.3212590493023026,-313.5123815425656,-38.39492993321597,439.38151524707337,-0.1060667520596984,-0.11621385884337769,0.16277414671684945,-397.9880017908767,-415.18418417255197,473.1905558157266,-0.19433187401927327,-0.013509243974344208,0.002965711948215391,-510.39487381915586,-373.0623989002542,143.2991369326644
596,0,-0.14841306405387777,-0.056638766718846795,0.15553207782299236,-545.5653938879115,-405.2299437758064,475.01062737198544,-0.5481788737080426,-0.06266656624612688,0.291309808908417,-524.01740849597,-594.290433888796,812.2131176677036,-0.4487317016078023,-1.2058573249409945,-0.7168825240610892,-751.0178102620713,-597.7347984258695,277.9728632219764,1.8055828497733175,0.5930410417570113,3.63227762345526,-707.2242107587243,-412.2459418681598,147.53143325675114,-0.09257681411711988,-0.06867765211290552,0.0809988864803577,-663.5526708133657,-447.1919510848827,466.26543901623035,-0.2696723500178669,0.36551772185846854,1.144965540149322,-281.9875784893709,-310.15577185844376,467.9517143677325,-0.5289155680025879,-0.11531201102344425,1.3177213028360029,-314.1266225366448,-37.94372136910127,439.7112645313842,-0.10441541206570425,-0.11677894078078296,0.1670322155186357,-398.24558449139806,-415.2710167359873,473.1910708070324,-0.19422143050425533,-0.01360138714978127,0.006542862745505984,-510.5671363344611,-373.2877389775233,143.36296218156045
597,0,-0.14720944660499405,-0.05643098076047066,0.15643535577436665,-545.684788236548,-405.6911106589813,475.050489596428,-0.550196970322955,-0.06382661597739843,0.2925446648609625,-523.8418187413816,-594.2215784124427,812.2190612803545,-0.4473329759472299,-1.2078886185280673,-0.7126103299901655,-750.3964778647282,-599.2761650077399,277.89756107891174,1.8114116304844199,0.5943394031009922,3.6324258376703167,-707.0754483313372,-413.584296528502,147.64503965992677,-0.0932621625537249,-0.0689897790125083,0.08276411764788139,-663.5625436940127,-448.0047403926345,466.22779613325037,-0.2667127542941923,0.36714253258310825,1.1487720599916122,-282.78495522706453,-309.8625782859371,467.91170321775434,-0.5296018695499058,-0.11672279070750492,1.3149820311006526,-314.75616568055074,-37.63197678062809,440.01938908010817,-0.10304257293282873,-0.11711126519904745,0.1707789515714981,-398.4445149826922,-415.37873972414764,473.1856258820611,-0.19412920168771483,-0.013767238043871208,0.009828180214677141,-510.70927339492226,-373.5108875059276,143.4212807299247
598,0,-0.14607780219164376,-0.05625346595852221,0.15721044615500676,-545.776942280701,-406.14245125345985,475.0896177249654,-0.5521945358999643,-0.0649253399531001,0.2936622386625663,-523.6720085300265,-594.1514744225838,812.2292136790222,-0.44600409435085864,-1.209830971650246,-0.7089312154150156,-749.7844762238803,-600.6695834176951,277.81942318067536,1.8160156324347638,0.595950303961925,3.6329732018878187,-706.9311422273847,-414.76781246868927,147.78309311744022,-0.09379614264964503,-0.06923225668730525,0.08430369727273676,-663.5553016844375,-448.77837978454204,466.1930554981112,-0.2636272153540405,0.36909769234294704,1.1521112007311294,-283.45089975371036,-309.6642586690515,467.8132200149222,-0.5296013175447363,-0.11811940506955368,1.3130163481258532,-315.40158059949965,-37.44313056255525,440.31541983019923,-0.10192153711845074,-0.1172621653558826,0.17404789816260893,-398.58861925826625,-415.5071487540889,473.177650617515,-0.19405564261480085,-0.014026972498244814,0.012821066093401135,-510.82056865761405,-373.7319593642818,143.4741117541552
599,0,-0.14502523845130844,-0.05611130884837429,0.15786906816931143,-545.8419000642416,-406.5830137287244,475.12821441829163,-0.5541599253914149,-0.06596944926059611,0.2946613453867024,-523.5065548905335,-594.0814048406324,812.2434221910754,-0.4447447181276514,-1.211678463946101,-0.7058299418723689,-749.1852915543203,-601.9191263810927,277.7408689073836,1.8193681044932553,0.5978498165477666,3.6339495345128237,-706.796890186119,-415.7988490821664,147.95172141570112,-0.09418804838660075,-0.06941820921204044,0.08564285833152813,-663.531229693469,-449.51215454341434,466.1618640735404,-0.2604982564683402,0.37126581707462925,1.1550359346805694,-283.9944600339582,-309.54974334571585,467.6758749021767,-0.5290109523167902,-0.11954346887081141,1.3117858797340956,-316.0625201048471,-37.361191876460026,440.60823404772265,-0.10102320262729707,-0.1172800550599503,0.17687430111994537,-398.682081115957,-415.6558733874097,473.17016662709534,-0.1940015694963129,-0.014401339758998688,0.015525406488331497,-510.90065727777926,-373.9511590271236,143.52144432540047
600,0,-0.14405679881760972,-0.056007687367398064,0.1584208877712864,-545.8799555156057,-407.0119846382408,475.1664674444351,-0.5560814936942007,-0.06696596773178272,0.2955409597679586,-523.3441315883427,-594.0125586915962,812.261394790638,-0.4435537621128461,-1.2134278032290993,-0.7032819640204844,-748.6021128722325,-603.0307193204852,277.6642871516329,1.8214686507176527,0.6000007601956792,3.6353742583149673,-706.6773644520754,-416.6819263733071,148.15641236237255,-0.09444966527461322,-0.06956023405502491,0.08680692862145407,-663.4907348841209,-450.20564747425277,466.1347498049402,-0.25739916392247636,0.37354003928219687,1.157598272262143,-284.4258403402561,-309.5085040851533,467.51749761793536,-0.5279246366230578,-0.12103087185216134,1.3112405883624187,-316.73779614974814,-37.37093279578862,440.9059776195122,-0.10031687971468814,-0.11720965825059852,0.1792943797770272,-398.7293540812898,-415.8243919146816,473.1657521485646,-0.19396799476149515,-0.014910911206545127,0.017949189143665358,-510.94953096762146,-374.16876448149725,143.5632406817914
601,0,-0.1431756198210586,-0.055944045118979976,0.15887360319773333,-545.8916617797887,-407.4286984212651,475.20454338973013,-0.5579479724745312,-0.06792189945454591,0.2963003580795732,-523.1835427254164,-593.9460153688132,812.2827253218632,-0.4424294326764613,-1.2150787494151827,-0.7012543516141323,-748.0377904830257,-604.0119663750705,277.59198661264475,1.822341662694164,0.6023547765752811,3.6372561505369796,-706.5762053961206,-417.42359262909287,148.40186520562804,-0.09459489789177007,-0.06967017205695002,0.087820946149208,-663.4343571069583,-450.85875088620236,466.11211076279585,-0.2543929100032321,0.375825289566622,1.1598485611564497,-284.75609589785375,-309.53064787195297,467.35393167516776,-0.5264318213256195,-0.12261076611657785,1.311320803375571,-317.42547739746755,-37.458050002742596,441.21599521568356,-0.09977111845539252,-0.11709139595202786,0.18134464791205757,-398.7350743608067,-416.01204979400467,473.1665218959488,-0.19395596272205112,-0.015575265818864691,0.02010399385234583,-510.96753512340325,-374.3851097837972,143.59944390828935
602,0,-0.1423831052125009,-0.05592030020260116,0.15923307063245493,-545.8778329577929,-407.8326444917344,475.2425825223763,-0.5597488339631929,-0.0688438900413035,0.2969392703267712,-523.0237526306091,-593.8827315674158,812.3069203645132,-0.4413692868226622,-1.216634387121162,-0.699706894877602,-747.4948062179237,-604.8719382670935,277.5261488035097,1.8220341660720276,0.6048548560387474,3.6395933479759655,-706.495954464603,-418.03223795102446,148.6918668064087,-0.09463938295384644,-0.06975893466148714,0.08870931309215871,-663.3627753435546,-451.471671568816,466.09420898787727,-0.25153154313728804,0.37803901448838056,1.1618348307834883,-284.99682857999306,-309.60699336181915,467.19889553335685,-0.5246166066177312,-0.12430478899484135,1.3119593748398128,-318.12300341686574,-37.60929715816596,441.544770139217,-0.09935451641216392,-0.11696093525222125,0.18306129817662928,-398.7039768661386,-416.21808086588595,473.1741216598022,-0.19396639211583316,-0.016412138269205442,0.022004380798091836,-510.9553583702766,-374.6005667157126,143.62998969390466
603,0,-0.14167910982747,-0.05593507791957831,0.15950346363082654,-545.8395382878756,-408.223471765305,475.28069490080827,-0.5614746329198234,-0.0697378938727281,0.29745803630536727,-522.863910844475,-593.8235315614703,812.3334270101734,-0.4403703151681608,-1.2181012165996516,-0.6985933522022415,-746.9752553261317,-605.6209285754697,277.46878445636713,1.8206131998547854,0.6074381318756945,3.642373602132692,-706.4380273510391,-418.5178604500724,149.0291963139993,-0.09460009139636226,-0.06983638737478734,0.08949549232471746,-663.2768098382514,-452.0449285264571,466.0811691112892,-0.24885600922349882,0.38011139126514726,1.1636021981461284,-285.15989254932776,-309.72912888608823,467.0639087816518,-0.5225570878365322,-0.1261265699845336,1.3130838725233591,-318.82730993471955,-37.81258607083358,441.8978753198247,-0.09903647898291211,-0.11684889959173654,0.18447965993023951,-398.64081608750655,-416.44163034737045,473.1897366644616,-0.19399993121466072,-0.017436559693821664,0.02366720436752871,-510.91401508824134,-374.81552600659586,143.65482146632576
604,0,-0.14106212840656285,-0.055985956828417414,0.15968746078877608,-545.7780890952164,-408.6009904568513,475.31895780092833,-0.5631173166017055,-0.07060886037175296,0.2978577577415342,-522.7033711948958,-593.7691013651555,812.3616607288868,-0.43942905171646324,-1.21948904124809,-0.6978627971979983,-746.4808394908753,-606.2701859550556,277.42169381957285,1.8181628536600953,0.6100387498153105,3.6455747702154415,-706.4027266421888,-418.89179368755475,149.41556116327263,-0.0944949222673166,-0.0699112849978741,0.09020174355790345,-663.177419817767,-452.57934344479366,466.0729815314675,-0.24639635457888054,0.3819851221983829,1.1651923509718303,-285.25711783340313,-309.8894516191731,466.9582794235671,-0.520324960318209,-0.12808155393365206,1.3146187577440016,-319.53495932512544,-38.05705584287874,442.27993651160773,-0.09878790923464498,-0.1167807346983007,0.18563373698595118,-398.5502932725175,-416.6817785373755,473.2141122546151,-0.1940568302624672,-0.018660024671611215,0.025110881667585606,-510.84482167912023,-375.0303785969729,143.6739078896116
605,0,-0.14052948620650632,-0.05606971828521761,0.15978645660045854,-545.6950191142591,-408.96517098051544,475.35741450851583,-0.5646704918565246,-0.07146045274135958,0.29814043805204077,-522.5417042042865,-593.7199871374535,812.3910324120698,-0.4385417128214961,-1.220810641119876,-0.6974610216392676,-746.0128700761314,-606.8316305603408,277.38643118985317,1.8147810905191413,0.6125906348751073,3.6491655197877106,-706.3892916997763,-419.16640520160985,149.85156617471952,-0.09434229115384257,-0.06999125152777004,0.0908488900566238,-663.0656969247349,-453.07602411857437,466.0695096737564,-0.24417225181235636,0.3836149034347616,1.166643122806582,-285.30005864725797,-310.08118822738595,466.88914676688137,-0.5179853462033154,-0.13016715395906328,1.3164874629424326,-320.24227070810844,-38.333110226441605,442.6946084491176,-0.09858180880666763,-0.11677672003275807,0.18655582856221045,-398.43699102550585,-416.9375641544667,473.2475851129884,-0.19413683490434056,-0.020089720650367637,0.02635464545767076,-510.74936751559835,-375.24549741635616,143.68726148421564
606,0,-0.14007752901214807,-0.056182590798030466,0.15980079061541097,-545.5920590589566,-409.31613982644944,475.39607446085773,-0.5661296385445503,-0.07229481241968214,0.29830910117100967,-522.3787023493231,-593.6765979717376,812.4209736114394,-0.4377043660652999,-1.2220812352254773,-0.6973319519317345,-745.5722803970385,-607.3175633776757,277.36427394572667,1.8105764802098834,0.6150300086982773,3.65310621905552,-706.3959822218703,-419.3547766778862,150.33671640496559,-0.09416071632960213,-0.07008279616290765,0.09145610409865725,-662.9428547051336,-453.53634135250564,466.0705006519917,-0.24219378504631736,0.3849666638616635,1.1679881720243852,-285.29977191351514,-310.29839792697936,466.861573212683,-0.5155967983925487,-0.13237322754044928,1.3186143220185267,-320.94544465447706,-38.632424476867165,443.1445645829792,-0.09839377643159315,-0.11685211171687156,0.18727623361747875,-398.3053161201168,-417.208006282281,473.29012294476445,-0.19423910308816766,-0.021727857721734682,0.02741781036614497,-510.6294816790266,-375.461220131195,143.69495700408078
607,0,-0.13970181024618408,-0.05632048202173505,0.15972998995396662,-545.4711065660263,-409.65417237936134,475.43491462595364,-0.5674922594962868,-0.0731123816518624,0.29836788124898844,-522.2143779967395,-593.6392129760883,812.4509589977318,-0.4369131269245435,-1.223317749686722,-0.697419039357383,-745.1596455494929,-607.7403772969286,277.3561963528123,1.8056649591007121,0.6172975479423107,3.657349981361301,-706.4201908252123,-419.47037653945364,150.8694532021599,-0.09396840652441914,-0.07019135662343043,0.09204070050659592,-662.8102146773226,-453.96190013578865,466.07559852017584,-0.2404624297098685,0.3860166632071314,1.1692567726623986,-285.2666299509789,-310.5359593578428,466.878677415659,-0.5132114333792591,-0.13468284948033749,1.3209263034745176,-321.64067840157753,-38.94792398651943,443.63150099931306,-0.09820239547950489,-0.11701739980220534,0.18782303576871454,-398.1594510272703,-417.49212401127255,473.3413704334407,-0.19436214676712982,-0.023571137011442263,0.02831907922251385,-510.487196718753,-375.67783328708435,143.69714817944262
608,0,-0.13939727262481477,-0.05647919275969175,0.15957302005390586,-545.3341928287965,-409.97968277212044,475.4738819080947,-0.5687579593063137,-0.07391179492983696,0.29832207592249216,-522.0489541553507,-593.6079923250074,812.480525166595,-0.43616437749916354,-1.2245379226968611,-0.6976665882028146,-744.7752081910766,-608.112278512823,277.36284847571125,1.80016671654202,0.6193401117897152,3.6618438309003305,-706.4585791562537,-419.52673549480585,151.4472217266424,-0.09378285486608373,-0.07032136168023628,0.09261793152700509,-662.6691896580718,-454.3545061608245,466.08435926555705,-0.23897216403695828,0.38675052673986715,1.170473719879491,-285.2101697763958,-310.78954302475233,466.9418008403438,-0.5108751453897358,-0.13707333831630336,1.3233545086111693,-322.3242684889517,-39.2737378422559,444.15615507661704,-0.09798950645726646,-0.11727866064029105,0.18822196342384806,-398.00331439873224,-417.7889530257389,473.4006992856813,-0.19450379871381696,-0.025610394660955386,0.029075913349220807,-510.3247107088296,-375.8955582310603,143.69408149587738
609,0,-0.13915842149862376,-0.05665460875473898,0.15932853831010554,-545.1834473403875,-410.2932110094741,475.5128963069953,-0.5699284475171028,-0.07468984752792228,0.2981781574986093,-521.8828485071093,-593.5829917725414,812.5092851216114,-0.4354549978797661,-1.2257592896719856,-0.6980209903948127,-744.4189086768399,-608.4450262322116,277.38454061876246,1.7942032871346394,0.6211120017840432,3.6665299566303404,-706.5072315018972,-419.5371349570113,152.06656706755757,-0.09362044396038381,-0.07047630589188815,0.09320078123572033,-662.5212651130335,-454.71612896922727,466.0962667480487,-0.23771065387721793,0.387162279232503,1.171659347256573,-285.13897996636206,-311.05557128726895,467.0506996344719,-0.5086278587539094,-0.1395174802995013,1.3258354085519048,-322.99269872100314,-39.605131076523406,444.71833922960064,-0.09774036448408217,-0.11763798407172829,0.18849631783350887,-397.8405305070641,-418.0975585785532,473.46726032088094,-0.1946612039458999,-0.027830455012002386,0.029703986937666987,-510.1443488099801,-376.1145391596461,143.68610582125015
610,0,-0.13897948677614547,-0.05684286727550668,0.15899514508020102,-545.0210621643502,-410.5954077261978,475.5518545610298,-0.5710074658183583,-0.07544154592998242,0.2979437388562958,-521.71665149452,-593.5641799698855,812.5369380352133,-0.43478259756142423,-1.2269981021407312,-0.6984318399178051,-744.0904180912513,-608.7496977252539,277.4212337954325,1.787894906594579,0.6225757488582181,3.6713470230607834,-706.5618196131767,-419.5143173097126,152.72325508322467,-0.09349606732922182,-0.07065883068511959,0.09379976231461935,-662.3679793271908,-455.0488631248313,466.1107489079701,-0.2366604589095879,0.3872534240545958,1.1728296479423084,-285.06062463216205,-311.3311680071482,467.2037539381942,-0.506503782893382,-0.14198488774628668,1.328311806120466,-323.6427123277867,-39.93841972792269,445.31698971233874,-0.09744368544663629,-0.11809395495348175,0.18866696052731302,-397.6744074237097,-418.41704451486925,473.5400357860898,-0.19483083462136305,-0.030210220700537,0.03021674130817864,-509.94852537601935,-376.3348335937148,143.67367690882702
611,0,-0.13885457027995257,-0.057040496527058795,0.15857162633007743,-544.849257058427,-410.88701704229845,475.590634067836,-0.5720006430490853,-0.07616024059883539,0.2976274939169519,-521.5510995287444,-593.5514578237235,812.563274182295,-0.43414573205452917,-1.2282682413192658,-0.6988529048020666,-743.7891729148882,-609.0364845718711,277.4725367754689,1.7813581693790348,0.6237024497110771,3.6762315101968834,-706.6177724476152,-419.470225820809,153.41241326887734,-0.09342277287028744,-0.07087080690451329,0.09442272216773313,-662.2109031607428,-455.354888816048,466.12719371317525,-0.23580021613840113,0.38703209531275373,1.1739964874915376,-284.98160282498225,-311.61409999234604,467.3981871938941,-0.5045316434553402,-0.14444342568130866,1.3307335204700497,-324.27136809571505,-40.270872900795716,445.9502299556285,-0.09709158790265923,-0.11864216889214621,0.18875235095602086,-397.50792352008125,-418.7465582471185,473.6178903450518,-0.19500852667171015,-0.032723018444212264,0.03062505000009093,-509.7397074132018,-376.5564055299005,143.65735609736157
612,0,-0.13877777570762354,-0.05724452675978168,0.1580571819707781,-544.6702466086955,-411.1688580400599,475.6290969651058,-0.5729152853146977,-0.0768378364282654,0.29723903581943223,-521.3870446220974,-593.5446790593835,812.588175219698,-0.43354408857860066,-1.2295801916769744,-0.6992429390047049,-743.514410276716,-609.3145245972296,277.5377102781915,1.7747040094017206,0.6244716972384701,3.6811190593087373,-706.6704447792496,-419.4157806419605,154.1286863396721,-0.09341143510134627,-0.07111341481283463,0.09507466906240142,-662.0516200836958,-455.63643318157534,466.1449644738249,-0.23510576493570393,0.3865122932532051,1.1751678933510747,-284.9073406411046,-311.90271231207333,467.6302886551656,-0.5027348727240422,-0.1468606412106657,1.3330578028976914,-324.87608101935933,-40.60060587341178,446.61544736869496,-0.09667944082320098,-0.11927576279700153,0.18876862504297132,-397.34372170662397,-419.0852918396763,473.6996194665547,-0.1951895358246414,-0.03533720694441088,0.03093700039260768,-509.52037995752295,-376.77912146601824,143.63780289598284
613,0,-0.1387433191530166,-0.05745257264172278,0.15745163376707863,-544.4862103033277,-411.4418054178212,475.66709433383335,-0.5737601110736137,-0.07746507095320167,0.29678875894869716,-521.2254219167746,-593.5436711150671,812.611610224692,-0.4329786243973062,-1.230940140744218,-0.699566321515396,-743.2652029566196,-609.5917725389809,277.6156788689119,1.7680360105348407,0.6248711676779646,3.685945804696474,-706.7152791316181,-419.3606958173492,154.8664008221003,-0.09347046487905461,-0.07138721836976626,0.09575763229476764,-661.8917070842372,-455.8957334545848,466.16341430120775,-0.23455118639773181,0.3857131976640282,1.1763484042241714,-284.8422124579976,-312.19585941872015,467.89563305141706,-0.501131752133141,-0.14920513323075849,1.335249500974689,-325.4546486234851,-40.92646803540554,447.3093820144546,-0.0962056296928892,-0.11998594208118679,0.1887297057065465,-397.18411068845774,-419.43247961501,473.7839941999999,-0.19536861005844391,-0.0380170372469676,0.031157792237696397,-509.2930137304419,-377.0027494500844,143.61576157341307
614,0,-0.13874561927171353,-0.0576628870078455,0.15675560669895355,-544.2992662073104,-411.70676987894694,475.70447053302325,-0.5745449426744338,-0.07803184611725192,0.2962876530214133,-521.0672166488106,-593.548255493941,812.6336280955295,-0.43245164206029185,-1.2323492684187776,-0.6997935157774737,-743.0404935020524,-609.8749110242917,277.7050510595289,1.7614490412197783,0.6248959401606633,3.690649673460874,-706.747956228683,-419.31334060850924,155.61973277868645,-0.09360556764530534,-0.07169223157432306,0.0964705728656325,-661.7327169300879,-456.1350027808894,466.18189961266233,-0.23410973817075076,0.38465854268345,1.177539462024376,-284.78958713708806,-312.49283384584,468.1892921845887,-0.499735509721608,-0.15144780544952358,1.33728099489117,-326.0052644903168,-41.24792910747678,448.02822512905846,-0.09567125500010652,-0.12076248820510421,0.18864743714052234,-397.0310724174484,-419.78739291712617,473.86980156333755,-0.19554007505210413,-0.04072373617278331,0.03128974856990401,-509.06003531151674,-377.22696124118136,143.59204234953273
615,0,-0.13877936735081267,-0.05787438650753985,0.15597067794626296,-544.111448615822,-411.9646787949478,475.74106768531766,-0.575280366776455,-0.0785275971476856,0.29574709796434734,-520.9134320321144,-593.558266743743,812.6543470487828,-0.43196678790170195,-1.2338032816036062,-0.6999013486002333,-742.8391269846582,-610.1693020200643,277.80414798636826,1.7550281980876266,0.6245476314449311,3.695171635919951,-706.7645300473883,-419.28064679260746,156.38287284501925,-0.09381956324950061,-0.0720279757205104,0.0972093621015386,-661.5761621300262,-456.3563993561287,466.19979267726416,-0.23375467393742141,0.3833760300625911,1.1787398299380467,-284.7518947053938,-312.7932941054396,468.50603406412483,-0.49855438544799957,-0.15356295318638144,1.3391319349204192,-326.5265207171523,-41.56496673364899,448.7677251319927,-0.09507977764932299,-0.12159423288781582,0.18853173557139147,-396.8862748593521,-420.14933283465234,473.95587997703,-0.1956979289920451,-0.043416761168752385,0.03133243042762222,-508.8238000431215,-377.45133755503906,143.5674982816573
616,0,-0.13883957842135275,-0.05808664997090761,0.15509948832667683,-543.9246897912531,-412.2164576404972,475.7767303166837,-0.5759773765360306,-0.07894168196786056,0.29517864741467775,-520.765059383541,-593.5735693184131,812.6739420163224,-0.43152896392800383,-1.2352922379347626,-0.6998731131740769,-742.6598820508732,-610.4789775847887,277.91104080873913,1.7488480373186117,0.623833429117101,3.6994568892091033,-706.7615444973742,-419.26806197372804,157.15018301989144,-0.09411228117358325,-0.07239352744656018,0.09796684442846637,-661.4235007985719,-456.56199938833095,466.2164932502865,-0.23345994403304637,0.3818967559381563,1.1799460220684075,-284.7307089599789,-313.0971933004628,468.84050599146735,-0.49759168615022725,-0.15552914391777728,1.340788812342343,-327.0174010828477,-41.877958127251105,449.5232985626451,-0.0944366255748414,-0.12246948861029577,0.18839075022651883,-396.7510891683481,-420.51762177555935,474.0411493608822,-0.1958359432856896,-0.046055153840810034,0.03128284404630499,-508.5865679252027,-377.67537618519736,143.54299938043832
617,0,-0.13892162492215646,-0.05829989059510602,0.15414581205733122,-543.7408056545588,-412.4630126348946,475.81131012349095,-0.5766470084218569,-0.07926377577595829,0.29459380703416105,-520.6230515777198,-593.5940716974378,812.6926307519366,-0.4311441486580419,-1.2368006859961624,-0.699698504889409,-742.5015000465022,-610.8066675025799,278.02359661884765,1.7429720691651336,0.6227651009220517,3.7034559556744364,-706.7361296823732,-419.27954740341164,157.91634009982042,-0.0944805439655972,-0.07278755831702215,0.09873299696970433,-661.276124481996,-456.75377430714906,466.2314393584258,-0.23320077966181502,0.3802546273186166,1.1811527326563007,-284.7268415656939,-313.40470987984736,469.18739877233753,-0.49684585819440835,-0.15732986242217253,1.342244398025963,-327.47726668781775,-42.187577993205984,450.2901432668802,-0.09374877526526015,-0.1233764286485593,0.1882310292849463,-396.6266103670204,-420.89159479149214,474.1246356749143,-0.19594776634046143,-0.04859890601083729,0.031135727797390912,-508.35048278574675,-377.89850260224415,143.5194057691672
618,0,-0.13902125437710341,-0.05851490343079835,0.1531145820463512,-543.561485128778,-412.7052149399077,475.8446708059114,-0.5772999859916613,-0.07948425703810741,0.2940038122258264,-520.4883006647274,-593.6197372876877,812.7106594131743,-0.43081912906338987,-1.2383081299253058,-0.6993734016273274,-742.3627121310462,-611.1538602420245,278.1395321700522,1.7374524901026893,0.6213580470079428,3.7071256760460263,-706.6860765811931,-419.3176173696019,158.6764612626218,-0.09491824876602603,-0.07320836734024407,0.09949519347226181,-661.1353478729011,-456.93357255272474,466.2441172776814,-0.23295416754213208,0.37848574788813116,1.1823532553588318,-284.74044347061425,-313.71618185715624,469.54158996516435,-0.49631060871913396,-0.15895390285052613,1.3434970830725852,-327.9058357934828,-42.49470447045353,451.06335112819124,-0.09302432141877288,-0.12430341330747782,0.188057686607837,-396.5136806634558,-421.2705914744119,474.20548983603976,-0.1960270284618816,-0.05101025206861799,0.030883905895576984,-508.117554945374,-378.1200825312727,143.49754171892363
619,0,-0.13913459246253448,-0.058732990193366065,0.1520118694246413,-543.388282732152,-412.94388666340785,475.87669286930236,-0.577946381932915,-0.07959457275398892,0.29341940870237826,-520.3616202331544,-593.6505918011169,812.7282882985688,-0.43056115278459695,-1.23978980521335,-0.6988995029199225,-742.2422644024542,-611.5208927175297,278.2564741332281,1.7323301279806658,0.6196304470305193,3.710430075928139,-706.609889801318,-419.3834159229324,159.42620804624912,-0.09541655237706993,-0.07365390832721161,0.10023857441667562,-661.002400238767,-457.1031061396509,466.2540706990112,-0.2326992245653393,0.3766277579338208,1.1835398851798458,-284.7711097989987,-314.0320456572907,469.8982647746616,-0.4959751055225382,-0.16039550190979915,1.3445501545675786,-328.3031595261822,-42.80033438238323,451.8380176810652,-0.09227204784875856,-0.1252392618352051,0.18787456602124344,-396.4129145891265,-421.65394910185705,474.2830010791725,-0.19606744686669178,-0.05325481468397813,0.030518696252699637,-507.88964742500593,-378.3394360257482,143.47817215222108
620,0,-0.13925813310951105,-0.058955864104032425,0.1508448176349491,-543.2226139864407,-413.17978881371033,475.90727825386284,-0.5785953083281156,-0.07958757238666067,0.29285063885599794,-520.2437328667099,-593.6867269807847,812.7457783028331,-0.430377516587399,-1.2412177308821886,-0.6982838455389605,-742.1389410698922,-611.9070636175146,278.37202393956494,1.7276345777853992,0.6176025376612211,3.713341083738142,-706.5068187704011,-419.4768256256804,160.16186580787223,-0.09596415991991325,-0.07412181431577301,0.10094651974256799,-660.878418334769,-457.2639419992998,466.2609090121533,-0.23241748356785807,0.37471911973316263,1.18470429728288,-284.8179847739341,-314.3527805392476,470.2530138730892,-0.495824280830654,-0.16165421989477943,1.345411036961427,-328.6695950041231,-43.105508675887585,452.6093460473283,-0.09150101317912797,-0.12617347148173208,0.18768440083020616,-396.3247251987939,-422.0409975084812,474.3566049513275,-0.19606293062202912,-0.05530255191060947,0.030030360409015352,-507.6684655465202,-378.55585264681315,143.46198280913427
621,0,-0.13938871796974406,-0.059185538168551946,0.149621533138724,-543.0657532273905,-413.4136112566134,475.93635461024144,-0.5792546437786403,-0.07945780131902333,0.29230663709705906,-520.135262824483,-593.7283007255627,812.7633785143535,-0.43027511299063315,-1.24256198190585,-0.697538216442716,-742.051585632902,-612.3107646406278,278.48382467223104,1.7233845085476307,0.6152960407465465,3.7158390789874485,-706.3768682918001,-419.5966022081124,160.88039665779854,-0.09654771107658316,-0.07460942131347435,0.10160121528117759,-660.7644405726376,-457.41749788551823,466.26431456934523,-0.23209310190114435,0.37279834695661945,1.1858378980883038,-284.8798636613862,-314.6788592918044,470.60190806627514,-0.4958392556653748,-0.16273458932359885,1.346090526367643,-329.00577726857364,-43.41124857212121,453.37274279064184,-0.09072016548367255,-0.12709638642621549,0.18748896707265184,-396.24935062869025,-422.431055936578,474.42588622964837,-0.19600768598771656,-0.057128475823797015,0.029408584184952558,-507.4555496311292,-378.76860744989966,143.4495648264149
622,0,-0.13952350833472477,-0.05942420090033518,0.14835093674102912,-542.9188334576381,-413.64596465991775,475.9638790048298,-0.5799308049411568,-0.07920174610693591,0.2917954381945944,-520.036733869309,-593.7755338264723,812.781315240184,-0.430259961570673,-1.2437921067752353,-0.6966784865872446,-741.9791199034817,-612.7296238254299,278.5896270701845,1.719588124544069,0.612733749235091,3.717913251530504,-706.2207897595686,-419.7405285731024,161.57946480753995,-0.09715225141775166,-0.07511379327361165,0.1021842983366672,-660.6614022605726,-457.56504242291413,466.2640487390706,-0.23171300410243734,0.37090318406178663,1.1869321448710033,-284.955289213317,-315.0107056576525,470.9415502989992,-0.4959978903569108,-0.16364556321728121,1.3466020414230906,-329.31259114376064,-43.718502633425075,454.123903485471,-0.08993799996632977,-0.12799932014790386,0.18728922973017348,-396.1868803617671,-422.82343189575994,474.4905771425777,-0.19589632318933362,-0.05871313244790563,0.02864297869650269,-507.25227044471126,-378.97697753557844,143.4414040603497
623,0,-0.1396599529626297,-0.05967408393931449,0.1470425816021372,-542.7828479471463,-413.8773743750322,475.9898408279536,-0.580628569137456,-0.07881802516608179,0.2913238038563141,-519.9485719728467,-593.8287036611912,812.7997826297234,-0.43033675406975247,-1.2448786023611127,-0.6957238899327034,-741.9205606066082,-613.1606552235309,278.6873516256686,1.7162437650677087,0.609939266369267,3.719561755356216,-706.0400545019571,-419.9055815324463,162.2574342149318,-0.09776176989806053,-0.07563174955859324,0.10267756202742255,-660.5701317834838,-457.7076987142812,466.2599565438474,-0.23126696841172673,0.3690697491913293,1.187978830726927,-285.042640614383,-315.34865873280245,471.2691060101528,-0.49627545433293274,-0.1643998050515421,1.3469609103776254,-329.59114382618714,-44.028104661111044,454.8588860366791,-0.08916227221298006,-0.12887463553412556,0.1870854816002741,-396.13728060307926,-423.2174218698057,474.5505513521343,-0.19572396603916212,-0.060042848851158064,0.0277235926029503,-507.0598270641441,-379.18025893467984,143.43787511783015
624,0,-0.13979575499462896,-0.05993732634856859,0.14570644591700557,-542.65865334814,-414.10827619592715,476.0142637041212,-0.5813509537243436,-0.0783075199151519,0.29089707386638053,-519.8711124423994,-593.888135288385,812.8189349994778,-0.4305084427894666,-1.245794355143306,-0.6946962709677865,-741.8750332389131,-613.6004094256076,278.7751440251117,1.7133406262006088,0.6069368828716105,3.7207916450674734,-705.8368107440587,-420.088104939106,162.91333934183754,-0.09835977829560864,-0.07615989532889061,0.10306369263386246,-660.4913476412099,-457.8464508225615,466.2519696985917,-0.23074766423668558,0.36733166184499905,1.1889703324570327,-285.140213479377,-315.69294440617256,471.5823133117704,-0.49664539590063006,-0.16501286898179837,1.347183709784083,-329.842738642687,-44.34074207413852,455.57417005733447,-0.08839977641313818,-0.12971578762511743,0.18687747471459326,-396.10041822931487,-423.6123135706852,474.6058142290386,-0.19548636591218527,-0.061109765896263796,0.026641427591166056,-506.87924691755325,-379.3777835828031,143.4392397642778
625,0,-0.1399288403740272,-0.0602158406413857,0.14435270961611374,-542.5469741408515,-414.33901393616696,476.03720626777584,-0.582099156609829,-0.07767344283446431,0.2905190486433727,-519.8046108497076,-593.9541904373332,812.8388809403519,-0.4307758998725933,-1.2465159643591144,-0.6936193220648739,-741.8417828439594,-614.0451199072226,278.85142171325515,1.7108595860674198,0.603751567374697,3.721618589157618,-705.6138256275168,-420.28398339459335,163.5468307767436,-0.09892990526443787,-0.07669465452311279,0.1033270098700548,-660.425656310968,-457.9821524079128,466.24010791590825,-0.23015064451152942,0.36571918457203156,1.1898998197339605,-285.2462899657579,-316.04365375090873,471.8794748792462,-0.49708018168253076,-0.16550232158068473,1.3472876657157813,-330.0688500619651,-44.65693418451229,456.2667009362495,-0.08765619395429888,-0.13051733417941153,0.18666454407683417,-396.0760828478548,-424.0073893699013,474.65649002481535,-0.19518002123905848,-0.06191168430758695,0.025388949677739435,-506.71138785414945,-379.56893611257016,143.44564916644563
626,0,-0.14005732929046413,-0.060511185783089526,0.14299152503167095,-542.4484082525726,-414.5698387595611,476.05876175717486,-0.5828725605773456,-0.07692134034550398,0.2901919098764262,-519.7492570033941,-594.027254904452,812.8596793002184,-0.43113767118930457,-1.247024875209737,-0.6925178299636896,-741.8201813642024,-614.4908408218149,278.91490999603013,1.7087741134233854,0.6004090382770146,3.7220663607635642,-705.37441367762,-420.4888113645951,164.15809842484896,-0.09945647722098294,-0.0772323045175023,0.10345417677500943,-660.3735509555552,-458.1155368202986,466.2244784088408,-0.22947429388151225,0.3642584158078913,1.1907614248331413,-285.3591985233717,-316.40072818348807,472.15943378392035,-0.49755216756246107,-0.16588685500552597,1.3472901242499864,-330.2710997465204,-44.977019595534784,456.9339176640543,-0.0869360136885467,-0.13127491904792363,0.1864457232058396,-396.0640065825349,-424.40193053461303,474.70280661427716,-0.19480230283872269,-0.06245175743174721,0.023960588361091193,-506.5569421880156,-379.75317015962753,143.45714931316235
627,0,-0.1401795114727269,-0.06082445245133743,0.1416327912835702,-542.3634336834181,-414.800910183662,476.07905647228966,-0.583668801964567,-0.07605902982643536,0.2899161849465192,-519.7051911000618,-594.1077248534887,812.881337154377,-0.43158984293283637,-1.24730826519642,-0.691416949154471,-741.8097312587071,-614.9335727108764,278.9646667149408,1.70705123909271,0.5969358814587314,3.7221661132043047,-705.1223531173664,-420.6980532796035,164.74777591353825,-0.0999250602285833,-0.07776901126660506,0.10343484370949144,-660.3354110478026,-458.24722800067696,466.2052735934928,-0.2287197310657881,0.3629705778552652,1.1915503730162995,-285.47736319148095,-316.76395119215755,472.42153574903284,-0.49803446007492347,-0.1661854367662782,1.3472080945170017,-330.4512332248372,-45.30115181868311,457.5737640930089,-0.08624252134860648,-0.13198523278069713,0.18621985062861685,-396.0638812914205,-424.795221945416,474.74507853847365,-0.194351584078191,-0.0627380663075865,0.02235321359869573,-506.4164426922731,-379.9300238361712,143.47368893559033
628,0,-0.14029382574266402,-0.061156165668150644,0.14028594130978322,-542.292415920383,-415.0322986541957,476.0982472237681,-0.5844839018541222,-0.0750964714997962,0.2896907592925756,-519.6725211156884,-594.1959924763694,812.9038098849578,-0.43212603215162343,-1.2473596421237816,-0.6903415187904852,-741.8100651430665,-615.369373573191,279.0000950839414,1.7056525710020063,0.5933596778925189,3.7219554542655904,-704.8617915217263,-420.90719100665626,165.3168307531711,-0.10032294075203349,-0.07830086379821428,0.10326219026167557,-660.3115029984987,-458.3777516118673,466.18276706965673,-0.22789066166873295,0.36187144829601475,1.1922630740944462,-285.5993426737815,-317.1329464717016,472.66558045712014,-0.4985017291696285,-0.1664165340877638,1.3470578651743708,-330.61109665473003,-45.62930213798876,458.1846840603323,-0.08557785223140335,-0.1326459542781199,0.18598566616140846,-396.07537301261664,-425.1865570530026,474.7836891095981,-0.1938273730433097,-0.0627831116201871,0.020566577312986712,-506.29027047111975,-380.0991339721276,143.49512929945226
629,0,-0.14039884402398548,-0.061506209504493856,0.13895974915770024,-542.2356158312289,-415.2639895744459,476.11651796139046,-0.585312455430375,-0.07404557747647347,0.28951293893207747,-519.6513404564244,-594.2924314112738,812.9270034770175,-0.4327375049203564,-1.2471791281617297,-0.6893154385380449,-741.8209413177905,-615.7944537610985,279.0209447928519,1.7045353363566926,0.5897091072481915,3.721477339991886,-704.5971425144648,-421.11185592146194,165.86644555683577,-0.10063952794258461,-0.0788239073944315,0.10293333097508318,-660.3019818429613,-458.5075458956974,466.15730803024036,-0.2269931764026886,0.3609709829164497,1.1928971756883988,-285.72385967179383,-317.5071823048141,472.89176459398897,-0.49893093864873794,-0.1665974422223045,1.346854693556764,-330.7526131298372,-45.961268736357255,458.7656015975982,-0.08494309853875465,-0.13325567694623044,0.18574189560106383,-396.098133526778,-425.5752429244173,474.81907233688037,-0.19323044177008342,-0.06260325336419319,0.01860370263085015,-506.17866451886516,-380.26024866866516,143.52125533206032
630,0,-0.14049325982902705,-0.06187377787328272,0.13766216351701727,-542.1931976215561,-415.49588867405635,476.13407580988604,-0.5861478727148473,-0.07291996198609087,0.2893785631510837,-519.6417448733298,-594.3973822392019,812.9507791012205,-0.4334134181769516,-1.246773420974349,-0.6883611168914353,-741.8422351990386,-616.2052541686093,279.0273019669211,1.703653438688395,0.5860139970284445,3.7207788157369412,-704.3329755691575,-421.3079436466718,166.397896162858,-0.10086666533333527,-0.07933417557232392,0.10244955680004092,-660.3068939685611,-458.6369718294876,466.12931430994286,-0.2260354898397973,0.36027317168262,1.1934515784486093,-285.8498211277878,-317.8859819344121,473.10061930360223,-0.4993019675184267,-0.166743736590043,1.346612565612691,-330.87775804852816,-46.2966911175761,459.3158881496156,-0.0843384607590713,-0.1338138228313167,0.1854873223752561,-396.1318090184335,-425.96060532536995,474.8516953950401,-0.19256294545633032,-0.062218123466690735,0.016471201391223912,-506.0817326242324,-380.41323766473994,143.55178764741518
631,0,-0.1405758810613226,-0.062257354452256414,0.13640017165634202,-542.1652363439724,-415.7278286130966,476.15114675732696,-0.5869826616847317,-0.07173463878297716,0.28928216506521653,-519.6438476591176,-594.5111383003174,812.9749599894783,-0.43414117368022515,-1.2461554405250201,-0.6874990025940836,-741.8739268407907,-616.5985080665101,279.0195690324106,1.7029585221790038,0.5823052911848067,3.719909639403739,-704.0739014768016,-421.4917103183451,166.912432728762,-0.10099884494724169,-0.07982772193133311,0.10181639405362672,-660.3261807764518,-458.76632222420517,466.0992643228235,-0.22502761724903833,0.3597761550443789,1.1939264133946006,-285.9763301134728,-318.268539484146,473.2929446641151,-0.4995981029327766,-0.166868858919106,1.346344023774877,-330.98853321837186,-46.63506889767498,459.83531925563716,-0.08376343114558468,-0.13432054846124186,0.18522084483799078,-396.17604590576826,-426.3419938767929,474.88204228835457,-0.19182852288076965,-0.06165003022633017,0.0141794991478237,-505.99946313369355,-380.55809999440527,143.58639512569871
632,0,-0.14064562682671855,-0.06265472352742758,0.1351796960780173,-542.1517243982568,-415.95957672792713,476.1679712376605,-0.5878087429218254,-0.07050567393996018,0.2892171754483592,-519.657792187578,-594.6339319996878,812.9993405177705,-0.4349068653522595,-1.2453436886174778,-0.6867472061072416,-741.9160849243783,-616.9712876619367,278.99843596947795,1.7024010390705244,0.5786149178812526,3.7189208290255693,-703.8244565928602,-421.6598499739072,167.41116972225913,-0.10103332153118541,-0.08030065389109262,0.10104347543698099,-660.3596830862457,-458.8958294690974,466.06768815602493,-0.22398099219331874,0.35947260621387683,1.194322981977911,-286.10269008829357,-318.65394077401703,473.46974367559557,-0.49980639275323535,-0.16698383874465272,1.3460600588895166,-331.0869395969401,-46.97578409759099,460.32402348160537,-0.08321699660740312,-0.13477664636246295,0.18494151832536262,-396.2304939783011,-426.7187874057952,474.91059926755725,-0.19103236831104392,-0.0609233671820122,0.0117429469243393,-505.93173697713326,-380.6949684229646,143.62470778176785
633,0,-0.14070152796168697,-0.06306301205179607,0.13400552446374914,-542.1525764719837,-416.19084382391304,476.18479982715814,-0.588617783426486,-0.0692498048346795,0.28917616304430227,-519.6837609248302,-594.7659217179563,813.0236972864145,-0.43569579493822325,-1.2443613670432325,-0.686121214164785,-741.9688477689397,-617.3210369698935,278.9648448365665,1.7019313164022185,0.5749755434409516,3.717863183385121,-703.5889894243197,-421.8095532937865,167.8949902342092,-0.10097012880735715,-0.08074917111095152,0.10014423165758307,-660.4071460195637,-459.02567169421025,466.03515808588463,-0.22290803482095103,0.3593503593129273,1.1946436605904387,-286.22840213302845,-319.041188211246,473.6321580623329,-0.4999178525456135,-0.16709714495801387,1.3457700610839272,-331.17494883836736,-47.3181261443565,460.78242653948104,-0.0826978481867934,-0.13518344626287057,0.1846485818088055,-396.2948070235817,-427.0903996744473,474.93784243384033,-0.19018126505698568,-0.060064033719275926,0.009179800136482692,-505.87833929573304,-380.82411021930267,143.66632971730283
634,0,-0.14074273125980807,-0.06347876151623215,0.13288127187706497,-542.1676324404796,-416.4212938998448,476.2018892387326,-0.5894015360049651,-0.06798403905381914,0.2891511026133485,-519.7219801317783,-594.9071794091218,813.0478018356928,-0.43649302601281137,-1.2432353182349862,-0.685633696897792,-742.0324020667522,-617.6455928611547,278.91994981304055,1.7015006155674326,0.5714202083667264,3.716785828781541,-703.3715533194569,-421.93854844463294,168.36446924744973,-0.10081200322320306,-0.08116961171967339,0.09913542546298033,-660.4682240366133,-459.1559771982016,466.00227876432785,-0.2218216885219669,0.3593932390569466,1.1948917728033943,-286.35315557985115,-319.42922884606946,473.7814079315988,-0.4999275278626963,-0.16721465792858653,1.345481823088457,-331.25447408628656,-47.661318866971435,461.21119350291207,-0.08220458488326969,-0.13554271976274246,0.18434146984430097,-396.36864113562564,-427.4562857014353,474.96422781285764,-0.1892835714401635,-0.059098870829184344,0.006512047394339892,-505.8389699946243,-380.9459239834481,143.71085198838102
635,0,-0.1407685078778316,-0.06389802642665059,0.1318093726562067,-542.1966578598842,-416.6505546505154,476.2194987511461,-0.5901521698644374,-0.06672524965933707,0.28913366036197463,-519.7727195980093,-595.0576789611791,813.0714344733315,-0.43728394354855066,-1.241994866830462,-0.6852944039568292,-742.1069601610237,-617.9431962152206,278.86507526477584,1.7010621736157538,0.5679818509642031,3.7157348458637713,-703.1758089052871,-422.04512514858783,168.819819494012,-0.1005642236145214,-0.08155850918707638,0.09803656055273459,-660.5424857471296,-459.2868270650113,465.9696772868098,-0.2207349484572867,0.3595820305078465,1.1950714342138848,-286.47681232013025,-319.8169846678393,473.9187370081162,-0.4998344179855256,-0.16733975043144958,1.3452015884012638,-331.3273406934494,-48.00454883461915,461.61117184948,-0.08173590102199278,-0.1358565917575161,0.18401981126200972,-396.4516508876367,-427.81594887925104,474.9901840055957,-0.18834915125783352,-0.058055113095116816,0.0037650757583255635,-505.8132525641664,-381.0609325178899,143.757865226783
636,0,-0.140778266950429,-0.06431649449510474,0.1307910980127594,-542.2393418311294,-416.8782285463141,476.23788715257086,-0.590862578231957,-0.06548978470136355,0.28911548539196485,-519.836286926655,-595.2172854322865,813.0943985556411,-0.43805478634409656,-1.2406706471886837,-0.6851101433631784,-742.1927367567132,-618.2124950215623,278.8016743693209,1.7005722105161005,0.5646927333424665,3.714752027205702,-703.0049394892851,-422.12814335590554,169.26086236758954,-0.10023437742295292,-0.08191266169233045,0.09686920463634503,-660.629418073134,-459.4182559614374,465.9379932998584,-0.2196604075437406,0.3598955200381926,1.1951873760757985,-286.5993850945979,-320.2033842550946,474.0453648064786,-0.4996412719625313,-0.16747346465567198,1.3449341359776914,-331.39525772574694,-48.34699441757266,461.9833377575964,-0.08129074853743516,-0.136127461158485,0.18368341649043468,-396.54348353461376,-428.1689490295054,475.016107336741,-0.187389242931892,-0.05695985716366342,0.0009671651475771988,-505.8007405707726,-381.1697720781222,143.80697182209838
637,0,-0.14077157579938282,-0.06472962242374154,0.12982659428480064,-542.2952921732168,-417.1039042465216,476.2573102091179,-0.5915266503830747,-0.06429310804313829,0.2890884955929483,-519.913016152022,-595.3857453672816,813.1165344898714,-0.43879312305749496,-1.2392934975088397,-0.6850848344130611,-742.2899259827294,-618.4525411088853,278.73129054798983,1.6999908827423669,0.5615837920213422,3.71387380975553,-702.861581972419,-422.1870280636481,169.68702504384223,-0.09983206567377566,-0.08222921429989458,0.09565626829722841,-660.7284293164278,-459.5502511785681,465.90786924350436,-0.21860984364803668,0.36031153995579757,1.1952447548167937,-286.7210102811691,-320.58739495259033,474.1624467447814,-0.4993542716062467,-0.16761477270504457,1.3446828927284329,-331.4597911998032,-48.687854962386915,462.32874770075506,-0.08086846803196614,-0.13635793257390905,0.1833322555617869,-396.6437714042843,-428.51491143919463,475.0423592471334,-0.18641626468849642,-0.05583954763084585,-0.00185118627428408,-505.8009213147867,-381.27317868971386,143.85779740243967
638,0,-0.14074818812681708,-0.06513278066804133,0.1289149363419177,-542.3640280162551,-417.3271680786904,476.2780185896856,-0.5921394982390855,-0.06314948546102231,0.2890451469801124,-520.0032508061684,-595.562678531859,813.137732719411,-0.4394882488154757,-1.237893486874279,-0.6852196240335782,-742.3986796978185,-618.6627819800194,278.65552337338016,1.6992831608452947,0.5586839400143401,3.713130417722139,-702.747775007136,-422.2217519289628,170.09736353308233,-0.09936855997425939,-0.0825057523589019,0.09442127936955974,-660.8388507056352,-459.6827500736632,465.87994076082765,-0.21759386742032283,0.3608079564572615,1.1952489551751142,-286.84191600575963,-320.9680548003858,474.27104286562013,-0.49898261888822054,-0.16776090840661834,1.3444500650387305,-331.5223399987093,-49.02637947844628,462.648496964472,-0.08046888474118254,-0.13655075973923533,0.182966428830878,-396.7521226509649,-428.8535367973904,475.0692655349327,-0.1854435575027227,-0.05471948342712629,-0.004658091335609023,-505.8132162915993,-381.37197249970495,143.91000125481682
639,0,-0.14070808118803743,-0.06552140080263658,0.12805419090929443,-542.4449701085142,-417.54761531622734,476.3002560931743,-0.5926976309269231,-0.06207172556994682,0.2889786766113263,-520.1073219097883,-595.747571536013,813.1579449973458,-0.4401314868773769,-1.236499121814932,-0.685513054854341,-742.5190878423914,-618.8430489921095,278.5759998972129,1.6984196070911444,0.556019349045405,3.712545242007481,-702.6649252796534,-422.232807375387,170.49060993235454,-0.09885642553202643,-0.08274040258147702,0.09318768700018445,-660.9599360964176,-459.8156361979753,465.8548272516887,-0.2166216450251695,0.3613635512926186,1.1952053951061987,-286.96238669112665,-321.3445034582709,474.3720955213479,-0.49853804689983067,-0.16790775756535667,1.344236781070306,-331.58411531025286,-49.361894238750935,462.94368630134596,-0.08009236729872506,-0.13670880077919706,0.18258613240385396,-396.86811059198504,-429.1846118233023,475.0971169491123,-0.18448507302138584,-0.053623351123866125,-0.007421227839224275,-505.8369782688275,-381.46704129847734,143.96328522241683
640,0,-0.1406515021731893,-0.06589111980003128,0.12724148553006068,-542.5374293244147,-417.76486101194905,476.32425794205494,-0.5931990736855041,-0.06107098053496323,0.288883310630088,-520.2255216953397,-595.9397739184171,813.1771933247434,-0.44071638720769246,-1.2351367581960013,-0.6859612730938602,-742.6511614829552,-618.9935428402999,278.49435162440125,1.6973770286822452,0.5536127405596011,3.712134472610957,-702.6137919919307,-422.2211698762797,170.8652407714754,-0.0983091247450692,-0.08293193652929164,0.09197822191848075,-661.0908596805886,-459.9487345568322,465.8331225071684,-0.21570070489625645,0.36195875999007626,1.1951193407784888,-287.0827253531929,-321.71601133714694,474.4664160900414,-0.4980342743471671,-0.1680502916541104,1.3440432368894553,-331.64612424311355,-49.69382869497832,463.2153975359855,-0.07973984857249991,-0.13683498492738194,0.182191620308483,-396.9912619160106,-429.5080202590922,475.126170579451,-0.18355501938824612,-0.052572795154731136,-0.010108871760821172,-505.87148500065666,-381.55932440360976,144.01740053424717
641,0,-0.14057902295697774,-0.06623791634409472,0.12647308038469182,-542.6405940498199,-417.9785501958228,476.3502488413688,-0.5936434299699275,-0.060156607405850625,0.28875443050955213,-520.3580741475029,-596.1384973124854,813.1955760180118,-0.44123882044783086,-1.233830224560683,-0.6865582650845266,-742.7948189936353,-619.1148169784872,278.41219672796666,1.6961389825215658,0.5514827138727222,3.7119069906479902,-702.5944889244262,-422.18825402010435,171.21956217070078,-0.09774061618193693,-0.08307986995113216,0.09081433121838994,-661.2307117970904,-460.0818066213653,465.81538533959963,-0.21483683266771075,0.36257624230386937,1.1949957397622697,-287.20321504124365,-322.08200608667386,474.5546805018789,-0.4974864236838954,-0.168183027347725,1.3438688411568156,-331.7091580201576,-50.0217390847971,463.4646785038786,-0.07941280922210718,-0.13693229008498176,0.18178316556977958,-397.1210441377824,-429.82375380384195,475.1566514714706,-0.1826674822572876,-0.05158703721380012,-0.012690953212907306,-505.91592983764485,-381.6497980560114,144.07215199840587
642,0,-0.14049160111770395,-0.06655823503417742,0.12574444196669834,-542.753517288931,-418.1883673138345,476.3784404689355,-0.594031887595225,-0.05933608746687299,0.2885886921623297,-520.5051036610314,-596.3428183119661,813.2132704768923,-0.4416969717608545,-1.2326006451546196,-0.6872961125353684,-742.94987560569,-619.2077592559913,278.33112658556564,1.6946961090590769,0.5496431398494595,3.7118645166982818,-702.6065028938833,-422.1358638322688,171.55180663530626,-0.09716496335295202,-0.08318455064439997,0.08971569799698108,-661.378493187668,-460.2145458617113,465.8021301209344,-0.21403405345621299,0.3632012726344994,1.1948390797377413,-287.3240808277682,-322.4420955472921,474.6374330602455,-0.4969104228348835,-0.16830049230977137,1.343712354888304,-331.77378486730186,-50.34532907397213,463.6925372445105,-0.07911322626225471,-0.13700373046445175,0.1813610225332415,-397.25685276590826,-430.13192249122403,475.18875393004015,-0.18183603989291025,-0.05068255689282337,-0.015140076732490178,-505.96940975201716,-381.7394633521437,144.12739905358492
643,0,-0.14039064382238733,-0.06684909492657881,0.12505031926888763,-542.8751044668612,-418.3940448593782,476.4090280691719,-0.5943671713705513,-0.058614998324128885,0.2883840942237872,-520.6666032699953,-596.5516856044504,813.2305323561966,-0.44209124455738646,-1.2314664353217044,-0.6881652580436115,-743.1160363597595,-619.2735716940643,278.2526953372633,1.6930462756801967,0.5481026481943058,3.7120020022621234,-702.6487269666302,-422.0661386720252,171.86023576881993,-0.09659596613163299,-0.08324722727405837,0.08869984859900659,-661.5331082734378,-460.34657465891195,465.7938171581972,-0.21329469573365017,0.3638219488390589,1.1946532786157207,-287.44545372539056,-322.796086299348,474.71509773864824,-0.49632241029331897,-0.16839767623901725,1.3435720246304814,-331.84034746170835,-50.66446675002074,463.89994489471513,-0.07884349071994905,-0.13705235345289676,0.18092539287975934,-397.39799874079637,-430.4327639634695,475.22264206592536,-0.181073390084153,-0.04987284314942108,-0.017432454240617786,-506.03091156720166,-381.8293375212902,144.1830533286139
644,0,-0.1402780699626147,-0.06710817932607435,0.1243848242369317,-543.0041029828118,-418.5953712140687,476.44218586906146,-0.5946534459541927,-0.05799703166023339,0.28813999353899356,-520.8424039944028,-596.7639318493312,813.2476910014312,-0.4424240890021664,-1.2304434300595832,-0.6891547737742085,-743.292892322632,-619.3137480189852,278.17841093824524,1.6911945146627314,0.546864234485468,3.7123082414017543,-702.7195064203356,-421.9814958674565,172.14324302420758,-0.09604682500815004,-0.08327009187409892,0.08778184304490626,-661.6933582356254,-460.4774434482473,465.7908428686076,-0.2126195265304133,0.36442922684131884,1.1944416099949464,-287.56733786270314,-323.1439970425151,474.7879958425125,-0.49573816309471225,-0.1684704453257506,1.3434457092037089,-331.90896460255993,-50.979197291790854,464.08784627970357,-0.07860630010599652,-0.13708124471714117,0.1804763976549159,-397.5436967767142,-430.7266510717487,475.2584492766678,-0.1803910039447964,-0.049168222797159454,-0.019548710294282613,-506.0992974258376,-381.92044903998817,144.23907257909434
645,0,-0.14015636495301712,-0.06733390413593464,0.12374151854176108,-543.1390945944316,-418.792197759815,476.4780611161832,-0.5948961736662209,-0.057484048721997826,0.28785706773732134,-521.0321468746195,-596.9782906376837,813.2651411847004,-0.4426997737809119,-1.229545099954963,-0.6902526278986729,-743.4799197661015,-619.330048366521,278.1097261367145,1.689152747254161,0.5459250089333995,3.7127666704273325,-702.8166951457177,-421.88457112134796,172.39945081627175,-0.09552984509306721,-0.08325628958041682,0.08697403790133298,-661.8579348593249,-460.6066328431636,465.7935297692641,-0.21200794411342522,0.3650167959311391,1.194206665688276,-287.6895821797296,-323.4860662006156,474.8563686727702,-0.49517256637711293,-0.16851589856423788,1.343331001478787,-331.97953662154634,-51.289750693103706,464.25717680169913,-0.07840453259641691,-0.13709354044696212,0.18001405722891353,-397.6930552920667,-431.01409724210174,475.29627651498254,-0.17979881891282665,-0.04857576917689816,-0.021474530408633022,-506.1732907235328,-382.0138366547027,144.29545111141982
646,0,-0.14002862204205685,-0.06752546247993013,0.12311350828142531,-543.2784916796137,-418.98444534121194,476.5167666530272,-0.5951019328221,-0.05707616558982345,0.2875372267975299,-521.2352592119629,-597.1934186703999,813.2833313595249,-0.4429241211989412,-1.228782808331288,-0.6914459455948697,-743.676481828177,-619.3244705243147,278.048027957708,1.686939294144803,0.5452761030358302,3.713356315205399,-702.9377199439193,-421.7781576334541,172.6277968301888,-0.09505618367380164,-0.08320989051887881,0.08628590615860483,-662.0254162244153,-460.73355929946246,465.802116366093,-0.21145821186532465,0.36558081592343367,1.193950354963688,-287.81185778632573,-323.82275334767803,474.9204036413838,-0.4946391415146721,-0.16853264641469062,1.3432253469543,-332.0517539569435,-51.596544025810495,464.40888390754935,-0.0782411104860873,-0.1370924454735033,0.1795382805189271,-397.84506862557276,-431.295759086492,475.3361893592971,-0.17930498095684325,-0.048099292011260945,-0.023201132190744638,-506.2514638572978,-382.1105519045863,144.35220703469017
647,0,-0.13989856398394035,-0.0676828438367425,0.12249354741668078,-543.4205383240034,-419.17211014360055,476.5583720868244,-0.5952782029035057,-0.05677186086960839,0.28718347765060265,-521.4509364005645,-597.4079230223055,813.3027488259777,-0.4431042251327676,-1.2281660682971638,-0.6927212639002036,-743.8818319780518,-619.2992171978331,277.99462459521675,1.6845781835584202,0.5449027436744345,3.7140528391016834,-703.079650021212,-421.6651448436404,172.82760511442436,-0.09463564265382154,-0.08313582070394793,0.08572389668476743,-662.1942653648788,-460.857584637298,465.81674711028285,-0.21096771589682495,0.3661195425904765,1.1936739383484556,-287.9336419552374,-324.1547342670352,474.9802621855111,-0.4941496470049919,-0.1685209961467863,1.3431261601184852,-332.12510829156895,-51.90017789633437,464.5439512182142,-0.07811886070620783,-0.13708125579108257,0.1790488642522539,-397.99861220927625,-431.5724358065033,475.3782140445733,-0.17891564408865157,-0.047739408031681384,-0.02472554590151891,-506.3322291749592,-382.2116643059151,144.40936688299846
648,0,-0.13977053952932902,-0.06780682667913615,0.12187414997717158,-543.5633170215785,-419.3552690095041,476.6028937807934,-0.5954331236436652,-0.05656809934184947,0.2867997480036481,-521.6781305295863,-597.6203930488464,813.323902348937,-0.44324816910030906,-1.2277027662111741,-0.6940647817122458,-744.0951184190906,-619.2566590386614,277.9507290512306,1.682098280872895,0.5447844973333604,3.714829640560437,-703.2392689256745,-421.54845769123006,172.9986385011251,-0.09427650554123986,-0.08303975121561033,0.08529131767362558,-662.3628329268679,-460.97802949662673,465.8374626813242,-0.21053322887189918,0.366632871947861,1.1933780923783155,-288.0542095110917,-324.4828896748147,475.03610781730674,-0.49371376256879795,-0.16848303359790812,1.343030938055254,-332.19890572087326,-52.201426977841194,464.6634233523424,-0.07804037997069567,-0.13706338376072874,0.17854550264348745,-398.1524413042531,-431.8450650284601,475.4223327311329,-0.17863483359493237,-0.04749369089118033,-0.026050696709922605,-506.4138344531008,-382.3182680951715,144.46694831646337
649,0,-0.13964949033436183,-0.06789894459681746,0.12124771052103282,-543.7047615590349,-419.53408415334656,476.6502840644052,-0.5955752358863906,-0.05646046608265901,0.28639067746574737,-521.9155466719875,-597.8294361805764,813.3473028958042,-0.44336475844767553,-1.2273993263453309,-0.6954626070288977,-744.3153884680817,-619.1992935064135,277.91743933332276,1.6795322767065342,0.5448956804785586,3.7156589485066953,-703.413146220608,-421.4309972903136,173.14113002295696,-0.09398541776173468,-0.08292794766837441,0.08498823459394297,-662.5293646266047,-461.0941906147176,465.86419094494386,-0.21015116351077523,0.3671218367884764,1.1930630005314662,-288.17263214796924,-324.80828786219826,475.0881327340003,-0.4933388627385625,-0.16842259767298995,1.342937368993539,-332.2722815682816,-52.501224759969936,464.7684295567291,-0.07800791132929139,-0.13704238400974034,0.17802780753189879,-398.30519380746114,-432.1147148203475,475.46847838635114,-0.17846437769366452,-0.04735689755194188,-0.02718528625223593,-506.4943640703671,-382.4314893733733,144.5249417370838
650,0,-0.139540885429937,-0.06796142700307437,0.12060663194416248,-543.8426763931221,-419.70880716484334,476.7004202190562,-0.5957132127935354,-0.05644330658445022,0.28596138543073346,-522.1616474645618,-598.0337165703992,813.3734432524891,-0.44346327698930954,-1.2272607985156907,-0.6969010029460272,-744.5415920253114,-619.1297000081546,277.8957154552428,1.676915581264741,0.5452059262062741,3.716512866513288,-703.5977063689876,-421.31558393667467,173.25579222666855,-0.09376730883365672,-0.08280708492567014,0.08481138260871021,-662.6920139723868,-461.2053617044882,465.896739010248,-0.20981780119524943,0.3675880897755182,1.1927284647803322,-288.28778596625114,-325.1321617232881,475.1365815954857,-0.49302988217548044,-0.16834515092757732,1.3428434320482496,-332.34421666468245,-52.80064290506134,464.86020441928963,-0.07802323755279428,-0.13702197779204087,0.17749533864072814,-398.4553975139241,-432.38257177003135,475.51652973007793,-0.17840391024245159,-0.04732126621625313,-0.028143476975583434,-506.5717467888456,-382.55249259881595,144.58329174947187
651,0,-0.13945062222534657,-0.06799711664803361,0.11994345942713079,-543.9747625336838,-419.8797821290549,476.753093926959,-0.5958555904558418,-0.05650986945362095,0.285517225835175,-522.4146662301183,-598.2319953309468,813.4027773354119,-0.44355327476906514,-1.2272908563695448,-0.6983666323669445,-744.7725835174331,-619.0504921542803,277.88635383540225,1.6742851786246942,0.5456808922959512,3.717364322940724,-703.7892926488645,-421.20490340058245,173.34380451190745,-0.09362535521393282,-0.08268403499554837,0.08475410457652258,-662.8488603205458,-461.3108576491953,465.93478686373396,-0.20952948400500043,0.368033406015956,1.1923740317457745,-288.39836726334124,-325.4558808061714,475.18177133947876,-0.4927892715442142,-0.16825755595629638,1.3427474837231443,-332.41355510735525,-53.100865801864735,464.9401041457557,-0.07808759507238941,-0.13700607335196285,0.1769476431365978,-398.6014820688672,-432.6499251465857,475.56630674567333,-0.17845094447406334,-0.04737687789030955,-0.02894438948358653,-506.6437707321636,-382.6824855420529,144.64187946264403
652,0,-0.1393848950571797,-0.06800936718981919,0.11925101901344975,-544.098649624786,-420.0474476472395,476.8080019637018,-0.5960105070301968,-0.05665244929008639,0.28506353892971104,-522.6726285158505,-598.4231709468611,813.4357000402548,-0.44364439006003975,-1.22749170090115,-0.6998467993696857,-745.0071220860098,-618.9642683712127,277.889959966782,1.6716784940229585,0.5462830916436627,3.7181878933098274,-703.9842244456796,-421.10145752063903,173.40677974217797,-0.09356098318501874,-0.08256563874670227,0.08480633644546673,-662.9979319318219,-461.41004164742327,465.9778830869122,-0.20928276228996393,0.3684592345765334,1.1919991273294477,-288.5029163581691,-325.78091913903967,475.22410621290214,-0.4926170401030918,-0.1681677725642267,1.3426483269256113,-332.4790236677853,-53.403161061888376,465.00961712312306,-0.07820161050765943,-0.13699877963550064,0.17638430313569328,-398.7417956694028,-432.9181473163361,475.6175672769669,-0.17860101466007566,-0.047512070349131616,-0.02961143031182529,-506.7081057860073,-382.8227219622058,144.70050666456507
653,0,-0.13935003442983918,-0.06800192495643367,0.11852255896808477,-544.2119335879889,-420.2123375247793,476.8647389596407,-0.5961854590874591,-0.05686252828093542,0.2846054098144859,-522.9333815457067,-598.6063183742107,813.4725284536495,-0.44374620527057096,-1.227863873228073,-0.701329683084621,-745.243870197807,-618.8735624893123,277.9069204762645,1.669132321044399,0.5469728224455255,3.718960471759124,-704.178846931397,-421.0075201728234,173.4467123243961,-0.09357391165283381,-0.08245847394469921,0.08495466929615215,-663.1372333344018,-461.5023547871764,466.025443175565,-0.20907449432800157,0.3688663234480326,1.1916031938182,-288.5998489946988,-326.1088196557843,475.26408750786254,-0.4925108789555952,-0.1680844954703962,1.3425452588363267,-332.53925310508873,-53.70884682584321,465.0703677830492,-0.07836526048366094,-0.13700441053146917,0.17580498928386762,-398.87462637900904,-433.18867073874173,475.6700052107325,-0.17884787940839814,-0.04771389018443223,-0.030171474408385652,-506.76233327526785,-382.97450134115263,144.75888289283742
654,0,-0.13935232218118945,-0.06797879973691327,0.11775189162959267,-544.3122188768245,-420.3750799025111,476.92279304585816,-0.5963870829406782,-0.05713091586622258,0.284147442840705,-523.1946307230484,-598.7807253274088,813.513485203839,-0.44386813312446327,-1.228405991823726,-0.702804557998664,-745.4813911902737,-618.7807962274396,277.9373759191594,1.6666818466177415,0.5477091723791468,3.719661779280883,-704.3695728560773,-420.92509971248217,173.46591072700505,-0.0936622347608388,-0.08236863259324055,0.08518251864141847,-663.2647760357714,-461.5873472849599,466.0767509765238,-0.20890189929632408,0.36925443626561355,1.1911858236291284,-288.68749464431255,-326.44115609912126,475.30231776786286,-0.49246635676814093,-0.16801675720088702,1.3424380944303955,-332.5928016597867,-54.0192568516931,465.1241131181062,-0.07857785455375946,-0.13702747677478797,0.17520951807978113,-398.9982277101742,-433.4629620242678,475.72325068320566,-0.17918377718131565,-0.047968566053370174,-0.03065393244907988,-506.8039824135858,-383.13916501752044,144.8166163576918
655,0,-0.13939778969561012,-0.06794412995694443,0.11693353296431284,-544.3971641119182,-420.53639464151536,476.9815451330486,-0.5966209674660133,-0.057447886601188124,0.2836935600740024,-523.4539819923172,-598.9459242920966,813.5586846474821,-0.4440193266041917,-1.2291144393093498,-0.7042619931706827,-745.7181465317818,-618.6882356513257,277.98119584438217,1.6643598023654949,0.5484510685948634,3.7202747065793087,-704.5529168548791,-420.85590895324225,173.46691801712797,-0.093822543584377,-0.08230151956125006,0.085470425900744,-663.3786114805644,-461.6647103260771,466.13096373331535,-0.20876256898038345,0.3696221717915404,1.1907468840069475,-288.76414077648735,-326.7794933325404,475.33949946230814,-0.4924771776033236,-0.16797352467837878,1.3423271627991713,-332.63818096206137,-54.335704441424575,465.17273157189715,-0.07883804038777208,-0.1370726628320362,0.17459791025605315,-399.1108479228473,-433.7424936953613,475.7768726528664,-0.17959972176514108,-0.048261984517647176,-0.031089737759036586,-506.8305726844297,-383.3180880453877,144.8732095383391
656,0,-0.1394920078509607,-0.06790204791556552,0.11606283653085221,-544.4645296408088,-420.697088820154,477.04027244371827,-0.5968915034824774,-0.057803317038285354,0.2832468309035802,-523.7089886107246,-599.1017189078447,813.6081224893002,-0.44420860408284646,-1.2299830296993963,-0.7056940222121405,-745.9524937988214,-618.597953631842,278.0379577791181,1.6621957620165686,0.5491583439556431,3.7207854983096724,-704.7255232393173,-420.8013436484416,173.4524244454005,-0.09405008493997644,-0.08226168233970566,0.08579650593907266,-663.4768651036576,-461.7343071529475,466.1871211646053,-0.2086544465506461,0.36996688933884075,1.1902866272096837,-288.82808187310707,-327.1253470581821,475.3764283168778,-0.49253548869107305,-0.1679633183213005,1.3422132743758408,-332.6738845041828,-54.65944631854377,465.21820439082103,-0.07914382961201823,-0.13714478661737758,0.1739704472964229,-399.21076228959123,-434.0287144424351,475.8303840589458,-0.18008582320771838,-0.04858014953678533,-0.031510291013751426,-506.83966099997383,-383.512666165012,144.92806007005285
657,0,-0.13963987848252662,-0.06785655085677766,0.11513611817873012,-544.5122254118633,-420.8580502573502,477.0981567295287,-0.5972017732015904,-0.05818682302250449,0.2828093387205073,-523.9572007217679,-599.2482035527685,813.6616693091878,-0.44444438010989706,-1.2310026878151925,-0.707094275923062,-746.1826865412438,-618.5118000743323,278.10693179486276,1.6602155960506584,0.5497927899734442,3.721183792791114,-704.8841886422881,-420.7624702741228,173.42517636995953,-0.09433895375717373,-0.08225267901949232,0.08613704086053006,-663.5577703434232,-461.7962018502032,466.24415887034104,-0.2085757819411972,0.37028473577869625,1.1898057812697995,-288.87767164176176,-327.4801440084062,475.4139816398151,-0.4926322248680753,-0.16799387800795357,1.342097659336266,-332.69841870913996,-54.99164757938337,465.2625898693437,-0.07949264169739724,-0.13724874075168833,0.173327723043915,-399.29630740402035,-434.3230187901071,475.8832496443117,-0.18063161861389088,-0.04890960810548172,-0.03194640307072419,-506.82889220430593,-383.7242975079573,144.9804672752968
658,0,-0.13984543759225898,-0.06781138344198015,0.1141507676417445,-544.5383574839751,-421.0202390330946,477.1542973642655,-0.59755348158385,-0.05858789916933749,0.2823820894634367,-524.196216058953,-599.3857752188886,813.7190683219875,-0.44473459248160313,-1.2321611699194421,-0.7084580696586863,-746.4068772602811,-618.4313812993543,278.187072228342,1.6584410863547543,0.550319168168355,3.7214625367570418,-705.0258810959102,-420.74002367128145,173.3878858526664,-0.09468231370560715,-0.08227698862355218,0.08646720567292575,-663.6197015500996,-461.85068422528565,466.30092616492254,-0.20852507310990626,0.3705707631525661,1.1893056174465217,-288.91137657899003,-327.84518372483103,475.45310210385514,-0.4927574760851532,-0.16807189217416585,1.3419818806860009,-332.71033647901595,-55.33334881060214,465.3079912300786,-0.07988136237828011,-0.13738941516161324,0.17267068737057875,-399.3659164703647,-434.6267171634877,475.93489636929615,-0.1812263973693829,-0.04923782738751306,-0.032427277272023956,-506.7960512643979,-383.95435906387075,145.02964438820683
659,0,-0.14011168019489864,-0.06776993657706994,0.11310534325403203,-544.5412715239182,-421.18467703392866,477.20772922791394,-0.5979469296725547,-0.058996062410741464,0.2819649656526403,-524.4237301165562,-599.5151370589954,813.7799375182625,-0.44508661734523725,-1.233442850944899,-0.7097824375172778,-746.623124606884,-618.3580495050672,278.2770179490474,1.6568896958451198,0.550706153417995,3.7216177981735274,-705.1477571487335,-420.7344147896959,173.34314505191273,-0.09507263897968028,-0.08233596503052448,0.08676189693748067,-663.6612048507106,-461.89828928273397,466.35620818879164,-0.20850100136252045,0.3708191207673392,1.1887879918573956,-288.9278287914864,-328.22160304167636,475.49477753365164,-0.49290086447053155,-0.1682027968615033,1.341867729017605,-332.7082729244221,-55.685436416860725,465.3565191449791,-0.08030641271982829,-0.1375716019566762,0.17200067908019065,-399.41815442107315,-434.9410073570375,475.9847261877066,-0.18185950676973295,-0.04955351232230254,-0.032979572140692436,-506.7391153522743,-384.2041784008731,145.07473621079777
660,0,-0.1404404156041838,-0.06773516651151752,0.11199964619084173,-544.519591764376,-421.3524356038856,477.2574450155436,-0.5983810282989868,-0.05940100126399471,0.2815567281555032,-524.6375841816584,-599.6372932832802,813.8437761431964,-0.4455071659998721,-1.2348286005944487,-0.7110661056908156,-746.8294056291618,-618.2929027652984,278.37510229278314,1.6555744814375537,0.5509271843670459,3.7216485016612006,-705.247178506192,-420.74574840798357,173.29334907511438,-0.09550196843098671,-0.08242983309662681,0.08699662236382824,-663.6810261960225,-461.93980999508653,466.408751882668,-0.20850236747647258,0.37102330261071237,1.1882553601022454,-288.9258758393845,-328.61034435964984,475.54001731563886,-0.4930519176234694,-0.16839064292564826,1.3417571085476911,-332.69098275927695,-56.04861716183073,465.41025011591853,-0.08076382536603881,-0.13779988460993034,0.17131944561706594,-399.45175167394626,-435.26694836137716,476.0321308106832,-0.18252062646220632,-0.04984685651870934,-0.033626582739913084,-506.65630397632617,-384.475001519381,145.1148416575073
661,0,-0.1408321602728461,-0.06770953677726188,0.11083477075737445,-544.4722540798552,-421.52462142485956,477.30242134162427,-0.5988533492252268,-0.05979273182202804,0.28115506628227044,-524.8358097151266,-599.7535353690487,813.9099752863403,-0.44600215974567575,-1.2362957680858826,-0.7123093988137557,-747.0236335359067,-618.2367955075929,278.4793734165263,1.6545041340008746,0.550961196753526,3.7215561107660466,-705.3217294376401,-420.7738503192307,173.2406302803357,-0.09596216172329819,-0.08255772342346282,0.08714839975045234,-663.6781359777816,-461.97630233171554,466.45729516372916,-0.2085280337779734,0.3711764301744256,1.1877107646253222,-288.904625344399,-329.0121287410991,475.58982610270436,-0.49320042510126916,-0.16863802371565573,1.3416519249609062,-332.6573786000747,-56.4233978856356,465.4711820891648,-0.08124932544223236,-0.13807851447930689,0.1706291477084817,-399.46563536169276,-435.60543740997423,476.07650796504794,-0.18320000331474856,-0.05010972293145503,-0.034387572962269033,-506.5461253634841,-384.76795794224404,145.14904041643
662,0,-0.14128607315084726,-0.06769498405624284,0.10961312728467636,-544.398532054346,-421.70236078473374,477.3416477833763,-0.5993602099717882,-0.06016176036500639,0.2807566949637369,-525.0166676961747,-599.8654198127498,813.9778321949592,-0.44657658255610794,-1.2378182926007257,-0.7135140766570321,-747.2036810979123,-618.190358866828,278.5876253858808,1.653683126235202,0.5507932160880622,3.721344279518697,-705.3692358597058,-420.8183030927503,173.18680620960322,-0.09644514610969113,-0.08271774073818425,0.08719661014548506,-663.6517497340408,-462.0090817893637,466.50059844971184,-0.2085768756883464,0.37127155173946375,1.1871577951420231,-288.86348221605135,-329.42743476307845,475.64517554213114,-0.4933367657401623,-0.16894605321805883,1.3415539846635385,-332.6065691520159,-56.81007128189171,465.5411887829899,-0.0817584144784122,-0.13841127866578232,0.16993234768060259,-399.45895693911604,-435.957190982339,476.1172785732312,-0.18388864186115028,-0.0503357540401786,-0.035277281481050686,-506.40741742223645,-385.0840241868937,145.17642278564782
663,0,-0.14179993603024774,-0.06769290761957569,0.10833843430687981,-544.2980551524774,-421.88678242582534,477.37415782586913,-0.5998967882803361,-0.06049925101090971,0.2803574958677195,-525.1786817115718,-599.9747379034217,814.046567795185,-0.44723431520454743,-1.2393669530631843,-0.7146831038044615,-747.367409539141,-618.154029748422,278.69743981981816,1.6531119486336963,0.5504147875425136,3.7210184928097543,-705.3877866038047,-420.8784891549184,173.1333424872514,-0.0969431422776457,-0.08290706016721407,0.08712375359405646,-663.6013445489651,-462.0397109704422,466.5374775402897,-0.2086477446474912,0.3713019409875943,1.1866005230970018,-288.80217658571723,-329.8564839121205,475.7069748181704,-0.4934521948500786,-0.16931438502793067,1.3414649130595238,-332.53789602007606,-57.208708457924075,465.62197426786116,-0.08228645609516853,-0.13880136410206914,0.169231980786061,-399.431115183109,-436.3227303511566,476.15390424126235,-0.18457844866363163,-0.050520413861779453,-0.03630561260390953,-506.2393818326206,-385.4239866930003,145.19612162107293
664,0,-0.14237017871287913,-0.06770418067956226,0.10701567717000762,-544.1708183732878,-422.0789992126216,477.3990605440909,-0.6004572623079968,-0.06079719507764838,0.2799526975142605,-525.3206637835634,-600.0834782374485,814.1153468056561,-0.4479779582564861,-1.2409097667169398,-0.7158203608803241,-747.5127025668301,-618.1280869065753,278.80623743547477,1.6527874143651777,0.5498242239376515,3.720585711549368,-705.3757569364352,-420.953639575298,173.0813311964192,-0.09744885893979072,-0.0831220457080831,0.08691606511223278,-663.5266708136642,-462.0699780847933,466.5668367757294,-0.20873944286121904,0.37126137992540426,1.186043412217753,-288.7207808821421,-330.29923308916835,475.77604086601986,-0.4935390825563046,-0.1697412636437774,1.3413860974514518,-332.4509676779732,-57.6191587505608,465.7150293561839,-0.08282876199848853,-0.13925122352640906,0.16853130949776515,-399.3817737325693,-436.70237208889847,476.18590442553705,-0.1852623312141162,-0.050660966165798134,-0.03747751234640755,-506.0416101090302,-385.78840522639734,145.20734524369638
665,0,-0.14299194645893357,-0.06772918090806651,0.10565103129987818,-544.0171830707543,-422.2800889229686,477.4155717892997,-0.6010349730599938,-0.061048577018945914,0.27953708781611075,-525.4417321890063,-600.1937829286222,814.1832997525045,-0.4488086545711736,-1.2424125410599947,-0.7169303112557436,-747.6375050008673,-618.1126918865551,278.9113383858129,1.6527030154861537,0.54902665728669,3.7200540347769695,-705.3318339582784,-421.0428866125725,173.0314844972743,-0.09795564841310785,-0.08335838564782848,0.08656396109313624,-663.4277590673465,-462.1018666100815,466.5877013453956,-0.20885070911804943,0.3711444134652776,1.1854912088136846,-288.6197149142609,-330.75537453335124,475.853069168737,-0.4935910973165722,-0.17022360038077655,1.3413186584949501,-332.3456889865565,-58.04105693988737,465.82159132374727,-0.08338067638064392,-0.13976244949991726,0.1678338614907548,-399.3108724617099,-437.09622375362096,476.2128726429114,-0.18593425326858656,-0.05075639490043293,-0.0387930213360776,-505.8141008409824,-386.17757787153516,145.20941009043955
666,0,-0.14365920547803498,-0.06776783652937851,0.10425175012278176,-543.8378689599775,-422.49107454689323,477.4230436412069,-0.601622605945715,-0.061247530230394975,0.27910525102993694,-525.5413208133319,-600.3078986885423,814.2495461404039,-0.4497259243646003,-1.243839577677925,-0.7180176412065731,-747.7398652422731,-618.1079323285358,279.01002986738695,1.652849314859966,0.5480338848129982,3.719432387170198,-705.2550430923214,-421.1453178033067,172.9841425961847,-0.09845761867410352,-0.08361124021991649,0.08606229988787197,-663.3049217040243,-462.13751672447364,466.5992476171137,-0.20898021402028996,0.3709465657573226,1.1849488171538871,-288.4997383405522,-331.22434319629315,475.9386060778819,-0.4936033313191512,-0.17075706699118018,1.3412634523101308,-332.222284596468,-58.47383762081135,465.94260838316666,-0.08393765650754029,-0.14033566276005477,0.16714335305679054,-399.21863214817614,-437.50418475626606,476.2344910891246,-0.18658924910736507,-0.050807274239910834,-0.0402474896071122,-505.5572677055439,-386.5915089713356,145.2017718541872
667,0,-0.14436488138120104,-0.06781968376655856,0.10282601996133328,-543.6339376688693,-422.7129045591857,477.42099094023473,-0.6022123883838657,-0.061389475084642264,0.27865181992427235,-525.6191798876557,-600.4281241479871,814.3132180045127,-0.45072752733309734,-1.2451545188824789,-0.7190868939285966,-747.817980561765,-618.113864927466,279.0996390917206,1.653214360194054,0.5468640063377215,3.718730237048058,-705.144774504779,-421.2600292083809,172.93929463904158,-0.0989497005254386,-0.08387539723384335,0.08541045322702549,-663.1587494257867,-462.1791795024669,466.60083040678194,-0.20912656231380847,0.3706645116437815,1.1844211664279158,-288.36193049580015,-331.70533132061985,476.03302359470223,-0.49357236667066934,-0.17133620156709653,1.3412211028081515,-332.081314616835,-58.91675609616067,466.07871016039945,-0.08449534726102656,-0.1409704209034728,0.16646360091643816,-399.1055521019946,-437.925952184325,476.2505430471593,-0.1872233995656978,-0.0508155968806706,-0.04183193310571075,-505.27193824035527,-387.02988165776316,145.18405385108719
668,0,-0.14510102530167615,-0.06788393096136204,0.10138278674311155,-543.4067685151483,-422.94643369907635,477.40911381493726,-0.6027962999169327,-0.061471231542076205,0.2781717331540865,-525.6753682585988,-600.5567549468608,814.3734830671735,-0.4518093667257099,-1.2463213184865403,-0.7201421185768173,-747.8702439211304,-618.1305553382614,279.1776093635198,1.6537841085152902,0.5455408566556762,3.7179573471845506,-705.0008080045527,-421.386175396263,172.896610707164,-0.09942767112354696,-0.08414543167477487,0.08461219649790305,-662.9901024598402,-462.2291652198582,466.59200620197953,-0.20928829948548142,0.3702962003599371,1.1839130760248566,-288.2076581941769,-332.19730969556286,476.13649751524633,-0.49349628314077737,-0.17195452342245407,1.3411920606152181,-331.9236810978837,-59.3689147925171,466.2301852108006,-0.08504964760003912,-0.14166515263914645,0.1657984265588176,-398.97240067063694,-438.36103113936906,476.26092251245046,-0.18783377313492128,-0.05078457014319155,-0.04353350743925882,-504.95934374554616,-387.492036783244,145.15607138552525
669,0,-0.14585900239616914,-0.06795952443346122,0.09993156151369467,-543.1580274668075,-423.1924048276496,477.3873152549707,-0.6033662903416162,-0.06149109960671786,0.27766048744844474,-525.7102376268261,-600.6960282271297,814.4295667539287,-0.45296544947386463,-1.2473053065326904,-0.7211865546546632,-747.8952908015353,-618.1581125330865,279.2415766916378,1.654542851084103,0.5440932444804646,3.7171235586393188,-704.8233347619772,-421.52301384494905,172.85548285046727,-0.0998881371575007,-0.08441586534099835,0.08367543519140104,-662.8000967295322,-462.28978743101254,466.57255148300305,-0.20946391940272574,0.3698409326078604,1.1834291252510885,-288.03853278599064,-332.69905477786665,476.248989790764,-0.4933746101691213,-0.1726046556483404,1.3411766819060424,-331.7506241694613,-59.82929390699477,466.3969663752901,-0.0855967671330138,-0.14241712165009127,0.16515155799332054,-398.82019882077225,-438.8087489599332,476.2656405434711,-0.18841833623670015,-0.05071838990604955,-0.04533607139999046,-504.62110101389516,-387.9769600114811,145.1178509642327
670,0,-0.14662969734463238,-0.06804521125879727,0.09848221308025785,-542.889630468903,-423.45143243102495,477.3557129389945,-0.6039145001150504,-0.06144890246142509,0.2771143742791496,-525.7244094520923,-600.8480682105289,814.4807723836445,-0.4541879144144028,-1.248074305012442,-0.7222223697989533,-747.8920443308967,-618.1967155373226,279.2894440794917,1.6554736301116093,0.5425540190842977,3.7162386063502137,-704.6129741068437,-421.66994167689404,172.81507298785115,-0.10032848258797557,-0.0846813225060018,0.08261179187110136,-662.5900853526347,-462.3633047473373,466.54247543878563,-0.20965186960911691,0.36929939613036156,1.1829735326452322,-287.8563583727195,-333.2091806027246,476.3702358901948,-0.4932082281308213,-0.17327845530763655,1.3411753182004296,-331.5637070966489,-60.29678477778214,466.5786245240395,-0.08613327121081372,-0.1432224225037007,0.16452653388782357,-398.65019729632223,-439.2682725603684,476.26482796393276,-0.18897583793168188,-0.05062200230247207,-0.04722081146986536,-504.2591868375547,-388.4832785422825,145.0696433458872
671,0,-0.14740373116588137,-0.06813959479461872,0.09704475649176168,-542.6037024846502,-423.7239882914809,477.3146447069962,-0.6044334761306462,-0.06134598894065514,0.276530691164807,-525.7187454477119,-601.0148345250924,814.5264989303828,-0.455467137156983,-1.2485997395578847,-0.723250465529631,-747.8597568874509,-618.2466310388567,279.3194504419006,1.656558639632889,0.5409589967203138,3.715311964378708,-704.3707837312517,-421.82652299090813,172.7743655129584,-0.1007467871732261,-0.08493667746693334,0.08143608253537377,-662.3616359913982,-462.4518624442033,466.50202654786375,-0.20985055116837623,0.3686736685741958,1.1825500491538434,-287.6630736703479,-333.7261742155882,476.49973786885926,-0.4929992263995074,-0.17396715188921197,1.3411884069003768,-331.3647900391152,-60.77022432438751,466.7743709577692,-0.08665611321064348,-0.1440760092330958,0.16392661456243457,-398.4638481386546,-439.73862802408433,476.25873418865035,-0.18950567556922762,-0.05050086248862484,-0.04916689891252681,-503.87590638782206,-389.00926848570134,145.01192960134057
672,0,-0.14817168314538687,-0.06824117994073838,0.0956291456504834,-542.302533702386,-424.01038976382273,477.2646672728648,-0.6049163753332363,-0.0611851938370825,0.27590791865928144,-525.6943127670061,-601.1980748603245,814.5662558515942,-0.45679191518931084,-1.248857684077871,-0.7242703612026736,-747.7980463127686,-618.3082210187101,279.3302310643449,1.657779603588503,0.539345789992385,3.7143527184558347,-704.0982618297301,-421.9925055055735,172.7322225397843,-0.10114172305280413,-0.08517718981069038,0.0801657130992874,-662.1165046700092,-462.55743613572207,466.4516926870268,-0.21005831078430473,0.3679671990086914,1.1821618686674897,-287.46069054349664,-334.24843326003145,476.63676373606665,-0.4927507281157922,-0.17466149517885693,1.3412165518995571,-331.1559928958,-61.248428825665904,466.98306844507505,-0.08716265303481378,-0.1449717554825464,0.16335470357055662,-398.26277160423433,-440.2187215439042,476.2477221071756,-0.19000774886287503,-0.05036069878646579,-0.05115215301077911,-503.4738566160867,-389.5528733510361,144.94541960098903
673,0,-0.14892431098134778,-0.06834840659946441,0.09424507744868771,-541.9885343986482,-424.3107909852527,477.2065480134356,-0.6053571488569245,-0.060970756296235384,0.2752458553852314,-525.6523451209513,-601.3992833814578,814.5996745824647,-0.45814973053405167,-1.2488297743658665,-0.7252801616864819,-747.7069249000308,-618.3819402321802,279.3208667422641,1.6591181247981188,0.5377525917656264,3.713369463817378,-703.7973400272057,-422.167825757554,172.68743989084476,-0.10151243742642266,-0.08539862341067098,0.07882002666287181,-661.8566067128916,-462.6817797651764,466.39219464409865,-0.2102734241964102,0.367184779874868,1.181811558688115,-287.25123262777686,-334.7743043312281,476.7803535666141,-0.49246669322440556,-0.17535191430142108,1.3412605840022305,-330.939648226132,-61.73022531373183,467.20325059708523,-0.08765066136566399,-0.14590254379548862,0.16281328299797704,-398.0487197095306,-440.70736080262225,476.2322591284185,-0.1904823103781569,-0.050207289257619074,-0.053153687356225936,-503.05588579972385,-390.11173354385363,144.87104263844682
674,0,-0.149652761629646,-0.0684596713471075,0.09290181375137083,-541.664189911968,-424.62517723920183,477.14124994798675,-0.6057507003594185,-0.06070819818781166,0.27454570524033367,-525.5942011703808,-601.6196661223938,814.6265164078546,-0.45952708029146505,-1.2485039334611174,-0.7262766096495419,-747.5868194380677,-618.4683240287338,279.2909192124638,1.6605559992315826,0.5362169680139173,3.712370227056635,-703.4703663378242,-422.35260267622607,172.6388021563989,-0.10185842983383547,-0.08559734563789509,0.07741963204600309,-661.5839854750442,-462.82638005008937,466.32447313825014,-0.2104940712673182,0.3663325188471275,1.1815010132010815,-287.03667754938135,-335.3021206871726,476.92933260862134,-0.4921517119524487,-0.17602868982689124,1.3413215924495616,-330.71824579570784,-62.214478979223884,467.4331490384278,-0.08811830998396723,-0.1468603808934842,0.16230436526178835,-397.82353776140684,-441.20327593772004,476.2129046611769,-0.1909298204173238,-0.050046256413438156,-0.05514852057201216,-502.6250502796357,-390.6832262045515,144.78993023734893
675,0,-0.15034876523929885,-0.06857333876871834,0.091608026487671,-541.3320170651466,-424.9533626087201,477.06991032629213,-0.6060930136621242,-0.060404165811686374,0.27381011314299564,-525.5213216113717,-601.860114313303,814.646676539931,-0.46090985891393005,-1.2478748640938109,-0.7272552190265624,-747.4385807972948,-618.5679675959158,279.24045113052205,1.6620754907703406,0.5347747102510881,3.7113624115065127,-703.1200778299839,-422.5471199527581,172.5851354113019,-0.10217943260613899,-0.08577040406766773,0.07598574515333589,-661.3007795630989,-462.99241928720477,466.24966967187834,-0.21071830448162163,0.3654178158255983,1.1812314292094193,-286.8189059140193,-335.83023787072244,477.08233139060195,-0.4918108005166389,-0.1766821396600953,1.3414009218648506,-330.4943707388282,-62.700115208027626,467.6707276229856,-0.08856414939474672,-0.14783653556907234,0.1618294639464758,-397.58912528995376,-441.70513934017947,476.19029447369905,-0.19135081380881266,-0.049882884449995446,-0.05711413779822008,-502.1845693285762,-391.2645141911005,144.7033915556691
676,0,-0.15100480548056003,-0.06868774507165713,0.09037166999825591,-540.994523188427,-425.2949909922142,476.99381354188404,-0.6063812463287963,-0.060066239561927075,0.27304314828256265,-525.4351864062535,-602.1211862985932,814.6601843470291,-0.46228377136201504,-1.2469442792742826,-0.7282104821263439,-747.263481856561,-618.6814982190906,279.1700295654122,1.6636595624604302,0.533458789745811,3.710352766173154,-702.7495631089429,-422.751798211476,172.5253564274404,-0.10247530254991147,-0.08591557906900528,0.07453957618495306,-661.0091892835277,-463.18074806415524,466.1691017350653,-0.21094401366320242,0.36444934542587276,1.1810033077810926,-286.599659521109,-336.357065775414,477.23781252269134,-0.4914492097218313,-0.17730281669586698,1.3415001332545033,-330.2706376427139,-63.18613518180905,467.9137227597025,-0.08898707584550966,-0.148821695835857,0.1613895858082118,-397.34739779086954,-442.2115836960875,476.1651225248615,-0.19174578512684862,-0.04972196223009367,-0.05902899375867395,-501.7377789770891,-391.8526025192742,144.61288217531072
677,0,-0.15161426151926014,-0.06880119737664155,0.089199883413127,-540.6541686716417,-425.64954049340537,476.9143593354308,-0.6066137871997853,-0.05970271718965861,0.2722502364793393,-525.3372735827244,-602.4030983858858,814.6671997906894,-0.46363475404583876,-1.2457208592978126,-0.7291361388108366,-747.0632030038952,-618.8095425433987,279.0807127355411,1.6652920611230924,0.5322984455308626,3.7093473784898485,-702.3622151340046,-422.9671585513927,172.45851742824448,-0.10274593074573869,-0.08603141195789323,0.07310179440043696,-660.7114430716812,-463.3918689544602,466.084233055006,-0.2111688906128543,0.3634370407745977,1.1808164796929834,-286.38051036136005,-336.88109577163516,477.3941035461424,-0.4910722553707478,-0.17788171289355592,1.3416209324734811,-330.04962306466433,-63.6716243517589,468.15968877536227,-0.08938629036412499,-0.14980614195655098,0.160985245284229,-397.1002506086952,-442.7212178793895,476.13812096879235,-0.19211509730493334,-0.049567654271099465,-0.060872951530765725,-501.288085530092,-392.444400153128,144.51996741156105
678,0,-0.15217151937944495,-0.06891197246751511,0.0880989241711366,-540.313333732732,-426.01633112491146,476.8330274171439,-0.6067902770586145,-0.0593223770433324,0.2714380455332004,-525.2290209144295,-602.7057246586136,814.6680062275301,-0.46494938049155393,-1.244219941512107,-0.7300254923253405,-746.8398049913585,-618.9526910858146,278.97402049587134,1.6669578530970368,0.5313184283632272,3.708351691502808,-701.9616752502657,-423.1937795249091,172.38384558467038,-0.10299117557107024,-0.08611720965098227,0.0716920954404355,-660.4097646162121,-463.6259317238169,465.99663973690946,-0.21139039811913665,0.36239207036772275,1.1806701547766707,-286.1628410697738,-337.4009217599452,477.5494348569233,-0.4906851769496512,-0.17841046222538784,1.3417650734151227,-329.8337991278459,-64.15575352332247,468.4060471761802,-0.08976125271586624,-0.15077993169946424,0.16061650160007748,-396.84952615393956,-443.23264052550996,476.1100390893539,-0.19245891649726343,-0.0494234012337102,-0.06262765314964687,-500.8389194331942,-393.03678474714525,144.42628155919817
679,0,-0.15267205274995888,-0.06901831875276836,0.08707413205498496,-539.9742898367195,-426.3945356895902,476.7513397134183,-0.6069115925508949,-0.05893422816539169,0.2706143291065152,-525.1117916115036,-603.0286054990652,814.6629998191853,-0.4662152304757125,-1.2424629676668313,-0.7308717531425526,-746.5956895499243,-619.1114623543879,278.85188988813496,1.6686429098297293,0.5305384140817262,3.7073705468166036,-701.5517696498168,-423.4322500176028,172.30077655923643,-0.10321082192724117,-0.08617302775147147,0.07032888473084735,-660.1063412938511,-463.88273999616354,465.9079732797263,-0.21160574833939658,0.3613267964490979,1.1805629930205783,-285.94783672723065,-337.91525442470737,477.70198145620753,-0.4902930278401471,-0.1788815349473331,1.3419342450717062,-329.62547090132284,-64.63777276083543,468.6501386840238,-0.09011163329489309,-0.15173309358763754,0.1602830170249662,-396.5969854521825,-443.7444513358587,476.08162192303973,-0.19277717367995886,-0.04929185080342178,-0.06427681938939261,-500.3936900677678,-393.62666785105085,144.3334846750503
680,0,-0.15311247493464852,-0.06911846469601245,0.08612992156646422,-539.6391759373137,-426.78319364046706,476.6708214581269,-0.6069797942603216,-0.05854725450903327,0.26978773582343285,-524.986844911081,-603.3709643099519,814.6526758700041,-0.46742120449176733,-1.2404767309418097,-0.7316683902582648,-746.333548826264,-619.2862688810332,278.71661782025376,1.6703343433187319,0.5299725924100728,3.7064082553362394,-701.1364397982754,-423.6831207496195,172.2089814800281,-0.10340456746155924,-0.08619963464803272,0.06902907774595984,-659.8032944138724,-464.1617687543321,465.81992155328174,-0.21181189565985034,0.3602547014205866,1.180493194535059,-285.73648725741845,-338.422928447944,477.8499070888155,-0.4899005967197203,-0.1792884171739045,1.3421299516079952,-329.4267202139312,-65.11699881754971,468.8892769827188,-0.09043726591038138,-0.1526558230962504,0.15998413326947242,-396.3442847815552,-444.25526036021375,476.05358929417247,-0.19306955142094087,-0.04917481934609823,-0.06580647713213063,-499.95574194369027,-394.211058208015,144.24321856465818
681,0,-0.1534905644823858,-0.06921063601788396,0.08526979924626378,-539.3099794745684,-427.1812276601523,476.59296234160655,-0.6069980405600196,-0.058170160873474985,0.26896759113283414,-524.8553121964604,-603.7317316874203,814.6376124844236,-0.4685577694717401,-1.2382924777895592,-0.73240946932712,-746.0563053422189,-619.4773872722533,278.5707935364313,1.6720203935651878,0.5296294310994635,3.7054686974906215,-700.719668657443,-423.94685720775226,172.1083867774819,-0.10357203462088725,-0.08619845956397867,0.06780800728499892,-659.5026517080291,-464.4621914918277,465.7341688755475,-0.21200554859763754,0.3591902687638838,1.180458604716271,-285.5295991574635,-338.92290292768325,477.99140922527783,-0.48951235669349136,-0.17962577091292467,1.342353393799679,-329.23935833250897,-65.59279728335441,469.1208031615469,-0.0907381041077211,-0.15353867600113869,0.15971896170123404,-396.0929578814304,-444.76369565959595,476.0266159325536,-0.1933354929729181,-0.04907328420568802,-0.06720511404330588,-499.5283126337634,-394.7871210206374,144.15706360392517
682,0,-0.15380526717027,-0.06929308275486441,0.08449640167703676,-538.9885219002545,-427.58746260941615,476.51917892545305,-0.6069704696020689,-0.057811128308933035,0.26816366025534333,-524.7181790184263,-604.1095760831369,814.6184520107142,-0.46961712626718216,-1.2359449257758925,-0.7330899589486266,-745.7670447570205,-619.6849340429056,278.41722388082803,1.6736903734159854,0.5295116102464666,3.7045554523140205,-700.3054047768002,-424.22379671768425,171.9991863530201,-0.10371280585661832,-0.08617152763385713,0.06667942065168761,-659.2063225219475,-464.78291530291807,465.6523563303067,-0.21218320408765234,0.35814880697599305,1.1804568303341105,-285.3278149269622,-339.4142556857609,478.12476330951847,-0.48913243682833074,-0.17988956912518525,1.3426053597992835,-329.0648895312283,-66.06456106822063,469.34213985002503,-0.09101418312995375,-0.1543727527707753,0.15948648207334304,-395.84440392758484,-445.26840985554713,476.00131328187155,-0.19357423039170152,-0.04898740588314454,-0.06846376189490297,-499.1144927050601,-395.3522313217649,144.07649791360473
683,0,-0.15405667663870343,-0.06936411605326025,0.0838115493544317,-538.6764484441406,-428.000646351419,476.4507795225267,-0.6069020526665153,-0.0574775864543095,0.26738590115693067,-524.576273163859,-604.5029398028584,814.5958808218091,-0.47059329410729667,-1.2334712573708793,-0.7337059897520741,-745.4689441901198,-619.9088485328164,278.25885443471435,1.6753345799210573,0.5296161176994075,3.7036719506765245,-699.8974865001658,-424.51411206987063,171.88184559367446,-0.10382647824561195,-0.08612138502488129,0.06565554529715628,-658.9160762181833,-465.12262176063064,465.57604343109335,-0.21234120579699448,0.3571462088851205,1.1804853617535809,-285.13163830700495,-339.8961725411665,478.24836471372305,-0.4887646102577943,-0.1800771984281607,1.3428861335403892,-328.9044870086048,-66.5316871493744,469.55084400226,-0.09126558909819056,-0.15514986826066157,0.15928564379747587,-395.5998811838843,-445.7680861198823,475.97821353974075,-0.19378482833420113,-0.04891657849683501,-0.06957601175838662,-498.717187891572,-395.90401983696194,144.0028602448337
684,0,-0.15424599525811553,-0.06942215348735464,0.08321631127221442,-538.3752218357457,-428.41947179791003,476.38893269739174,-0.6067984230874307,-0.05717600941722303,0.26664421671632466,-524.4302587258707,-604.9100790397711,814.570608081059,-0.4714821118739643,-1.2309101429988372,-0.734255054843822,-745.1651991881777,-620.1488836421104,278.0986894889436,1.6769441847474922,0.5299344939222276,3.7028216432784666,-699.4995686345387,-424.81778363554076,171.75709683499528,-0.1039127330387983,-0.08605101684793061,0.06474719935139187,-658.6335242927686,-465.47981118044845,465.5066721785836,-0.21247582616804794,0.35619864412444086,1.1805416960133894,-284.9414632935275,-340.3679329586641,478.36076691342413,-0.4884122932864792,-0.18018752072729946,1.3431954294220043,-328.7589819291868,-66.99355366561565,469.74465724014567,-0.09149243661338363,-0.15586270188661677,0.15911546342814914,-395.3605059692437,-446.2614441551846,475.9577563955843,-0.1939662400893163,-0.04885950586067173,-0.07053796625340986,-498.3390838134164,-396.4404099974058,143.93731774801742
685,0,-0.15437547593799184,-0.0694657706608266,0.082711074880411,-538.0861196761608,-428.8425994185427,476.334640434492,-0.6066656860646793,-0.056911740557176196,0.2659482148551239,-524.2806359781318,-605.3291065510781,814.5433442449363,-0.47228116048939955,-1.2283008366094332,-0.7347361440978311,-744.8589525297892,-620.4046045252015,277.9397135845341,1.67851111853905,0.5304532134403349,3.7020081700680616,-699.1150539399747,-425.13458129564856,171.6259260372043,-0.10397141497114386,-0.0859637601479533,0.06396392298865636,-658.3601065844823,-465.8528478535316,465.44553447970964,-0.21258336989279664,0.3553221891454457,1.1806234550633763,-284.7576048413711,-340.8288937287169,478.46071453609255,-0.4880785502310194,-0.1802208862912997,1.3435323609684606,-328.6288656545708,-67.44949943043055,469.9215526332895,-0.0916948556195475,-0.15650492458751286,0.15897511200940734,-395.1272563306476,-446.74724666475834,475.94027885086194,-0.19411737208038968,-0.048814299337914195,-0.07134813581186482,-497.9826136314667,-396.9596450943603,143.88083959342094
686,0,-0.15444834490053702,-0.0694937559209127,0.08229561613478652,-537.8102350762015,-429.26867944686364,476.2887168479222,-0.6065102157562017,-0.05668885022631056,0.2653069843655217,-524.1277467396751,-605.7580355648546,814.514780142111,-0.4729896148832086,-1.225682375133611,-0.7351498085760217,-744.5532279022025,-620.675394843944,277.7848170742822,1.6800279648872363,0.5311541893581181,3.701235515310141,-698.7470316924132,-425.46405682252356,171.48955069061395,-0.1040026154256666,-0.08586321370931047,0.06331410744770267,-658.0970817521047,-466.2400040374775,465.3937438011864,-0.21266029462275937,0.35453240631830396,1.1807284932797983,-284.5803292227009,-341.2784724487068,478.54717016263027,-0.4877660989809412,-0.18017909493812365,1.343895448306088,-328.51430455266194,-67.898807762954,470.07977679731766,-0.09187298777417473,-0.1570713000216753,0.15886398636835744,-394.90097960254934,-447.2243067130917,475.9260084216566,-0.1942371526907966,-0.048778592537369055,-0.07200728726004714,-497.64992908130785,-397.4603049686914,143.8341771887125
687,0,-0.1544687053235174,-0.06950516445467676,0.08196916489834329,-537.548480081009,-429.6963730848116,476.25177308635915,-0.6063384469737184,-0.05651002942580857,0.2647288926903918,-523.9717848277093,-606.1948235470529,814.4855675022694,-0.4736080376570954,-1.2230929011385048,-0.7354981551663601,-744.2508710529207,-620.9604697611019,277.6367278619066,1.6814878783725438,0.5320153864884708,3.7005081319298556,-698.3982253307228,-425.805546673956,171.34938929393738,-0.10400675282135938,-0.08575314583134605,0.06280510073433504,-657.8455219790765,-466.63950086269864,465.35221182049867,-0.21270334306554894,0.3538438903229418,1.1808549886305446,-284.40988213638667,-341.7161325151793,478.6193340747462,-0.4874773129615034,-0.18006530743953195,1.3442826652828481,-328.41516618305127,-68.34069621600149,470.2178862375097,-0.09202699170997865,-0.15755775855074036,0.15878175937292405,-394.682402881014,-447.6914962346629,475.91505994000374,-0.19432460105719918,-0.04874966709238795,-0.07251825384986096,-497.3428753391701,-397.94131208619905,143.79785149288665
688,0,-0.15444142237161104,-0.06949936810951532,0.08173046214155319,-537.3015913547495,-430.12437210028435,476.22420883793774,-0.6061566694049052,-0.05637652153814532,0.26422141021636053,-523.8128111254483,-606.637414554769,814.4563017601646,-0.47413812950289713,-1.220569117181436,-0.7357847752933073,-743.9545003813095,-621.2588945712134,277.4979511614643,1.6828845376563988,0.5330115266145327,3.699831019951692,-698.0709508457837,-426.15818453889904,171.20702312279423,-0.10398464320773049,-0.08563740065788164,0.06244327261120435,-657.6063116878715,-467.04954479106215,465.3216307099382,-0.2127096793201598,0.3532698049437786,1.1810015125975435,-284.2465128762441,-342.14137109261054,478.6766565221119,-0.4872142167782322,-0.1798839136810213,1.3446915234108545,-328.3310551773581,-68.77431333419615,470.3347769553899,-0.09215705568694324,-0.15796144365449918,0.1587284055463204,-394.47214536676057,-448.1477557654437,475.90743608393376,-0.1943788916256764,-0.048724583287851106,-0.07288571622385091,-497.06297015172765,-398.4019273302216,143.77214765929716
689,0,-0.15437199126239268,-0.0694760979403132,0.08157780707198019,-537.0701376262713,-430.5514163044367,476.20621057370556,-0.6059708324291933,-0.05628809373701221,0.26379096391193574,-523.6507727306216,-607.0837790424096,814.4275078293545,-0.47458245355737766,-1.2181458707427126,-0.7360146149064087,-743.6664682051061,-621.5696076928907,277.37071875694596,1.6842121390842228,0.5341148659383459,3.6992097465850873,-697.7670871383089,-426.52092244693625,171.06415139562958,-0.1039375543712745,-0.08551980313223354,0.06223402614753341,-657.3801499292993,-467.46835877448757,465.30246153525275,-0.21267702143870723,0.3528214357225697,1.1811670750637724,-284.09049316300985,-342.5537111412636,478.7188424896347,-0.4869784751147932,-0.17964036635006458,1.3451191874849895,-328.2613567787246,-69.19874303985829,470.429706481207,-0.09226341550594762,-0.15828073141535048,0.1587042000891738,-394.27073154020854,-448.59210526301985,475.9030316666444,-0.19439941078764014,-0.04870030921820656,-0.07311596373734738,-496.81138763716046,-398.8417363044408,143.7571169648845
690,0,-0.15426639121297606,-0.06943547736549358,0.08150909403478118,-536.8545284615436,-430.97630850295997,476.19775639608605,-0.605786368181748,-0.05624304921201215,0.2634428215138332,-523.4855255918282,-607.5319501662275,814.3996293490354,-0.47494415206053875,-1.2158558590085375,-0.7361937952759091,-743.3888332413615,-621.891446639169,277.25694880807526,1.6854654298106426,0.5352960202587994,3.6986503994400217,-697.4880590818274,-426.8925588451843,170.92254132611484,-0.10386723790720956,-0.08540406231803002,0.0621817482845953,-657.1675560564697,-467.8942077180222,465.2949290642509,-0.2126037618605508,0.3525077835693504,1.1813511416622828,-283.9421296389558,-342.9526981419505,478.74584932596014,-0.4867713767686184,-0.17934098938348764,1.345562616565302,-328.2052857778889,-69.61301667447061,470.5023077086471,-0.09234637527113561,-0.15851522449457703,0.15870969111544475,-394.0786042127046,-449.0236556728007,475.9016415945492,-0.19438580268246988,-0.048673842526711635,-0.07321664510605791,-496.5889471470582,-399.2606273364572,143.7525857173009
691,0,-0.1541309290180381,-0.06937804449424521,0.0815218402463481,-536.6550239803878,-431.39792666050266,476.198627095163,-0.6056080394463979,-0.05623828080557498,0.2631810060442443,-523.3168599807266,-607.9800558399131,814.373021687345,-0.4752266737268396,-1.2137294325557508,-0.7363293950187084,-743.1233442771703,-622.2231755024036,277.15821676110363,1.6866397737664671,0.536524809215509,3.6981594692908892,-697.2348334894957,-427.2717717821653,170.7839748894068,-0.10377593538293849,-0.08529367283255479,0.062289697114779274,-656.9688782850095,-468.32541820746474,465.2990230667038,-0.2124890676517125,0.3523352216969081,1.1815536224125947,-283.8017695034342,-343.33790170383503,478.7578779105717,-0.48659381748488534,-0.17899277011778658,1.3460187233772845,-328.1619384817685,-70.0161321744868,470.55259418973776,-0.09240632855531351,-0.15866572251514213,0.1587456466298134,-393.89613663248076,-449.4416207186703,475.90297226409945,-0.1943380021256699,-0.04864231961775909,-0.07319651650112484,-496.3961075572,-399.65876266981763,143.75817059280544
692,0,-0.153972076514167,-0.06930476250543066,0.08161320597850497,-536.4717451598417,-431.81523318885974,476.20842277228945,-0.6054398172325245,-0.056269365925748466,0.26300823932607365,-523.1445280857988,-608.4263460119566,814.347948761644,-0.4754335290653688,-1.2117944671906473,-0.73642920338363,-742.8714345919307,-622.5635124406098,277.075737426238,1.687731240141753,0.5377710887638719,3.697743664581326,-697.0079276307088,-427.65715522903673,170.6501943764527,-0.10366635640300298,-0.0851918145868949,0.06255982873498987,-656.7843047545728,-468.7603927347241,465.3145059585543,-0.2123329534630254,0.352307233659352,1.1817748317543075,-283.66979929364265,-343.7089218038544,478.75535827352775,-0.4864462862701055,-0.17860314376565922,1.3464845446664737,-328.1303453636099,-70.4070793660387,470.58095686787743,-0.09244377762771179,-0.15873417098495177,0.1588129793929772,-393.7236429942641,-449.84532827470133,475.9066560177125,-0.1942562535392651,-0.04860310847176839,-0.07306519398245577,-496.2329673126792,-400.03654450803083,143.77329965067898
693,0,-0.15379630645317202,-0.06921701710928935,0.08178000896285682,-536.3046843945393,-432.22728142751055,476.2265841732705,-0.6052847907992398,-0.05633070163805899,0.2629259124322047,-522.9682729460513,-608.8692148461947,814.3245835287241,-0.4755680886347907,-1.2100762659856792,-0.7365014537321478,-742.6342263689438,-622.9111556813718,277.0103578188665,1.6887367027822282,0.539005542064249,3.697409665975528,-696.8074294224143,-428.0472565867942,170.52284893573616,-0.10354162775087561,-0.08510125189994376,0.06299257161013096,-656.6138767164384,-469.1976188861555,465.34092641527815,-0.2121363217374512,0.3524242446301725,1.1820154213472758,-283.5466373425148,-344.0653990057673,478.73893073760695,-0.4863288600391293,-0.1781797786977881,1.3469574145090253,-328.1095221546014,-70.78486993730321,470.5881525362864,-0.0924593486046431,-0.15872359096183208,0.15891265424542772,-393.5613868938966,-450.2342306296983,475.91226812897906,-0.19414111577761878,-0.048553882671028135,-0.07283291559156846,-496.09927048040043,-400.3945776277364,143.79723809109495
694,0,-0.15360993157192443,-0.06911660043952043,0.08201873491093513,-536.1537160517712,-432.6332194936307,476.2524176906676,-0.6051451109075228,-0.056415677685401365,0.2629340806878712,-522.7878578709332,-609.3072176800349,814.3030118174133,-0.4756334361069754,-1.208597451266035,-0.736554545175072,-742.412544017107,-623.2648067236585,276.9625599655398,1.689653939545458,0.5402004031201456,3.697163834856357,-696.6330279610337,-428.44061351908175,170.40344431163408,-0.10340521398065312,-0.08502423420033582,0.06358656126072951,-656.4575034624968,-469.63567415354106,465.3776383613893,-0.21190096678381942,0.35268355227371334,1.1822762883124132,-283.4327209259804,-344.40702767688487,478.70942372288283,-0.4862412106903788,-0.1777303708677002,1.3474351319936626,-328.0985173292858,-71.14857030890155,470.5752845696812,-0.09245380070000864,-0.15863799171666138,0.15904558353439407,-393.40958747079395,-450.6079129884213,475.91934564301755,-0.19399345392322973,-0.04849267581525999,-0.07251031669446356,-495.9944189583729,-400.7336302261625,143.82911767127126
695,0,-0.15341895193695887,-0.06900568131256204,0.08232554625626382,-536.0186068675353,-433.0322917304261,476.28512286782205,-0.6050219655591947,-0.056516883887722295,0.2630314808967654,-522.6030954208243,-609.7390828050908,814.2832390305583,-0.47563228418755404,-1.2073778106512736,-0.7365967602577018,-742.2069349776335,-623.6231897376655,276.93247258008654,1.6904817222484905,0.5413300934908343,3.697011894029808,-696.484052672725,-428.8357883780284,170.29329790221456,-0.10326081138092066,-0.08496240170251979,0.06433835253097411,-656.314978575897,-470.07322715075503,465.42382454504485,-0.2116295416963812,0.3530793583506633,1.1825584629552348,-283.3284894768214,-344.7335709709552,478.66782932997114,-0.48618262704917947,-0.17726245520265754,1.3479161140655957,-328.09645419912493,-71.49733541005477,470.5437766781015,-0.09242802821548243,-0.1584822687414833,0.15921251688527474,-393.26842317804017,-450.96609963960543,475.92740726932686,-0.19381442042866262,-0.04841791702187808,-0.0721082206315,-495.9174908510444,-401.05459453742674,143.86796857703024
696,0,-0.1532289156844423,-0.06888676239275082,0.08269629133059962,-535.8990261389118,-433.4238379991136,476.3238211924529,-0.6049155864754591,-0.05662634696632341,0.263215568782517,-522.4138749596176,-610.1637182545614,814.2651991387381,-0.4755669570269796,-1.2064340722618296,-0.736635987659523,-742.0176962514134,-623.9850666035461,276.91989033721626,1.6912198892664643,0.5423717584415281,3.696958601528516,-696.3595190522329,-429.2313986675596,170.19350107421252,-0.1031122194481616,-0.08491670038909775,0.06524213043167146,-656.1859970235664,-470.5090360552405,465.4785237439098,-0.21132548951201463,0.3536028979679791,1.1828629813745886,-283.234365425725,-345.04487615911154,478.61527770425533,-0.48615205176024745,-0.1767832406438806,1.3483995237847823,-328.1025661491341,-71.83044131684917,470.4953405828664,-0.09238305451874107,-0.1582620895218132,0.15941393167969584,-393.13803329909257,-451.3086573308363,475.9359734308896,-0.19360542915903334,-0.04832844947760635,-0.071637445790413,-495.8672648340738,-401.35844857195406,143.91275247893174
697,0,-0.15304479771388219,-0.06876262506363925,0.08312651598875606,-535.7945557255387,-433.8072910711213,476.36758501428613,-0.6048252839512097,-0.05673579033664574,0.2634825751151244,-522.2201877493804,-610.5802138827205,814.2487653288971,-0.47543943796373295,-1.2057795993725702,-0.7366794603344732,-741.8449046280543,-624.3492475118042,276.9242993919434,1.6918693939110192,0.5433056939454528,3.697007438613007,-696.2581787611292,-429.626142258818,170.1048903593567,-0.1029631964535894,-0.0848873112164949,0.0662894433399054,-656.070172535568,-470.94194507083245,465.54066054088116,-0.21099294214577044,0.3542426603757724,1.1831907495998593,-283.1507342217693,-345.3408887772338,478.55301100606613,-0.4861481304638695,-0.17629947384607567,1.3488853640866196,-328.11622391850364,-72.14731482082003,470.4319386266327,-0.09232001795731452,-0.15798376949207282,0.15964993034604505,-393.01851748055157,-451.63559550713205,475.9445855388718,-0.19336812653125177,-0.048223534843009674,-0.07110863003587867,-495.8422501064478,-401.64622012598886,143.96239549797477
698,0,-0.15287089965566944,-0.06863626269513995,0.08361147923400668,-535.7046998637551,-434.18217239347257,476.4154655390679,-0.6047495073721413,-0.05683690886652472,0.26382757952691205,-522.0221485519984,-610.9878390862833,814.233761659205,-0.4752514765623602,-1.2054240104526188,-0.7367335200653055,-741.6884485013519,-624.7145974746361,276.94490776751195,1.6924323231263338,0.5441156603305174,3.6971603304699885,-696.1785717993239,-430.01881646458145,170.02802869333948,-0.10281730734667514,-0.08487359870433081,0.06746898387197904,-655.9670546477067,-471.37087966895916,465.6090765697203,-0.21063659221964923,0.35498469326381754,1.1835424069029277,-283.07792494144485,-345.6216640810094,478.4823576105059,-0.48616926795463594,-0.17581733463164198,1.3493745277073739,-328.13695422229677,-72.44755823764032,470.35574240408863,-0.0922401503364399,-0.15765414054402624,0.15992015002949658,-392.90993366573923,-451.94706319562624,475.9528236034162,-0.19310436370578526,-0.04810284662995103,-0.07053207382089084,-495.84072129505734,-401.9189539879162,144.01581986956344
699,0,-0.152710772875949,-0.06851080290201694,0.08414617391202633,-535.6288947533425,-434.5480865077783,476.46651900421193,-0.6046859285376064,-0.05692164915745021,0.26424460152798535,-521.8200127491999,-611.3860365584405,814.2199751032815,-0.475004744212708,-1.2053727443092472,-0.7368034182774577,-741.5480592552074,-625.0800393866855,276.9806792288758,1.6929118828877616,0.5447890828435329,3.6974174140672753,-696.1190785671433,-430.40833057040686,169.96319727828794,-0.10267777237157094,-0.08487408404298302,0.06876644267348214,-655.8761447527069,-471.7948413215429,465.68256215766206,-0.21026154380555315,0.35581298081516294,1.1839181965729368,-283.0161926876057,-345.88737451971366,478.40470696995123,-0.4862136841645198,-0.1753423643972628,1.3498687954713873,-328.164449420181,-72.73096809083427,470.2690885315335,-0.09214474911285526,-0.1572804144442142,0.16022368944782958,-392.81229489165344,-452.24334246121055,475.9603214055982,-0.19281617267548848,-0.0479664555233339,-0.06991760388200552,-495.860757476626,-402.1776830438051,144.07197321865877
700,0,-0.15256716495247605,-0.0683894197994448,0.08472535324219073,-535.5665178416482,-434.9047143893466,476.5198303002149,-0.6046315449525529,-0.05698248483836803,0.2647267086195882,-521.6141881006594,-611.7744124980526,814.2071674334533,-0.474701023280671,-1.2056266017558308,-0.736893160475928,-741.42334049401,-625.4445543930242,277.0303692804005,1.6933123478593164,0.5453171439557747,3.6977768649414617,-696.0779698876484,-430.7937119330778,169.91039803455772,-0.10254732366921743,-0.08488644755637914,0.07016445857311064,-655.7969105413939,-472.2129023724984,465.7598873652108,-0.20987314851359645,0.35670988344922117,1.1843178526206317,-282.96570374288956,-346.13831234478494,478.3214854156773,-0.48627946232598834,-0.17487942695720748,1.350370777603883,-328.19856833961,-72.99754667545074,470.1744326608235,-0.09203514472833275,-0.15687004360186038,0.1605590568163081,-392.72556545233255,-452.5248385188841,475.96677862429715,-0.19250574749362898,-0.04781480909294645,-0.06927445980351177,-495.9002843334056,-402.42340376248006,144.1298545324035
701,0,-0.15244198928800862,-0.06827523834337108,0.08534356379853511,-535.5168967241548,-435.2518059489699,476.5745334586114,-0.6045828003640079,-0.05701267591654084,0.2652661415870613,-521.4052404337187,-612.1527237250136,814.1950864833726,-0.47434241131159405,-1.2061813051640355,-0.7370053987806664,-741.3137938301647,-625.807180314055,277.0925620113906,1.693638972477204,0.5456947759254523,3.6982347948792533,-696.0534534260158,-431.1741061990905,169.8693660428307,-0.10242807592249513,-0.0849075647016705,0.07164268540389705,-655.7287983331059,-472.62420158194124,465.8398315218823,-0.2094768335226853,0.35765662431942224,1.1847405105434154,-282.92652418602415,-346.3748869760037,478.23413306810914,-0.48636458277304784,-0.17443269987413493,1.3508837959875037,-328.2393287341924,-73.24750589841749,470.0743027935153,-0.09191266456786013,-0.156430581807255,0.16092414170165603,-392.6496569361015,-452.7920667590526,475.9719695088852,-0.19217543026381964,-0.04764870755511531,-0.06861120563506391,-495.9571183570558,-402.65705632309084,144.18853613137986
702,0,-0.15233631725526395,-0.06817123429812569,0.08599518528223773,-535.4793176031174,-435.5891719350099,476.62982859029756,-0.6045357198828016,-0.0570065014974755,0.26585445696787163,-521.1938927954691,-612.5208621772667,814.1834764367431,-0.4739315197098053,-1.2070271244575779,-0.7371413745339145,-741.218840458687,-626.1670088302609,277.16570669020194,1.6938978594862808,0.5459205640263333,3.698785233768743,-696.0437153824194,-431.5487725095405,169.83959090884846,-0.10232141666361122,-0.0849335786892784,0.07317799172515273,-655.6712429846058,-473.02794070609957,465.92121047193893,-0.2090779282502128,0.3586338054136777,1.1851846494078409,-282.89861242166967,-346.5976172511661,478.1440819771044,-0.4864669382651502,-0.17400569319493303,1.3514117091531324,-328.2868921860452,-73.48126319535064,469.97125287505116,-0.09177859503746197,-0.15596954777833738,0.16131621258592704,-392.58442461541847,-453.04563710629515,475.97574789304963,-0.19182770020999557,-0.047469276391564494,-0.06793566796028258,-496.0290119495678,-402.8795094366967,144.2471811906722
703,0,-0.15225039215382313,-0.06808013463651821,0.08667447687789934,-535.4530332862373,-435.9166755096413,476.68499503734665,-0.6044860568965318,-0.05695945608962116,0.2664826863080219,-520.9810178882158,-612.8788372827172,814.1720869047982,-0.47347164632437333,-1.2081486205283396,-0.7373009110986007,-741.1378382682666,-626.5231820988813,277.24815327037675,1.694095782210315,0.5459965707560921,3.6994202076985037,-696.0469568034181,-431.91707474558183,169.8203456212175,-0.10222792201976029,-0.08496001123906581,0.07474480424002973,-655.6236753011796,-473.423382251557,466.0029008793078,-0.20868149652375187,0.35962193548924365,1.1856480710580164,-282.88181584275867,-346.8071191048875,478.05273562291535,-0.4865843298882338,-0.17360129166541302,1.3519586859783759,-328.34154253266644,-73.69942972685,469.8678175532005,-0.0916341433480019,-0.15549429455053743,0.16173194082605954,-392.5296646119794,-453.28623627318484,475.9780485444088,-0.19146516330260363,-0.04727793593271211,-0.06725490032810189,-496.11369824222584,-403.0915497130628,144.3050566313821
704,0,-0.15218366398241223,-0.06800432375223474,0.08737562930308365,-535.4372707543884,-436.2342238417805,476.7394006937145,-0.6044294486214429,-0.056868401132093974,0.26714151112578793,-520.7676239321381,-613.2267567096603,814.1606806737254,-0.4729669037310246,-1.209524553381439,-0.737482455584955,-741.0700947010423,-626.8748894388764,277.33818627531707,1.6942399602463731,0.545928090005912,3.700129919280822,-696.0614243042165,-432.2784699649528,169.8107212183796,-0.10214730349162891,-0.08498191095813938,0.07631559776928355,-655.5855271166903,-473.809848296815,466.08386110192987,-0.20829218145101644,0.3606019525016055,1.1861279202045378,-282.87587164979584,-347.00408952459327,477.96144995910737,-0.48671444589409996,-0.17322181596587238,1.3525289380876193,-328.403659107793,-73.90279143831512,469.76646887606597,-0.0914804007640918,-0.15501188786369718,0.16216745064010413,-392.4851121864135,-453.5146085754892,475.97888503277704,-0.19109053956898722,-0.04707636759935378,-0.06657517207412442,-496.2089344753464,-403.2938752448112,144.3615414634059
705,0,-0.15213484346545308,-0.06794576056849222,0.0880928211363548,-535.431238373729,-436.54176011702907,476.7925076364341,-0.6043615767226059,-0.056731665242208636,0.26782145146733216,-520.5548344267521,-613.5648060061045,814.1490401149296,-0.4724222893837972,-1.211127993011917,-0.7376831670077517,-741.0148759406627,-627.2213646368643,277.43405680817915,1.6943377947563272,0.5457233389507167,3.7009030257883646,-696.0854353641222,-432.6324951981686,169.8096654393131,-0.1020783901424568,-0.08499403633363148,0.07786152393563649,-655.5562344215176,-474.1867200679301,466.1631483321736,-0.207914070616047,0.36155572311883033,1.1866207465092211,-282.88041167828305,-347.1892878174882,477.8715162457747,-0.48685482882472386,-0.1728690983161729,1.3531264243623318,-328.4736862268845,-74.09228389588111,469.6695755952219,-0.09131830925746878,-0.1545289966748234,0.16261839377051385,-392.4504414229448,-453.73153603581034,475.9783444704824,-0.19070664535380633,-0.04686647642355093,-0.06590197777479033,-496.3125428643805,-403.487092933155,144.4161308793215
706,0,-0.1521019730338454,-0.06790591065608946,0.0888202777843236,-535.4341328669725,-436.83925636212075,476.8438743628639,-0.6042783291336077,-0.05654908890029398,0.2685130645944005,-520.3438625889222,-613.8932276482095,814.1369723423007,-0.47184368952424643,-1.2129266577391764,-0.7378990470558867,-740.9714132520295,-627.5618842948954,277.53401263742677,1.6943965771180585,0.5453930954135748,3.701726999016448,-696.1173986106513,-432.9787536977006,169.81602350803033,-0.10201914835295448,-0.08499106742015897,0.0793531585923075,-655.5352390604775,-474.55343784957415,466.239931895661,-0.20755058939300775,0.36246650048615814,1.1871226066662675,-282.8949709121284,-347.3635152979215,477.7841459834813,-0.48700283855119997,-0.17254456787218367,1.3537545435147886,-328.55210041656943,-74.26896206066814,469.57936564506394,-0.09114863366506085,-0.15405179867638247,0.16308004652222818,-392.4252665021004,-453.93781851563045,475.97657961988386,-0.19031636839365518,-0.04665034973985674,-0.06524006231954847,-496.4224480203406,-403.671718969142,144.46843655584877
707,0,-0.15208251181595803,-0.06788569623650026,0.08955233143374487,-535.4451461833976,-437.1267073972308,476.89315503156104,-0.6041759590084579,-0.056322011787927576,0.26920714889467784,-520.1359815100136,-614.2123000333505,814.1243132555755,-0.4712378149716507,-1.2148834891595701,-0.7381251082027037,-740.9389074048396,-627.8957674936019,277.63632641220926,1.694423190773145,0.544950289741222,3.7025885414569997,-696.1558296434873,-433.31690156186556,169.82857928655005,-0.10196673859715617,-0.08496783715863625,0.08076133641412174,-655.5219895774105,-474.90950082869017,466.3135027743182,-0.20720442953215085,0.3633193194485375,1.1876292011384797,-282.91899918770605,-347.5275944676126,477.7004583004257,-0.4871556200526397,-0.1722493414779047,1.3544158322356779,-328.6393768797334,-74.43396631950009,469.49789230076607,-0.09097194164357082,-0.15358590314465842,0.1635474258432703,-392.40914467890724,-454.13425457909125,475.97379896321195,-0.18992263453202624,-0.04643021245667823,-0.06459345607340328,-496.5367101725717,-403.8481818174077,144.5181837071994
708,0,-0.15207343138196358,-0.06788546576691298,0.09028348032796843,-535.4634724129515,-437.4041260781207,476.9400961515544,-0.6040512364489968,-0.056053203697036875,0.26989494689506427,-519.9324912869471,-614.5223169672657,814.1109306179532,-0.4706120728015118,-1.2169574563034804,-0.7383555724110881,-740.9165321032716,-628.222376902994,277.7393220736807,1.6944238288890843,0.5444095619291804,3.703474028836374,-696.199362996285,-433.64663541912535,169.84609520270328,-0.10191760618162787,-0.08491957027339275,0.08205803139560179,-655.5159417600145,-475.25446657635104,466.3832795395862,-0.20687751838094431,0.3641013080590592,1.1881360371059644,-282.9518754464592,-347.68234861354716,477.6214701472946,-0.487310084626361,-0.17198431535347566,1.3551116869601025,-328.7359566029216,-74.58848615271003,469.42700447386244,-0.09078859397068459,-0.153136292566989,0.16401541995905977,-392.4015810072798,-454.32162370676474,475.970255379808,-0.18952836602573825,-0.046208379894686,-0.06396551486054083,-496.6535536262579,-404.0168270333328,144.56520545822988
709,0,-0.15207131903571125,-0.06790498377529189,0.09100844558965895,-535.4883148796744,-437.6715398045955,476.98453117189035,-0.603901588158605,-0.055746742740998494,0.27056834053269624,-519.7346845342882,-614.823568196836,814.0967262858142,-0.46997438270539904,-1.2191045649737406,-0.7385840923380528,-740.9034372537351,-628.541121339553,277.8413994733658,1.6944037497858966,0.5437867960118118,3.7043699493644624,-696.246760820214,-433.9676816060104,169.86734958931817,-0.1018676011408515,-0.08484211534923805,0.08321723537281919,-655.5165593676078,-475.5879500313812,466.4488109375354,-0.20657103122851955,0.3648018972630394,1.1886386069930155,-282.99292380685455,-347.82858251912745,477.548089589075,-0.48746291189557167,-0.17175025315958117,1.35584212683202,-328.84221535647373,-74.73372280193809,469.3683215769207,-0.09059874795060732,-0.15270728341020887,0.1644789278938287,-392.4020347748434,-454.5006703513602,475.9662340748626,-0.1891364324584973,-0.045987209662772935,-0.06335896038822766,-496.77139005618983,-404.1779232840915,144.60943507641053
710,0,-0.15207248569911067,-0.0679434406900227,0.0917222237219102,-535.5188935296766,-437.92898809966397,477.0263734123088,-0.6037252196186006,-0.05540784734126036,0.27122003158721264,-519.5438117693553,-615.1163215256604,814.0816376581904,-0.46933295021883786,-1.221279032386596,-0.7388039857598245,-740.8987527703098,-628.8514596358497,277.94105711584155,1.6943670889812763,0.5430986444871587,3.70526331335193,-696.2969188136516,-434.2797870446431,169.89117033392432,-0.10181212173655044,-0.0847321544612749,0.08421578401887049,-655.523315433247,-475.9096220216202,466.50977537221297,-0.20628544576486219,0.36541291733056536,1.1891325712283896,-283.0414307151969,-347.9670647346803,477.4811123378415,-0.48761057792609597,-0.17154786574026282,1.3566056140397595,-328.9584356280306,-74.87085222494514,469.32321336268825,-0.09040237651225322,-0.15230250527686318,0.16493300125221083,-392.4099275421905,-454.67209017506434,475.9620403570265,-0.18874959615882708,-0.04576905439007864,-0.06277591799570827,-496.8888364010183,-404.33166903620923,144.65089653827206
711,0,-0.1520730756949788,-0.06799948156181179,0.09242013319208603,-535.5544527016722,-438.17652095816845,477.06560776165554,-0.603521214095474,-0.05504267083303269,0.2718437002753853,-519.3610481713729,-615.4008070220859,814.0656383626574,-0.4686960111032284,-1.223434573190453,-0.7390084729195346,-740.9015934703444,-629.1529055472653,278.0369128450404,1.6943167423033645,0.5423620562182713,3.7061420112841703,-696.3488698288949,-434.5827118535081,169.91646401313662,-0.10174627594948003,-0.08458737496779527,0.0850340814252038,-655.5356944344463,-476.2192075061914,466.5659775139772,-0.20602063414266258,0.36592857846168814,1.1896139347275412,-283.09666249021734,-348.0985116531376,477.42122146410316,-0.48774941240713265,-0.17137787790017237,1.357398945385646,-329.0847822950251,-75.0009895164679,469.29278510235986,-0.09019930467570783,-0.15192489671695317,0.16537298115534763,-392.4246526208052,-454.8365186501676,475.95798778031696,-0.18837045470975955,-0.04555621730837018,-0.06221795001483079,-497.0047272939194,-404.47819950586234,144.68969382881502
712,0,-0.15206917595769262,-0.06807125182874786,0.09309785434090494,-535.5942693320692,-438.41419764982555,477.10228155433845,-0.6032896030600484,-0.054658069211461754,0.2724341354229448,-519.1874631450789,-615.6772037933308,814.0487381525471,-0.4680715620653138,-1.2255257326314433,-0.7391909059014922,-740.9110654646935,-629.4450332656561,278.12772223170356,1.6942543294401287,0.5415938222289046,3.706995103032297,-696.4017854732424,-434.8762236215746,169.94223995753745,-0.10166505528211267,-0.08440658994429015,0.08565668025076519,-655.5531955274257,-476.5164838030449,466.61734224476834,-0.20577598513814258,0.3663453422388783,1.1900792084279013,-283.1578826733525,-348.223573526116,477.36898999734217,-0.48787568536962705,-0.17124107788644663,1.3582172257700245,-329.2212826137665,-75.12515585995865,469.27786839987857,-0.0899892633118808,-0.15157671524762992,0.16579462341571477,-392.44558577284374,-454.99452205922626,475.95438706317964,-0.1880013836273555,-0.04535091256622745,-0.06168608440560555,-497.1181221358735,-404.617593623483,144.72599929907705
713,0,-0.15205692248125774,-0.06815645765936444,0.09375146306980128,-535.6376615978519,-438.64208571874474,477.1364950109975,-0.6030314035132194,-0.054261353335383386,0.27298733041198975,-519.0239939737196,-615.945629752983,814.0309819610325,-0.46746709269767284,-1.2275091985383868,-0.7393449795433409,-740.9262743027094,-629.7274829629516,278.2123944165073,1.6941802417998382,0.5408101550011728,3.7078130254713737,-696.4549759048609,-435.1600932349815,169.9676289471281,-0.1015635147001367,-0.08418979716168506,0.08607268421415178,-655.5753369362775,-476.8012790637064,466.6639061631923,-0.20555054670955278,0.36666169916249886,1.1905255492930837,-283.2243687067351,-348.3428225299753,477.3248859197797,-0.487985721351627,-0.17113834575869935,1.3590539302666915,-329.36781091035795,-75.2442489749012,469.27901784139345,-0.08977195781364254,-0.15125955876696928,0.16619420593569922,-392.4720968682519,-455.14659081196896,475.9515360886178,-0.1876444824837704,-0.045155231668357936,-0.06118083953941721,-497.22830705472444,-404.74988090925683,144.7600413510762
714,0,-0.15203260224202506,-0.06825243792738159,0.09437745984304592,-535.6839979330588,-438.8602600091941,477.1683915937422,-0.6027486191070923,-0.05386003683545218,0.27350054027775583,-518.8714246392622,-616.2061347439236,814.012448043256,-0.46688933223604157,-1.2293450273140683,-0.7394649152429192,-740.9463349906479,-629.9999656935754,278.2900052048205,1.694093772706091,0.540026317605657,3.7085877107715404,-696.5078879244076,-435.434092146964,169.9918964626572,-0.10143695189217132,-0.08393817118304699,0.08627595281767855,-655.6016614769813,-477.07347118644805,466.70580691538254,-0.20534317790124956,0.36687787497752317,1.1909508739635155,-283.2954275602141,-348.4567430189619,477.28927890048476,-0.48807603633772484,-0.1710706574979837,1.359901056700824,-329.5240782186108,-75.35901794563283,469.2965135559346,-0.08954714686784482,-0.15097439556684633,0.16656861378787657,-392.5035621872038,-455.293134913965,475.9497111842154,-0.18730152756769372,-0.0449711166590252,-0.06070224688560596,-497.3347920772763,-404.87504825643396,144.79209168975592
715,0,-0.15199274937191717,-0.06835624451368465,0.09497279602286655,-535.7327062620385,-439.0688016389756,477.19814857856267,-0.6024442035449129,-0.0534615902137701,0.273972296831776,-518.7303706368689,-616.4586972873667,813.993245141827,-0.46634402297742555,-1.2309977291367604,-0.7395456120435063,-740.9703838602636,-630.2622669858156,278.3598072544778,1.6939933217021432,0.5392563183403866,3.7093126137085934,-696.5601014057313,-435.6979909997795,170.01445060726675,-0.1012810787524868,-0.08365398864797237,0.08626510345971625,-655.6317430757663,-477.3329872403165,466.74327068461577,-0.20515269847574208,0.3669954946989876,1.1913539424624071,-283.37041000071787,-348.5657241502674,477.2624480245509,-0.48814349027173387,-0.1710390626187652,1.3607493651321014,-329.6896270175396,-75.47004325113166,469.330369620661,-0.08931472433781525,-0.1507216005484568,0.16691539919028375,-392.5393770106657,-455.4344813837835,475.949159787771,-0.18697393365257528,-0.044800339833074576,-0.060249873822789325,-497.43730388002126,-404.99304666101284,144.82245237916987
716,0,-0.15193423483424562,-0.0684647273922137,0.09553489921254693,-535.783283173008,-439.2677969255568,477.2259680896073,-0.6021219863063404,-0.05307321037483858,0.2744023803702969,-518.6012703334469,-616.7032251128861,813.9735086348024,-0.46583573052728383,-1.2324371709008501,-0.7395827627219833,-740.9975921165695,-630.5142485542086,278.4212372094195,1.693876658207754,0.5385126839441536,3.709982653729135,-696.6113241077766,-435.95155951259136,170.03484496463935,-0.10109217836054447,-0.083340492751033,0.08604332203275741,-655.6651940157966,-477.57980331275894,466.77659824611175,-0.20497802482379335,0.3670172376723377,1.191734409168376,-283.44872323246244,-348.67005510676034,477.2445897456124,-0.488185445507599,-0.1710446343743442,1.3615886944296718,-329.8638311475322,-75.57772274083916,469.3803480832041,-0.08907479569244509,-0.15050099596102096,0.1672328153026083,-392.5789681040611,-455.57087342107104,475.9500945315925,-0.18666272675249723,-0.04464448906747136,-0.05982284891243993,-497.53577449393396,-405.1037979335225,144.8514429556094
717,0,-0.15185434903277098,-0.06857462085216207,0.09606169815780648,-535.8353026191395,-439.45733633332935,477.2520687754812,-0.6017865621838538,-0.052701613203427665,0.2747917481803241,-518.4843831279359,-616.939559494054,813.9533956643874,-0.465367699611361,-1.2336392687365003,-0.7395729353709228,-741.0271807354925,-630.7558477203156,278.47391960028204,1.6937412234003124,0.537806319854452,3.7105940854488866,-696.6613849573122,-436.194567520925,170.05277677867937,-0.10086724170736415,-0.08300170887128684,0.08561800818220534,-655.701672522713,-477.81394450402814,466.80615005483327,-0.20481828160609794,0.3669465185604532,1.192092838930121,-283.52984163162495,-348.7699231574681,477.2358253225567,-0.4881999193282174,-0.17108839345286045,1.3624083395039246,-330.0459008904784,-75.68226419880986,469.44597819060897,-0.08882773986932097,-0.15031189583894772,0.1675198242061496,-392.62180567073455,-455.70247116986354,475.9526887320523,-0.1863685290679426,-0.04450495743015916,-0.05941989190466989,-497.6303263303253,-405.2072014076877,144.8793878703464
718,0,-0.15175087651909971,-0.06868262728387271,0.09655164611743484,-535.8884236077816,-439.63751353631477,477.27667824167247,-0.6014431473951262,-0.052352854855921685,0.27514242148558293,-518.3797943693444,-617.1674832826884,813.9330792922439,-0.4649417626864091,-1.2345864533749866,-0.7395136227407537,-741.0584362177389,-630.9870742739018,278.51766728705354,1.69358444367457,0.5371464598810208,3.7111443183381,-696.7102259643959,-436.42678700425034,170.06808093332657,-0.10060407981252495,-0.08264222846545265,0.08500029381317167,-655.7408901853297,-478.03548461840205,466.83233087108454,-0.20467288022503405,0.36678722655787943,1.192430686991525,-283.61331525907264,-348.86541478198563,477.2362070833059,-0.48818571693812607,-0.17117120822386722,1.3631974667210016,-330.2348930528167,-75.78368499302678,469.5265802038195,-0.08857424824248562,-0.15015315400360726,0.16777608049796702,-392.6674143295364,-455.8293539873156,475.9570732485147,-0.18609155674448602,-0.04438293556627112,-0.05903935059779042,-497.7212538705036,-405.303140642043,144.90660455033708
719,0,-0.15162216134882361,-0.06878549528557801,0.09700373990414839,-535.94239625719,-439.8084246720959,477.3000262930889,-0.6010974060370818,-0.052032185292231976,0.27545733357797697,-518.28742668315,-617.3867324136246,813.912741780357,-0.4645583065451553,-1.23526790106874,-0.7394032624952912,-741.0907265522978,-631.2080046239363,278.55247820948074,1.693404025413431,0.536540700991406,3.711631711054266,-696.7578930052014,-436.6479949090505,170.08072028516452,-0.10030140838032385,-0.0822669814423582,0.0842044810746718,-655.7826186087651,-478.2445450180334,466.8555744368832,-0.20454155754075862,0.366543547995283,1.1927502423479472,-283.6987757749769,-348.9565200622778,477.2457229801672,-0.4881425306393929,-0.1712936768394123,1.3639455412973416,-330.4297256766877,-75.88181911041282,469.62129294746677,-0.08831533444035933,-0.15002321576557331,0.16800189262805315,-392.7153826495412,-455.95152420375166,475.9633346680729,-0.18583163055324697,-0.04427940545049196,-0.05867924640548737,-497.8090023241649,-405.39149010356624,144.93339237391987
720,0,-0.1514671609745274,-0.0688800894813206,0.09741753048289807,-535.99706559116,-439.9701678099365,477.32233899626544,-0.6007552512342227,-0.051743935500442546,0.2757401426901524,-518.2070570607793,-617.5970105490139,813.8925671557035,-0.46421629936476216,-1.2356795315052607,-0.7392412318910129,-741.1235166267809,-631.4187732230168,278.5785282818974,1.6931982006467177,0.5359951127462044,3.7120553669605596,-696.8045257610498,-436.85797658976173,170.09077295751996,-0.09995890340588962,-0.08188101727155697,0.08324744738266086,-655.8266946215695,-478.4412921511483,466.87632869542614,-0.20442437107516465,0.3662198868340727,1.1930545350803947,-283.78593931999177,-349.0431405305898,477.26429905265354,-0.4880709917461765,-0.17145599847558957,1.3646427405602168,-330.629196733363,-75.97633163138956,469.72910403542886,-0.08805231178756405,-0.14992017329344803,0.16819816446091063,-392.7653707568196,-456.06891242953714,475.9715147707349,-0.185588199074276,-0.04419513436877955,-0.05833733001717373,-497.8941435177815,-405.47212182923755,144.96002285838927
721,0,-0.15128548612211168,-0.06896345030329401,0.09779312038143147,-536.0523725054505,-440.1228425890684,477.34383354911785,-0.6004226255718115,-0.051491438104714356,0.2759950138412871,-518.1383388013691,-617.7980064477019,813.872733280773,-0.4639133774512974,-1.2358237838087573,-0.7390278205630162,-741.1563822612053,-631.6195614417676,278.59616043741806,1.6929658978387652,0.5355144060118872,3.712414954260422,-696.85034712263,-437.05652973140786,170.09841724264885,-0.09957722699143937,-0.08148931214346719,0.08214806024610317,-655.8730233218382,-478.62593341657345,466.89504199781834,-0.20432165009655065,0.36582088523707473,1.1933472089522443,-283.8746058798695,-349.12510064283396,477.2917995844024,-0.4879726644168269,-0.1716578424197485,1.3652803308456911,-330.83200587690834,-76.06674041974708,469.8488815805392,-0.08778673874210342,-0.1498418242093385,0.16836631957438009,-392.8171155234255,-456.18138451285546,475.9816112295482,-0.18536037339589745,-0.044130668394716216,-0.058011147896370435,-497.97734923810043,-405.5449120800103,144.986731342396
722,0,-0.15107742395322987,-0.06903284288531397,0.09813114329701855,-536.1083514512735,-440.26654992481184,477.36471394521004,-0.6001052655798904,-0.051276979716061426,0.27622637465915173,-518.0808271818614,-617.989413577782,813.8534037115378,-0.4636459877417843,-1.2357091926658221,-0.7387641852615245,-741.1890220398244,-631.8105843017152,278.60587006878114,1.6927068211803242,0.5351021420702243,3.7127105677162198,-696.8956523439629,-437.2434686470412,170.10391478022834,-0.09915802327035657,-0.08109661474001972,0.08092663566886042,-655.9215782726862,-478.79871122116793,466.91215066830165,-0.20423390521404755,0.36535153430697986,1.1936323611448398,-283.96465461006676,-349.20216298593795,477.32802491945444,-0.4878499747860721,-0.17189822443125682,1.36585099189713,-331.03677814723346,-76.15244453552798,469.9794061828748,-0.08752033652327189,-0.14978573254455466,0.168508210588813,-392.87043286701373,-456.28875027198904,475.9935795002,-0.18514697177653996,-0.04408632509720914,-0.05769811969211254,-498.05936224052505,-405.60974802711206,145.01371041287112
723,0,-0.15084394196798262,-0.06908579494497342,0.09843272217782735,-536.1651245111772,-440.4013916564309,477.3851674290568,-0.5998084553992077,-0.05110178246725359,0.27643865124141886,-518.0340075856592,-618.1709514354609,813.8347196668292,-0.4634095793494433,-1.235349797046887,-0.7384522904732311,-741.2212661610606,-631.9920756804592,278.6082873647523,1.6924214331523817,0.5347609610189054,3.712942641143315,-696.9407981600132,-437.41862883437824,170.10759268889208,-0.09870388519545545,-0.0807073378344822,0.07960446311817206,-655.9723982620854,-478.9598952798365,466.928068206102,-0.20416170210331833,0.36481735473107346,1.193914351630532,-284.05603456434415,-349.27404719598024,477.372707078409,-0.4877060740628249,-0.17217539987222422,1.3663490790532804,-331.24208848936297,-76.23275866556534,470.11940209877235,-0.08725488672377499,-0.14974929083019928,0.1686260155115413,-392.92521673337825,-456.39077411516644,476.0073358523156,-0.18494657222409175,-0.04406218569877469,-0.05739562607477534,-498.14096514497714,-405.6665345368121,145.0411052719079
724,0,-0.15058667062446993,-0.06912012403276806,0.0986994036543214,-536.2228916729865,-440.5274700412233,477.405361747124,-0.5995367753394035,-0.05096601159191705,0.27663599150578955,-517.99732474412,-618.3423879905131,813.8167924469227,-0.4631988353148603,-1.2347644212034552,-0.7380948387266547,-741.2530816049056,-632.164272732284,278.604157226785,1.6921108464929968,0.5344928074805944,3.7131119126188334,-696.9861919699957,-437.5818716280402,170.10982532494359,-0.09821829428736266,-0.0803254977237505,0.07820340905576682,-656.0255802219737,-479.10977337379035,466.94317629521265,-0.204105507348859,0.3642246195872497,1.1941975854556288,-284.14875027622764,-349.3404523662848,477.4255034775463,-0.4875446400892087,-0.17248678259705927,1.3667708191247,-331.4464861010954,-76.3069527235136,470.2675666965358,-0.08699211947042794,-0.14972978181242,0.16872212291055688,-392.9814344025928,-456.4871876203423,476.0227614854493,-0.18475757060341533,-0.044058087364767205,-0.05710110609741998,-498.2229474834889,-405.7152011418367,145.06901116644428
725,0,-0.15030786366070728,-0.06913395484668419,0.09893306876248348,-536.28191723024,-440.64488707957946,477.4254431985681,-0.599293851713539,-0.05086880561317425,0.27682198502923505,-517.9702117295004,-618.5035626493446,813.7996966193812,-0.46300793429441217,-1.2339758701758785,-0.7376951940089506,-741.2845730229263,-632.327400316337,278.59431753352777,1.6917766420826443,0.534299132432777,3.7132194381879318,-697.0322810438201,-437.73308871398325,170.1110163289909,-0.0977055370861113,-0.0799546987346834,0.07674560038618597,-656.0812681287689,-479.2486409049898,466.9578176825415,-0.20406551586731217,0.3635805876644629,1.1944862721430278,-284.2428417415708,-349.40108249944865,477.485989196866,-0.4873696277329116,-0.17282889752054423,1.367114440185384,-331.6485178621106,-76.37429567050808,470.4225975621432,-0.08673360417028185,-0.14972443809771788,0.16879900786724936,-393.03911785387055,-456.57770407418576,476.0397076526339,-0.1845782417300619,-0.044073616740519385,-0.056812162885628535,-498.30607123129056,-405.7557093027525,145.09747291752169
726,0,-0.15001033662945923,-0.06912572754247281,0.09913582207081642,-536.3425123494814,-440.7537437548176,477.4455354788534,-0.5990821150299356,-0.05080832569558402,0.27699938984010897,-517.9521173677103,-618.6544091114662,813.7834642408561,-0.4628308310843439,-1.2330100805811683,-0.7372573012898604,-741.3159788863514,-632.4816562103118,278.5796765172094,1.6914206383067703,0.5341810526726016,3.7132666446031104,-697.0795415497807,-437.87220621061385,170.1115815960102,-0.09717060350816119,-0.07959815601793295,0.07525317920510527,-656.1396379446792,-479.37678966576664,466.97229088393124,-0.20404146998784617,0.3628937156208429,1.1947841675228157,-284.3383585911823,-349.4556743519283,477.5536483599264,-0.4871849837194669,-0.17319737314807127,1.3673802384279397,-331.84675034864165,-76.43410250077586,470.58321687249844,-0.0864806549713168,-0.1497304980143467,0.16885910111399757,-393.09835104760583,-456.66203486569555,476.0580016827844,-0.1844068009618615,-0.04410810624540845,-0.056526676163630045,-498.39103524213385,-405.78806006968205,145.1264864921702
727,0,-0.14969738611817074,-0.06909419820197218,0.0993098632770521,-536.4050139447526,-440.85413935476913,477.4657392900504,-0.5989025743761908,-0.05078182098085742,0.2771698777947427,-517.9425308033775,-618.7949774921931,813.7680803171453,-0.46266154453199837,-1.2318952635220968,-0.7367856048339986,-741.3476625817892,-632.6271978244059,278.5611899659604,1.6910446439236109,0.534139453815648,3.713255407489374,-697.1284670624831,-437.99918800489195,170.11193376422565,-0.09661907305346064,-0.07925874685293167,0.07374811167790307,-656.2008788777182,-479.4944963091176,466.9868466026231,-0.20403248024935358,0.36217382091240824,1.1950943045609375,-284.43532862106144,-349.5040268632325,477.6278652730992,-0.4869943452039713,-0.17358697819386065,1.3675705868772847,-332.03979013789854,-76.48578319472622,470.748192845721,-0.08623426193760236,-0.14974525616458184,0.16890465441641359,-393.1592531331395,-456.73990750752415,476.07745375347,-0.18424146407064898,-0.04416063490400195,-0.056242919698573444,-498.47843911335,-405.81230225283804,145.15600246652232
728,0,-0.1493726943157609,-0.06903843291691407,0.09945734690420585,-536.4697600910247,-440.946171091491,477.4861326668294,-0.5987546166695463,-0.05078570721199003,0.2773338108712686,-517.9410020443556,-618.9254550914301,813.7534796359831,-0.4624944414543919,-1.2306610712771675,-0.7362849677995175,-741.3800983175364,-632.764131032839,278.539838900032,1.6906502284976443,0.5341750281750554,3.7131881390282797,-697.179556129763,-438.1140380927957,170.11246875958093,-0.0960569945289644,-0.07893907895888075,0.0722520277899876,-656.2651714234348,-479.60201107801487,467.0016857068023,-0.20403685759967286,0.36143217388867105,1.1954187211174148,-284.53372130911316,-349.5460312578873,477.7079160196017,-0.4868007429076285,-0.1739917038486149,1.3676898914781956,-332.2263022209801,-76.52889227665833,470.9163581712563,-0.08599505670830704,-0.14976610751389963,0.16893760596441543,-393.2219577589968,-456.81108493709837,476.09786422263596,-0.18408050367612513,-0.044230035536704786,-0.05595968111027513,-498.5687471200591,-405.8285411984315,145.18593114253858
729,0,-0.14904022555620597,-0.06895779730638628,0.09958023682995013,-536.5370623026563,-441.0299342533091,477.506771942599,-0.5986358402469459,-0.05081565653942624,0.27749006076598653,-517.9471574367524,-619.0461852059839,813.7395450501256,-0.4623245056341979,-1.22933781359049,-0.7357605954145638,-741.4138518837826,-632.8925016318519,278.5166083003001,1.6902385413767997,0.5342882447367943,3.7130678692261236,-697.2332984715853,-438.2168018106536,170.1135548551094,-0.0954907637641647,-0.07864156385930142,0.07078606582142985,-656.3326627972996,-479.69954741764724,467.01695861193497,-0.20405196609772772,0.3606815057708119,1.1957581939065798,-284.63340741948434,-349.5817008483056,477.7929612144868,-0.4866063290809704,-0.17440489047030652,1.3677445002394852,-332.4050263664911,-76.56317746390883,471.0866253215789,-0.08576331820899326,-0.14979058434018372,0.16895945019567332,-393.2865888379583,-456.875385646207,476.1190312876455,-0.18392230122968295,-0.044314909872823785,-0.05567638068687461,-498.662252974586,-405.83694824312664,145.2161490138824
730,0,-0.14870412256287432,-0.06885194364692766,0.09968016300533598,-536.6071751180873,-441.1055231241054,477.52769326602004,-0.5985419327049306,-0.05086669697907043,0.27763588346037715,-517.9607091710043,-619.157683415831,813.7261072486368,-0.46214758176852566,-1.2279557430832264,-0.7352179635598328,-741.4495564783587,-633.012289839225,278.492467395755,1.6898102033681068,0.5344792543022462,3.712898306671757,-697.2901594390007,-438.3075660197832,170.11552461188253,-0.0949270022001509,-0.07836848399761498,0.06937069584841749,-656.4034404721266,-479.78727312039683,467.03276593941905,-0.20407410445538487,0.35993592848147143,1.1961119891399923,-284.7341162223,-349.61119953880103,477.88204060741236,-0.4864121484499947,-0.1748193946857177,1.3677425709723359,-332.5747912359465,-76.58862579414418,471.25799859255915,-0.08553902014508713,-0.14981638587148532,0.16897111704356452,-393.35323329205664,-456.93270410758277,476.14075870954935,-0.18376539434679062,-0.04441365259731382,-0.05539318498499204,-498.7590462797626,-405.837770883919,145.24650623843115
731,0,-0.14836860987151324,-0.06872079807287412,0.09975828786984028,-536.6802635796221,-441.1730329042243,477.54891458313864,-0.5984666025964216,-0.05093332047505447,0.27776685898062686,-517.9814580884615,-619.2606508294522,813.7129460331677,-0.461960585377304,-1.2265444225706443,-0.734662753677194,-741.4878839493792,-633.123408185068,278.4683519384173,1.689365286882604,0.5347477383820075,3.712683867611769,-697.3505624553779,-438.3864584776257,170.11866996456644,-0.09437243783903633,-0.078122043791698,0.06802550007070263,-656.4775046019304,-479.8653036259098,467.0491603620601,-0.20409842382003746,0.3592107713860966,1.1964776413252067,-284.83539220449785,-349.6348680238334,477.9740701806545,-0.4862179671723957,-0.175227790340337,1.367693902835041,-332.7345259945564,-76.60550558141716,471.4295826683854,-0.08532191799925123,-0.14984140092171905,0.16897286603747277,-393.4219114623572,-456.9830309085468,476.16286332570627,-0.1836085200214885,-0.04452448458248999,-0.05511111018459049,-498.85898164335333,-405.83134365010744,145.27683476623235
732,0,-0.1480379104386538,-0.0685645504433475,0.09981518969056725,-536.7563693696476,-441.23256287259767,477.5704380224953,-0.5984015733494874,-0.051009598884821955,0.27787690454829117,-518.0092892428459,-619.3559838525676,813.6997931111378,-0.46176167110617067,-1.225132180039945,-0.7341007935572572,-741.5295119116746,-633.2257031034823,278.44514880418643,1.6889033918105578,0.5350927152025801,3.7124296656136817,-697.414869283921,-438.45364677020433,170.12324060235613,-0.09383378919929428,-0.07790439694532242,0.0667688938593296,-656.5547401464759,-479.9336980321866,467.0661495884338,-0.2041188881275098,0.35852234745194284,1.1968507724109916,-284.93655340157085,-349.65324668094644,478.0678423369545,-0.48602217104676165,-0.17562259465563554,1.3676097365012216,-332.8832691409685,-76.6144025770802,471.6005875089281,-0.08511166947457621,-0.1498637242562521,0.16896420091884645,-393.49254600678347,-457.02647196284,476.1851820754663,-0.1834506547349376,-0.04464549468690355,-0.05483210947238348,-498.9616514902521,-405.8180996008936,145.30695678239795
733,0,-0.14771617933735984,-0.06838364939211311,0.09985076939685147,-536.8353765345183,-441.28422103364,477.5922526460769,-0.5983366456710955,-0.051089307469979195,0.277958366836772,-518.0441598727488,-619.4447801446057,813.6863364240962,-0.4615503535595372,-1.2237456502858155,-0.7335380019663463,-741.5750872727862,-633.3189605027181,278.4236831575635,1.688423816190729,0.5355123198171956,3.712141457771479,-697.4833581141831,-438.50933728872263,170.12944567759706,-0.09331765269241343,-0.07771764497168013,0.06561777969080618,-656.634889513173,-479.9924582893127,467.08370047552046,-0.20412828217858175,0.3578876658131153,1.197224963837882,-285.03665363553625,-349.66709418369624,478.16202970617286,-0.4858217401261629,-0.17599650955882945,1.3675025274001595,-333.02017433802547,-76.61624879050378,471.77032943233405,-0.0849079790829962,-0.14988166776182485,0.16894381039874234,-393.56493022168087,-457.0632661516488,476.2075782778192,-0.1832910526316116,-0.04477468858631073,-0.054559138190106826,-499.0663636332707,-405.798582300544,145.33669314169487
734,0,-0.147407456291848,-0.06817880463001862,0.0998641864994505,-536.9169778610874,-441.32813047635284,477.6143375429064,-0.5982598319784743,-0.05116605567135734,0.27800219614040284,-518.0860796618202,-619.5283405359087,813.6722260407416,-0.4613275767473002,-1.222409396550624,-0.732980333659925,-741.6251867725558,-633.4029155478413,278.40470831759944,1.6879258128173102,0.536003577564182,3.711825547153005,-697.556199638652,-438.55377480788997,170.13745875308882,-0.09283039416271113,-0.07756380490611578,0.0645871362900899,-656.7175265068059,-480.0415319549897,467.10174428674287,-0.20411827130649599,0.35732410891692795,1.197591693922705,-285.1344509995195,-349.67740091062404,478.2551930237646,-0.4856123028207783,-0.17634266758669032,1.367385696192421,-333.1445131717871,-76.6123425471242,471.93822839562847,-0.08471075519900413,-0.14989376774539678,0.16890954032332858,-393.63869680761456,-457.0938007419559,476.22994692458195,-0.1831292828722688,-0.044910042163620593,-0.05429619018420779,-499.17212463337347,-405.77345805040017,145.36587148947712
735,0,-0.1471156368926142,-0.06795099762196641,0.09985382842896098,-537.0006430453183,-441.36443761535105,477.6366652371162,-0.5981575633096202,-0.05123342506292727,0.2779982019774949,-518.1350834001862,-619.6081667761637,813.6570816534141,-0.46109573035383655,-1.2211456016719477,-0.7324337204796653,-741.6802752160751,-633.4772668207783,278.38889837716283,1.687408915195541,0.5365621910324266,3.7114886448869506,-697.6334314999212,-438.5872432611698,170.14742577708714,-0.09237804617802468,-0.07744474744030216,0.06368955716174755,-656.8020323263299,-480.0808187886527,467.12018312596,-0.2040795150986397,0.3568490910587694,1.1979403521655125,-285.22838487865357,-349.68539630913773,478.3457934567486,-0.4853882687525079,-0.17665487207304814,1.3672733604642515,-333.25567496689797,-76.60435851801786,472.103801622847,-0.0845202666807476,-0.14989878983451346,0.16885840180459935,-393.7132881566666,-457.1186239411872,476.25221878882684,-0.18296526711654762,-0.04504955605894113,-0.05404829884289863,-499.2776298989195,-405.7435280907239,145.39433378383913
736,0,-0.14684446072841237,-0.06770150033330305,0.09981731616770355,-537.085589804068,-441.39332237276386,477.65920535929257,-0.5980149659024238,-0.0512851143622571,0.2779353861183762,-518.191196406268,-619.6859550505673,813.6405017161615,-0.4608586131791491,-1.2199738165278862,-0.7319040041590713,-741.7406621781242,-633.5416949217943,278.3768435682116,1.6868733087882495,0.5371823604663254,3.7111376989328475,-697.7149317244593,-438.61006830003834,170.15947575164074,-0.09196621392126213,-0.07736211002595111,0.06293476574542566,-656.8875742817856,-480.11018134306704,467.13889757464995,-0.20400183614422174,0.35647971230331066,1.1982583403550093,-285.3165636284286,-349.69254948684767,478.4322096817504,-0.4851430361366431,-0.17692782238420243,1.3671800515558126,-333.3531639893539,-76.59434663896896,472.2666538628036,-0.08433728619606419,-0.1498957329801838,0.16878661879678247,-393.78792926747474,-457.13845396999665,476.2743631936341,-0.18279931789267762,-0.04519130712942632,-0.053821496828744035,-499.3812613514997,-405.7097404299187,145.4219429582306
737,0,-0.14659751340835137,-0.06743190004204191,0.09975154747590284,-537.1707590445726,-441.41501020340235,477.68192849405705,-0.597816201363464,-0.051315091165170884,0.2778023454485374,-518.2543933117842,-619.7635852242319,813.6220742404229,-0.46062134605392424,-1.2189107540133246,-0.7313968571925817,-741.8064580861065,-633.5958854432282,278.3690483329086,1.6863202166309537,0.5378566563532774,3.7107797001933083,-697.8003920033096,-438.6226221642444,170.17373363289607,-0.09159999384865562,-0.07731719264833813,0.062329146976209254,-656.9730878406341,-480.12945957534384,467.1577555403711,-0.20387444325651502,0.3562324183747286,1.1985312677498532,-285.3967647296513,-349.7005624388402,478.51275995141066,-0.4848692663286732,-0.17715731643652263,1.3671204204565814,-333.4365945258817,-76.5847190463319,472.4264646675081,-0.0841632085233706,-0.14988383394411117,0.16868971717791792,-393.8616043956101,-457.1541840745277,476.2963893321778,-0.18263217833005913,-0.04533349190418704,-0.05362272960951096,-499.4810933357835,-405.6732009160598,145.44858848857197
738,0,-0.14637823859617222,-0.06714412652109733,0.09965277743403356,-537.2547951444026,-441.42978568600586,477.70481007691325,-0.5975448612106604,-0.05131774965419616,0.2775877336381372,-518.3245510463405,-619.8431057640207,813.6013892091655,-0.4603902381674571,-1.2179701192601737,-0.7309176895760181,-741.8775307443755,-633.6395560822538,278.3659320497039,1.685752262878812,0.5385759608991223,3.7104214800156154,-697.8892919043817,-438.62533128074483,170.19033487299905,-0.09128391004070675,-0.07731084656614559,0.061875343797793185,-657.0572625683379,-480.1384893454015,467.17662229150176,-0.20368620709169058,0.3561226735172678,1.1987432442582502,-285.4664487958742,-349.71135546560214,478.58572930611285,-0.4845592153944457,-0.17734042419935947,1.3671089367471514,-333.50568442431864,-76.57822439732212,472.5829731730661,-0.08400013406086844,-0.14986257335886477,0.16856265571754134,-393.933038520479,-457.1668829641876,476.3183460682494,-0.18246506331142057,-0.0454744568498103,-0.05345971954993501,-499.5749072858147,-405.63518313865075,145.47419064945626
739,0,-0.14618995577814933,-0.0668404764301797,0.09951673452790338,-537.3360323282399,-441.43800722839086,477.72783418074596,-0.5971844036888159,-0.05128807294137916,0.2772807674665861,-518.401397086563,-619.9267142719731,813.5780524767218,-0.4601726120435996,-1.2171624711656293,-0.730471541327341,-741.9534635311592,-633.672487466352,278.36783237284095,1.685173775094067,0.539329492306215,3.710069515592473,-697.9808752752034,-438.61868686117737,170.20944089560538,-0.09102187289211316,-0.07734336778069983,0.0615719688719232,-657.1385325099488,-480.1371245071776,467.195371605748,-0.2034259845551414,0.3561646498119059,1.1988772716352358,-285.52278823591286,-349.7270444836477,478.64940197883664,-0.48420511015926354,-0.17747562706222317,1.3671595845873088,-333.5602477214264,-76.57790922349797,472.7359609454163,-0.08385091030443349,-0.14983168398190824,0.1683999974899145,-394.0006846561945,-457.17779025546,476.3403201768033,-0.1822997015910495,-0.04561271067038995,-0.05334077937771891,-499.66021549317617,-405.597136742504,145.4987032629271
740,0,-0.14603587950357136,-0.0665236286498193,0.09933876913755146,-537.4124880666964,-441.4401222878895,477.7509970160369,-0.5967186182434877,-0.05122179800502127,0.2768717610081969,-518.484454279374,-620.0167336011519,813.5517008954496,-0.45997659332751284,-1.216495116204843,-0.7300629633750776,-742.0335166608542,-633.694557049015,278.37501117346716,1.684590987830235,0.5401049223205535,3.709729760330084,-698.0741301987844,-438.6032585941567,170.23125471830406,-0.09081716348100777,-0.07741440685694367,0.06141347548434935,-657.2150715634019,-480.12526213754717,467.21389789528763,-0.2030829868659139,0.3563709331371253,1.1989157284982528,-285.5627107046858,-349.74991007689704,478.7020988817162,-0.4837995542003297,-0.17756291875664543,1.3672855597390619,-333.60018698882203,-76.58706629517897,472.8852335267812,-0.0837191268820612,-0.14979116116552874,0.16819611842449106,-394.0627179525868,-457.18830662393356,476.3624330143238,-0.18213837793250653,-0.045746915127827144,-0.05327457601344647,-499.7342941572167,-405.5606937555266,145.5221147699544
741,0,-0.14591913619445449,-0.06619664361038965,0.09911403005342662,-537.4818643620362,-441.43668240755403,477.7743099693812,-0.5961321010212149,-0.05111558041860887,0.2763526688515903,-518.5729838295899,-620.1155836620362,813.5220182661285,-0.4598108720688038,-1.2159720421842595,-0.7296958923911111,-742.1165930417407,-633.7057752148233,278.387663116205,1.6840121171244167,0.5408885934249467,3.7094075144601506,-698.1677738894407,-438.57971134151626,170.25603592407552,-0.09067244506736419,-0.07752290493560664,0.061390219584838444,-657.2847944086423,-480.1028703016682,467.23212908840424,-0.20264718466779638,0.3567522429854247,1.1988409406368175,-285.58295675909534,-349.7823582873455,478.7422198380943,-0.48333594771149274,-0.17760386407231565,1.3674989716010528,-333.62548599522,-76.60917034916302,473.03060138434654,-0.0836090626220191,-0.14974127491076522,0.16794544785107426,-394.1170374201767,-457.19997851077557,476.3848356439412,-0.181983973882864,-0.04587585285763808,-0.05326984785870271,-499.7942257231228,-405.5276725770628,145.54444749514906
742,0,-0.14584277522172417,-0.06586293946770891,0.09883766349589751,-537.5415577103686,-441.428357321287,477.7978020166253,-0.5954107233621965,-0.05096715527893598,0.2757176181727777,-518.6659283501815,-620.225749267149,813.4887515631965,-0.45968444237119377,-1.2155939055343579,-0.7293735277924875,-742.20121035575,-633.7063225500592,278.40592695249364,1.6834472869683743,0.5416658372787158,3.709107347461664,-698.2602438560351,-438.54882455827936,170.28411424932747,-0.09058980118534898,-0.07766706277524768,0.06148873013463459,-657.3453635601802,-480.0700176337039,467.2500399492293,-0.2021097420777419,0.35731716084904097,1.1986358238033474,-285.5801504274219,-349.826873315702,478.7682899344164,-0.4828089041426533,-0.17760161206787156,1.367810554253992,-333.63620320282865,-76.64780194078165,473.17186101654244,-0.08352558589431501,-0.14968258224989686,0.16764273418005265,-394.1612759641403,-457.2144773947048,476.40770247732354,-0.18184000535873898,-0.045998373006313806,-0.05333508061335076,-499.83695031073347,-405.50007933528485,145.56575502569683
743,0,-0.14580977168188722,-0.06552623830193284,0.09850502801833302,-537.5886784216905,-441.4159473855228,477.82152136615304,-0.5945420745766271,-0.05077548992966009,0.27496340884657994,-518.7618571688708,-620.349744656217,813.4517267521372,-0.45960632731591994,-1.215358089218588,-0.7290982206169747,-742.2854810247022,-633.6965871203333,278.42989963884673,1.6829083029083352,0.5424213907054088,3.7088330787545525,-698.3496965171074,-438.51151397286816,170.31590118183604,-0.09057079801486917,-0.07784434600722075,0.06169218954251999,-657.3942030804508,-480.0269039302679,467.26766541071265,-0.2014634698680803,0.35807186020953313,1.1982845820093662,-285.55088075548537,-349.8859625245086,478.77900903667665,-0.4822146460575035,-0.17756086098981008,1.3682293906158425,-333.6324664798203,-76.70656061017108,473.308777004399,-0.08347401193045847,-0.1496159381922916,0.167283327343177,-394.19281922489165,-457.23357382695076,476.4312235265882,-0.18171065470790812,-0.04611331786256479,-0.05347814858545485,-499.8593257905425,-405.4801063905037,145.58611767688916
744,0,-0.1458230191055428,-0.06519047641206414,0.09811191764291248,-537.620079822942,-441.4003936428277,477.84553621331236,-0.5935158604642384,-0.05054092326279667,0.27408996091616505,-518.8589163190268,-620.4900756364735,813.4108634047093,-0.4595852961532313,-1.2152588484173796,-0.7288713838531408,-742.3671016893492,-633.6772005533911,278.45965337054236,1.6824082829157192,0.5431399002718106,3.708587816623144,-698.4340142383752,-438.46885489070416,170.3518991198664,-0.09061656725991396,-0.0780515258758646,0.06198111067292736,-657.4285194083388,-479.97389091848254,467.2851133898598,-0.20070328591694217,0.3590198308111698,1.1977734404312401,-285.4917918498581,-349.9620944311666,478.77330318591123,-0.48155136281389543,-0.1774877727522414,1.3687626540503994,-333.6144692273742,-76.7889689926634,473.4410657888618,-0.08345992282375854,-0.14954250314435605,0.16686346838266794,-394.20883349922303,-457.25910663406324,476.4555953800332,-0.181600794348807,-0.04621943574685056,-0.05370593032476386,-499.85819576905413,-405.47012782869643,145.60563606362265
745,0,-0.14588531118628073,-0.0648596742815081,0.09765478470936013,-537.6323976517323,-441.3827849046124,477.86993451383455,-0.5923242401769636,-0.050265285616322104,0.27310068972864376,-518.9547857838215,-620.649200523274,813.366187236749,-0.4596295809992854,-1.2152875581269438,-0.7286934323231776,-742.4433537031617,-633.649071730196,278.49525554299464,1.6819611696307046,0.5438065018779363,3.7083740475349942,-698.510821507265,-438.42210632525814,170.39270780732983,-0.09072790462830514,-0.07828475081202088,0.06233418192973936,-657.4453296153846,-479.911532373689,467.30257645902833,-0.19982666866745893,0.36016159144746135,1.1970913885428347,-285.39967850536425,-350.05763074397265,478.75037629053253,-0.4808195134785414,-0.17738983565993835,1.3694153722346847,-333.58246791456764,-76.89836994910365,473.5683818970508,-0.0834889573423067,-0.14946374461249318,0.16638057568387635,-394.2063027589722,-457.29294791677484,476.48101102929024,-0.18151599858957465,-0.046315287069376494,-0.0540239092527407,-499.8304644093214,-405.47269185295164,145.62442284269065
746,0,-0.1459993125722586,-0.06453776392460966,0.09713095335877363,-537.6220996597831,-441.3643613500964,477.8948227040312,-0.5909620862613182,-0.04995199264955875,0.2720027909420289,-519.0466465986299,-620.829491247687,813.317839651114,-0.45974660068364537,-1.2154330715981276,-0.7285637579794616,-742.5111159291748,-633.6134169183099,278.5367915105302,1.6815811585370484,0.5444074578177631,3.7081937601011252,-698.5775106906941,-438.3727350265565,170.43902790706093,-0.09090537816867095,-0.07853964064319045,0.06272923801649848,-657.441497208621,-479.8406028167804,467.3203416762145,-0.19883408687001994,0.3614943895244004,1.1962309062529022,-285.2715841658419,-350.174753904227,478.7097602842621,-0.4800220598418248,-0.17727567514603612,1.3701902187231745,-333.5367808224356,-77.03781923420154,473.69030724041556,-0.08356657859971518,-0.14938143110436577,0.16583351686001832,-394.18207449561095,-457.33696470267694,476.5076486932903,-0.18146253995029413,-0.046399151495811426,-0.05443577169345962,-499.7731766469775,-405.49051004003763,145.64259274259922
747,0,-0.14616751980078543,-0.06422837408435773,0.09653881445844263,-537.5855450870223,-441.346514274311,477.9203233042287,-0.589427156103679,-0.049606106132769744,0.2708074203360369,-519.1311603480862,-621.0331960823229,813.2660833730449,-0.45994269991128306,-1.2156821918639218,-0.7284807439456484,-742.5668908278145,-633.5717852339357,278.5843898105664,1.6812820816687684,0.5449308300014426,3.708048582019106,-698.6312775456241,-438.3224383839949,170.49166168631118,-0.0911494401993887,-0.07881139283869883,0.06314430299598739,-657.413775368405,-479.762124094376,467.3387978462949,-0.19772938665482057,0.36301189240297776,1.1951886437826034,-285.1048977168662,-350.31539202354867,478.6513617155225,-0.4791646164670049,-0.17715481364608474,1.3710873382544746,-333.47778765057063,-77.20997664414416,473.8063439990234,-0.08369782818671477,-0.14929761641404155,0.16522285525826058,-394.13291380336005,-457.392978333704,476.53565981445917,-0.18144736638985876,-0.0464689444869404,-0.05494301618879426,-499.6836019865529,-405.52644348593714,145.66025106103584
748,0,-0.14639221450061807,-0.06393457709268074,0.09587799319293004,-537.5190532579427,-441.33078177908163,477.94657134161685,-0.5877201673799424,-0.04923435437341035,0.26952975661913886,-519.2044634247059,-621.2624054028709,813.2113033249038,-0.4602229124400793,-1.2160202508339497,-0.7284418179677894,-742.6068444450053,-633.5260784013441,278.63824926566923,1.6810767858911693,0.5453671641636024,3.707939906635559,-698.6691663458314,-438.2731651416904,170.5515108507789,-0.09146053641947959,-0.07909488969032426,0.06355864637867942,-657.3588572576274,-479.6773891988469,467.3584395063244,-0.19652011522782883,0.364703884253752,1.1939660248471649,-284.89744546634984,-350.4811435282444,478.57550257522536,-0.4782555073065417,-0.1770373822844042,1.3721042122991873,-333.40592954937387,-77.41699897573852,473.9159115231486,-0.08388707572335165,-0.14921461286343393,0.164551060480364,-394.0555647829245,-457.46272287478445,476.5651564418361,-0.181478056290895,-0.04652215115196101,-0.05554458906108266,-499.5593197042706,-405.58348591581057,145.67748088206415
749,0,-0.14667541194201977,-0.06365860505782434,0.0951494815982345,-537.4189801208763,-441.3188403872989,477.97370952396193,-0.5858447749641503,-0.04884510507483759,0.2681889387480319,-519.262178149066,-621.5190217564519,813.1540020083875,-0.46059075741485833,-1.2164317817477643,-0.7284435431461879,-742.6268604684003,-633.478563901457,278.6986670671243,1.6809765399731649,0.5457101561104654,3.7078689892015544,-698.6881241337423,-438.22713288780363,170.6195715692815,-0.0918392060119855,-0.07938479681897427,0.06395379296424175,-657.2734327784468,-479.587982690215,467.3798670037493,-0.19521775936360017,0.3665559912617046,1.1925697424974764,-284.6475746683694,-350.6732042195855,478.48295306264754,-0.4773057213999302,-0.17693378879892208,1.3732355718126616,-333.32170910038155,-77.66043848364532,474.0183476295018,-0.08413777302161632,-0.14913495251822628,0.16382267317710508,-393.9468180229797,-457.54780400930576,476.5961982523315,-0.1815627487790032,-0.046555784505931404,-0.05623656175014962,-499.3983029759149,-405.6647438712313,145.6943293389777
750,0,-0.14701880878979867,-0.06340154734269135,0.0943557301212565,-537.2818011265773,-441.3124927693686,478.0018820902232,-0.583807451271948,-0.048448283883062035,0.26680787221740826,-519.2994424910388,-621.8047352902048,813.0947888462229,-0.46104807820575444,-1.216901261290976,-0.7284817409136599,-742.6226080330028,-633.4318807719908,278.76606657879904,1.680990497539788,0.5459572677013997,3.7078370002280554,-698.6850632090086,-438.1868413651953,170.69692668629193,-0.0922861670789777,-0.07967564614103753,0.06431443207359339,-657.1542508970946,-479.4957970406603,467.40378215751474,-0.1938378765159817,0.3685494658137678,1.1910121179328248,-284.35422511320513,-350.89229979604863,478.3749539514548,-0.47632876335948504,-0.17685434813692688,1.3744733649362664,-333.22568975544476,-77.94115083046673,474.11291461208066,-0.0844522221752465,-0.14906133581903994,0.16304441559036323,-393.8035826186299,-457.64966003244206,476.62877948664203,-0.1817100478045387,-0.04656637397072144,-0.05701186541465921,-499.1989992244604,-405.77341409801176,145.71079332173863
751,0,-0.14742373441187692,-0.06316304599823146,0.09350069497716164,-537.104198443847,-441.31365199429064,478.03122726152344,-0.5816172755150254,-0.048055232842188496,0.2654129011495349,-519.3109596811174,-622.1210053598883,813.0343631756327,-0.46159493290425996,-1.2174138875444152,-0.7285516382845956,-742.5896224402085,-633.3890375412465,278.84102318371436,1.6811252354975394,0.5461102575730633,3.7078450316926364,-698.6569305544378,-438.1550807923402,170.78473504403712,-0.09280238259174481,-0.07996189950919617,0.06462918011786871,-656.9981864227243,-479.4030441658468,467.4309791431061,-0.19240009692769766,0.37066106569790236,1.1893112949575946,-284.0169856401758,-351.138627120393,478.2532262723878,-0.4753403976494785,-0.17680888443396223,1.375806788437793,-333.1184942526272,-78.25921675403588,474.198810189081,-0.084831366933831,-0.14899656739815792,0.16222524070940755,-393.62296093212416,-457.7695266512708,476.66281609494325,-0.18192889929557787,-0.04654998837635646,-0.05786009759383199,-498.96040385884413,-405.9127582392387,145.72680510177074
752,0,-0.1478911102207637,-0.06294101083052735,0.09258984173900363,-536.8831501506821,-441.3243229450426,478.0618682200398,-0.5792856397138093,-0.04767850454139252,0.2640333449690627,-519.2910684652935,-622.4690489229134,812.9734908701431,-0.46222954483926687,-1.2179563497016375,-0.7286480285603599,-742.5233974186089,-633.3534020395712,278.9242860625929,1.681384381023452,0.546175590057955,3.7078940586108375,-698.6007825086813,-438.13493456239814,170.8842177585083,-0.0933891031960621,-0.08023799215309885,0.06489116081660454,-656.8023099287941,-479.31226137149304,467.46233041159155,-0.19092797680090262,0.3728630667496921,1.1874912465881886,-283.6361328925823,-351.4118076108644,478.11996619632396,-0.4743582891255726,-0.17680631556105314,1.377222392325034,-333.0008015714376,-78.613881775373,474.2751834601556,-0.08527461667429637,-0.1489434790905735,0.16137631431487645,-393.40232410310085,-457.9084073312822,476.69813341209255,-0.1822284415493327,-0.046502295840562195,-0.05876741438861568,-498.68212455243537,-406.08607490855775,145.74221842174006
753,0,-0.1484214212270655,-0.06273138070321234,0.09163011004725524,-536.6160187424169,-441.3465817526329,478.0939025607784,-0.5768258810710726,-0.047331589924294586,0.2627009003408535,-519.2338341479768,-622.8498361167269,812.9129748793499,-0.4629483199044818,-1.218517536706709,-0.7287654322216232,-742.4194870173155,-633.3286831143175,279.0167934406579,1.6817683351589814,0.5461646862432095,3.7079848627902314,-698.5138626490378,-438.12977587704825,170.99664124035846,-0.09404788448411783,-0.08049835764805018,0.0650983783851611,-656.56395935044,-479.2263109531669,467.49876763672626,-0.1894486856690599,0.3751234463288873,1.185581575387462,-283.21265016959427,-351.7108560573501,477.97782329461035,-0.4734015461003146,-0.17685423397926334,1.3787042663528686,-332.8733421120143,-79.0035181934494,474.341155775099,-0.08577971211287044,-0.14890484036629126,0.16051092554149934,-393.1393861827426,-458.06705087621594,476.73445471884423,-0.1826178298375187,-0.046418660766103716,-0.05971651977157291,-498.36443329414817,-406.29666920614477,145.75679566830172
754,0,-0.14901470330280836,-0.06252796140769244,0.0906298487204921,-536.3006361036784,-441.3825542817248,478.12739020588884,-0.5742528521031232,-0.04702858049603836,0.2614489112368835,-519.1331599063053,-623.2640931949635,812.8536203009962,-0.46374593500805744,-1.2190891273472717,-0.7288982431575323,-742.2736147101384,-633.3189045369511,279.11967872160307,1.6822740971629926,0.5460939848733579,3.7081179279995307,-698.3936805631544,-438.143258042601,171.1232967351737,-0.09478057738406165,-0.08073743831709383,0.06525386940076096,-656.2808116696034,-479.1483727565471,467.54125788551835,-0.18799251586646612,0.37740627009471084,1.1836170951045437,-282.74822479547055,-352.0341678941478,477.82986077240696,-0.4724901764669594,-0.17695850018064055,1.380234314521842,-332.7368910067391,-79.42561333734074,474.39584623951345,-0.08634264152012151,-0.14888325668456814,0.15964432293779682,-392.8322747048799,-458.24593778759987,476.77139108712066,-0.18310603694188582,-0.046294275886635455,-0.06068676146614459,-498.0083036709249,-406.5478197572515,145.77019680253056
755,0,-0.14967054871864094,-0.06232237137429241,0.08959873332914652,-535.9353820457151,-441.43439481538115,478.1623398611743,-0.5715824419895074,-0.046783768881065876,0.2603115127908306,-518.982917170633,-623.7123127110384,812.796194919442,-0.46461549848776523,-1.2196660067199843,-0.7290408453078383,-742.0817868410834,-633.328371596754,279.2342651761386,1.682895190494642,0.5459847886800497,3.708293317211477,-698.238088982194,-438.17929829396996,171.26547617759059,-0.09558929086535299,-0.08094968648542707,0.06536562839607347,-655.9509529976125,-479.08192914476564,467.59077542500654,-0.18659220865501602,0.3796723056123416,1.181637188136568,-282.2452230140359,-352.37952751971727,477.67949679695823,-0.4716444720377365,-0.1771228673836783,1.3817926193268415,-332.5922597745213,-79.87678757036802,474.4384014121957,-0.08695761549747849,-0.14888105663781326,0.1587934744471111,-392.4795955183406,-458.4452767255349,476.8084329431368,-0.1837016320197109,-0.046124324956909664,-0.0616543404996869,-497.6154312464519,-406.8427433884184,145.78197075776484
756,0,-0.1503881314657653,-0.06210412346777792,0.08854767810264197,-535.5192536449146,-441.5042661183584,478.1986942381415,-0.5688310646296654,-0.04661119516640743,0.25932265822153094,-518.7770931718446,-624.1947705250716,812.7413864490883,-0.46554877884231555,-1.2202464646423072,-0.7291876867717973,-741.8404072052969,-633.3616310094758,279.3620474720386,1.6836216882908497,0.5458628834949716,3.708510543539784,-698.0453566466931,-438.2420551172869,171.42444420500132,-0.09647632621553032,-0.08112956267754039,0.06544631082200085,-655.5729452788014,-479.03074203203414,467.64826980260966,-0.18528210028658382,0.381879873479411,1.1796849415794661,-281.7066420370771,-352.7441396882848,477.53042664369605,-0.4708843406457702,-0.17734865809559516,1.3833578921253475,-332.44028682819277,-80.35284486196582,474.4680285812531,-0.08761710721301479,-0.14890016921925758,0.15797675145528808,-392.0804897830351,-458.6650120871947,476.84494381182634,-0.18441254085583497,-0.04590416947044156,-0.06259263909203693,-497.18823548071504,-407.1845575847593,145.79155002229217
757,0,-0.15116625271904993,-0.06186086382628209,0.08748875083417192,-535.0519229254855,-441.59432200457,478.2363144577312,-0.5660151304678653,-0.046524149958784206,0.25851504257875463,-518.5099530756416,-624.7115489402416,812.6897580093283,-0.46653649269884073,-1.2208321493509005,-0.7293333025755996,-741.5463893754228,-633.4234248421609,279.5046592048061,1.6844403336498783,0.545757931882269,3.7087684470396494,-697.8142343128993,-438.3358991175785,171.60140625871082,-0.09744408197840902,-0.08127153674347391,0.06551272522714838,-655.1458877805891,-478.9988219140518,467.714631059236,-0.18409710203798754,0.38398593038485995,1.1778060745072025,-281.1360395335263,-353.124685354227,477.3865260247119,-0.4702286085711437,-0.1776345141297815,1.3849080003079421,-332.28182753592665,-80.84885784925642,474.4840318425181,-0.08831196325532166,-0.14894199310725834,0.15721353924903006,-391.63468116834485,-458.90484333838816,476.8801567369526,-0.18524579117654763,-0.045629550824648285,-0.06347266893752919,-496.7298423180747,-407.5762408808313,145.7982491003607
758,0,-0.15200340543103363,-0.06157877734875825,0.08643509452081635,-534.5337808647649,-441.70669339787,478.2749642865771,-0.563150520196035,-0.04653464828989635,0.2579189421103942,-518.1762134738169,-625.2625651120838,812.641703627803,-0.46756863702722756,-1.2214277717861701,-0.7294722830972512,-741.197263366764,-633.5186391861841,279.663826563805,1.6853347483519765,0.5457026584183311,3.709065089491011,-697.5440115053102,-438.465377519652,171.79747281967096,-0.09849492863071051,-0.08137009727739232,0.06558513440388347,-654.6694715264388,-478.9903891231406,467.7906531478403,-0.18307154056102054,0.38594736017584835,1.1760476803009283,-280.53744154137604,-353.51740264119644,477.25173662167225,-0.469694316287296,-0.1779762410006648,1.3864205567034797,-332.1177445376925,-81.35928820809991,474.4858500456796,-0.08903158789186177,-0.14900726050041116,0.15652377900320122,-391.14251148149106,-459.16425628619226,476.913173904043,-0.18620724722222717,-0.04529679778319145,-0.06426363896362718,-496.2440472663307,-408.0205913445656,145.80126748523062
759,0,-0.15289785532093625,-0.06124315455008325,0.08540085439765549,-533.9659661975719,-441.84347865584095,478.31429512183007,-0.5602520791325785,-0.04665289111311802,0.25756099321389014,-517.771223391493,-625.8476038161132,812.5974058051513,-0.46863484524513055,-1.2220405788150088,-0.7295991918232222,-740.7912733717986,-633.652248311051,279.84130923751957,1.6862857229529913,0.5457318585920158,3.709397678448393,-697.2345619764427,-438.6351723934623,172.01361998917017,-0.09963105251633567,-0.08141977381398476,0.06568639275360977,-654.1440248862003,-479.00982782445567,467.8769968299375,-0.18223789718675312,0.3877224314417494,1.1744568190685716,-279.91523052362106,-353.9181928200751,477.12993550098406,-0.46929602808089926,-0.17836676483723027,1.3878735525276862,-331.94889882704695,-81.87814190846153,474.47309551553616,-0.0897642005674748,-0.14909589875753843,0.1559274496000335,-390.60496319987567,-459.44256598518024,476.9429700151456,-0.18730133825737516,-0.04490302808254915,-0.06493363801253818,-495.73525944143967,-408.5201833551393,145.79969767819378
760,0,-0.15384773335801435,-0.06083909757832927,0.08440110475758035,-533.3503779944572,-442.0067386275874,478.353832905522,-0.5573331513203372,-0.04688673286798396,0.2574629398734638,-517.2911483992449,-626.4663536562941,812.5567973432087,-0.4697247433305677,-1.2226796353443206,-0.7297084428577235,-740.3274635595146,-633.8292550094105,280.038830549529,1.687271581162748,0.5458812758028283,3.7097625300076933,-696.8863763112341,-438.8500526725384,172.25064683296787,-0.10085426966751526,-0.08141517531115265,0.06584095401970043,-653.57054866784,-479.06163352707205,467.97415349556496,-0.1816254944190064,0.3892723668727087,1.1730790044644075,-279.27401607053196,-354.32275030985625,477.0247907185434,-0.46904517167194915,-0.17879621527176048,1.3892460126440953,-331.7761418067527,-82.39915765347445,474.4455922928248,-0.09049716311825531,-0.14920689388547706,0.15544400072550188,-390.02366769266723,-459.73897045029406,476.96839995739714,-0.1885307864594177,-0.044446332752126914,-0.06545042340498762,-495.20842765630215,-409.07732297598295,145.79253864481834
761,0,-0.15485113232051123,-0.06035232694557685,0.08345176679649388,-532.6896714540616,-442.19849655474644,478.3929683602033,-0.5544051717810486,-0.047241174278365175,0.25764038314075344,-516.733152899115,-627.1184458073951,812.5195297014346,-0.4708282812366923,-1.2233549728418005,-0.7297941544701305,-739.8057492973558,-634.0546278144677,280.2579995586957,1.6882686117290957,0.5461863993607611,3.7101550765194764,-696.500580653572,-439.1148200185782,172.50913015342678,-0.10216581208601469,-0.08135104737595787,0.06607378945656912,-652.9507392454749,-479.15035510351896,468.0824114780798,-0.18125918233854377,0.3905629628823391,1.1719566349265866,-278.61849153313045,-354.72671479491936,476.939605989919,-0.4689494189110098,-0.17925214205220055,1.3905186509772431,-331.60030821902376,-82.91602558890017,474.4034124762989,-0.09121736963823354,-0.14933816071863082,0.15509175127684166,-389.4008982918492,-460.05261383224286,476.98821125830045,-0.1898963410612929,-0.04392593223371915,-0.06578230103999311,-494.6689501931615,-409.69400237767354,145.77871491626792
762,0,-0.15590619753627313,-0.05977003821600947,0.08256950668034288,-531.9872367862969,-442.4207425223059,478.4309520312062,-0.5514773335934526,-0.04771789923152948,0.2581015706239767,-516.0955752105592,-627.803494394702,812.4849500770398,-0.47193601683791825,-1.2240766724613314,-0.7298499987274878,-739.226971569011,-634.3332357544683,280.50022839402317,1.689251561542178,0.5466812400877981,3.71056992062382,-696.0789410770657,-439.4342486124232,172.78937762368352,-0.10356609179395782,-0.08122234950987067,0.06640926098986742,-652.2869984955903,-479.2805324901262,468.2018264946113,-0.18115807679570037,0.3915661972138962,1.1711274213481229,-277.95328059428533,-355.12584262482653,476.8771577823213,-0.46901211390377695,-0.17971986703294052,1.3916745042527896,-331.42220961003363,-83.4226322553142,474.34690909988456,-0.09191168844550711,-0.14948642532915263,0.15488726891622537,-388.7395477943227,-460.38265722029496,477.00106172331743,-0.19139652774980426,-0.04334229466080657,-0.06589907683933947,-494.12257040758277,-410.37185394957623,145.7571013293057
763,0,-0.15701120023031823,-0.05908175185197125,0.08177160207843052,-531.2471614939356,-442.6754417451237,478.46689555106644,-0.5485563435658953,-0.04831487346022547,0.2588462678884784,-515.3780897550007,-628.5211376267022,812.4520891936957,-0.47303933388145486,-1.2248539529557014,-0.7298690680272448,-738.592932787295,-634.66978130743,280.76664839958335,1.6901941841109667,0.5473971398207683,3.7110009310587455,-695.6238536259838,-439.8130190423238,173.0913804907423,-0.10505445104799015,-0.08102435229041507,0.0668699965829949,-651.5824295859261,-479.4566313646387,468.3321978212855,-0.18133439707665955,0.3922617653302293,1.1706228625455932,-277.2827783962064,-355.51619375700415,476.8395285723815,-0.4692317508800759,-0.18018296629889366,1.392699523525045,-331.24262782572583,-83.91332673330854,474.2767438620425,-0.0925674423658765,-0.14964712566286054,0.1548447477492581,-388.0430904179638,-460.7283547908186,477.0055425045427,-0.19302742463147457,-0.04269720859690543,-0.0657730534908705,-493.5752607514922,-411.1121049347935,145.72655316894674
764,0,-0.15816458182534332,-0.05828009977470588,0.08107576561736281,-530.4741767982154,-442.96454556774415,478.4997803034982,-0.5456462764999649,-0.049026021021257284,0.25986475660517666,-514.5818504628709,-629.2710788106169,812.419661433966,-0.4741305814222642,-1.2256943273138092,-0.7298437772706945,-737.9064126320595,-635.0687322126525,281.05802876006175,1.6910698372886988,0.5483616680377579,3.7114413701739317,-695.1383204880293,-440.2556466190689,173.41476731243696,-0.10662890983803618,-0.08075275289599984,0.06747581554623301,-650.8408179675282,-479.6829761439294,468.47305169737956,-0.18179244548977025,0.3926384913404612,1.1704668176710298,-276.610992315697,-355.8943296474584,476.8279403141552,-0.4696015009720657,-0.18062386868266164,1.3935831052966174,-331.06230791226875,-84.38320198396252,474.19390795210273,-0.09317291086307006,-0.14981433650341527,0.15497540182550695,-387.31552867314065,-461.0891326332072,477.00020665459135,-0.19478247783362052,-0.04199380499606436,-0.06538004126573443,-493.0330981695946,-411.91553362126746,145.6859412468543
765,0,-0.15936495939982206,-0.05736149716231091,0.08049991513689804,-529.6735893871805,-443.29000370323973,478.5284742942252,-0.5427485336256445,-0.04984099236732722,0.26113700565226383,-513.709609531387,-630.0531263896304,812.3860784690766,-0.47520312933229264,-1.2266028797565156,-0.7297658165151779,-737.1711629969002,-635.5342527744345,281.37470121263607,1.6918521221541678,0.5495976538582165,3.711884039589458,-694.6259131156148,-440.766404667277,173.75876042343953,-0.10828592357579923,-0.08040380582723877,0.06824274968050702,-650.0665972623843,-479.96368260428807,468.62363323626903,-0.18252776625273462,0.3926955649317646,1.1706742214417087,-275.941387781598,-356.25751675210137,476.84259237683574,-0.47010878515423005,-0.18102454721740324,1.3943185476941866,-330.8819496668377,-84.8283845068655,474.0997342028279,-0.09371783571980943,-0.14998072451969663,0.15528689249780017,-386.56132603533416,-461.4646672758059,476.9836029817028,-0.19665237044001682,-0.041236525899665484,-0.06470034778611691,-492.50213412290805,-412.78242832197253,145.63419122236812
766,0,-0.16061108594976625,-0.05632665548292967,0.08006188317754946,-528.8512000627038,-443.653775989258,478.5517575845004,-0.5398619058636375,-0.05074503530619955,0.2626320608632018,-512.7658058607649,-630.8672321331362,812.3494769402826,-0.4762513418990253,-1.2275816988170847,-0.729626164288959,-736.391881602936,-636.0701352859285,281.7164942595881,1.692515550649649,0.5511223953098446,3.712321429830401,-694.0907233869566,-441.3492436131869,174.1221370116499,-0.11002016448829863,-0.07997446421917913,0.06918220193989279,-649.2648001198149,-480.3025913287825,468.7829078081411,-0.18352651641272694,0.39244356167513167,1.1712499839688486,-275.27674463819017,-356.60392975066026,476.88250834726904,-0.47073489045327443,-0.1813672710184244,1.3949034218643388,-330.7021969627569,-85.24632465942003,473.99589885549995,-0.0941939112602729,-0.1501375382518213,0.15578280749413187,-385.78532670979934,-461.8549607241702,476.95431474651764,-0.19862495771471794,-0.04043104006617026,-0.06371970936231162,-491.98826271957944,-413.7125505824665,145.5703262481096
767,0,-0.1619017634005933,-0.05518090155372812,0.07977906159743667,-528.0132111933543,-444.05784183033944,478.56835615004076,-0.5369827372380359,-0.05171897757133375,0.2643076966394452,-511.7566179023063,-631.7135265842892,812.3077600562657,-0.47727047849844295,-1.2286294850437107,-0.729415167044377,-735.5741643073942,-636.6797322496434,282.08267997447183,1.6930362234642433,0.5529470803224886,3.7127458617017424,-693.5373041038588,-442.0077070030501,174.5031968084237,-0.11182433979899976,-0.0794625258948969,0.07030027801800469,-648.4409945326528,-480.70320308926074,468.94957247296725,-0.18476507718666746,0.39190520981589805,1.1721881122855597,-274.6190294679108,-356.9328482835808,476.94539616582404,-0.4714546285271073,-0.18163537897566484,1.3953398536141486,-330.5236239198221,-85.63607937877808,473.8844113729362,-0.09459524062284182,-0.1502746364158071,0.15646220871557734,-384.9926641602737,-462.2604087321762,476.91100243574033,-0.20068527953712548,-0.03958410792396255,-0.06243012603677913,-491.4970905646904,-414.7051042586208,145.4935117953209
768,0,-0.16323571082101043,-0.053934277272652396,0.07966798142656456,-527.1661251334145,-444.5042055359057,478.5769835169385,-0.5341051782971784,-0.05273932731500553,0.26611036817260614,-510.6899762759194,-632.592350836097,812.2586522336544,-0.47825653628451875,-1.2297413359298135,-0.7291226859123066,-734.7244365825754,-637.3658901934673,282.4719360196587,1.6933924934997808,0.5550764454606422,3.7131496104947725,-692.9706002725651,-442.74484592680693,174.89973844367998,-0.1136890586490105,-0.07886677737891495,0.07159731836510058,-647.6012065473784,-481.1686172237209,469.1220776148515,-0.18620992991383295,0.391115872180446,1.173471085643675,-273.9692890047289,-357.2448408706444,477.0275260916755,-0.4722360396774781,-0.1818140347613737,1.395634714481264,-330.3467170679914,-85.9985786967212,473.76759099260954,-0.09491874133955783,-0.1503805559325652,0.15731926424663575,-384.1886604208813,-462.6818590707901,476.8524495234431,-0.20281565804953783,-0.038703399586170105,-0.06083056376908889,-491.03381195953347,-415.7587122776439,145.40310129427297
769,0,-0.16461139453268162,-0.05260140576981148,0.07974383288651732,-526.3166359457803,-444.9948959477223,478.576389010227,-0.5312215143716492,-0.05377849567486552,0.26797549645186064,-509.5755323678533,-633.504283692184,812.1997651713709,-0.4792060544093267,-1.2309086983373054,-0.7287383083531966,-733.8498650740404,-638.1308860595068,282.88232486079863,1.6935655859919805,0.5575086887596256,3.713525007743571,-692.3958727166855,-443.56313366138403,175.30904648747722,-0.11560275820798524,-0.0781871285381522,0.07306764908037383,-646.7518307485265,-481.70147408222186,469.2986584866343,-0.18781781655981541,0.39012371738568763,1.1750695114065106,-273.32756931020134,-357.54192971842065,477.1236309736121,-0.473040150504389,-0.18189092468875487,1.395799724397684,-330.1718528931241,-86.33686736846927,473.6480290710136,-0.09516448622802008,-0.15044261874766068,0.1583429778547311,-383.37871851575056,-463.1206567568473,476.7776098007651,-0.20499588509789038,-0.03779727014454254,-0.058927490256434525,-490.60309299339735,-416.8714029719778,145.2986810313
770,0,-0.16602683042013913,-0.05120112224901328,0.08001993576891007,-525.47151686948,-445.5319590722454,478.5654109409183,-0.5283225495946386,-0.0548051435761805,0.26982810952127745,-508.4245802029594,-634.4501632903014,812.1286730540421,-0.4801159021983862,-1.2321194710852137,-0.7282516196405535,-732.9582505956547,-638.9763673333797,283.3112914286363,1.6935401448520129,0.5602356420173551,3.713864518664475,-691.8186156310749,-444.46438265961655,175.72789108423973,-0.117551697660756,-0.07742473035513713,0.07469956024994535,-645.8995303211739,-482.30390265844784,469.47737592850837,-0.18953619999435917,0.3889895605590253,1.1769420828329307,-272.69286477001094,-357.8277303398493,477.2268332145837,-0.47382079857731685,-0.18185686436947757,1.395851469566638,-329.99927057803427,-86.65631313198962,473.52853669691945,-0.09533596889112,-0.15044707397158996,0.15951702638194223,-382.56821057497126,-463.5786735671257,476.6856545344549,-0.20720350015609784,-0.03687449658257322,-0.05673521581870766,-490.2089679052996,-418.0406077988681,145.18011259278288
771,0,-0.16747937146078137,-0.04975588166572551,0.08050717585614685,-524.6375059982349,-446.11744288759155,478.54303257105533,-0.5253980252997327,-0.055784652856648104,0.27158385277599484,-507.249930185887,-635.4311023307183,812.042993954923,-0.4809830747610406,-1.2333582373646024,-0.7276525272869139,-732.0579044334363,-639.9032972256481,283.75567976017066,1.6933046758509283,0.563243195481843,3.7141607965584886,-691.2444696972453,-445.44966627625547,176.15254187395584,-0.119520026641892,-0.07658206847764387,0.07647550977088345,-645.0511288750658,-482.9774745623724,469.6561650825256,-0.19130403346153918,0.38778636067648753,1.1790358538285237,-272.0631002299574,-358.10756036356713,477.32860263318884,-0.4745245417053276,-0.18170628533860672,1.3958113387314464,-329.829040377675,-86.96477354436915,473.41207750472216,-0.09544028649692297,-0.15037926937716747,0.1608197120670809,-381.7623644621032,-464.0583196912666,476.57601742077605,-0.20941415482307457,-0.03594398129436134,-0.054276017756775055,-489.854750875252,-419.2631719967119,145.0475710451919
772,0,-0.1689654951973797,-0.04829097014358845,0.08121342849125003,-523.8211925965285,-446.7533740599598,478.50843826797615,-0.5224370507841147,-0.05667971928737395,0.27315036885373073,-506.06573479379614,-636.448496152008,811.9404739867355,-0.48180451865888324,-1.2346066073096813,-0.7269316303332463,-731.1575104567453,-640.9119062609542,284.21176857414974,1.6928518606294338,0.56651195401946,3.714406718405066,-690.6791323336661,-446.51924782559695,176.57879758791913,-0.12148993207885715,-0.07566302549688476,0.07837253958437389,-644.2134965367559,-483.7231655063263,469.83289050106686,-0.19305284113268711,0.38659836966033867,1.1812868381972266,-271.4351487542079,-358.3885126243375,477.41874911502936,-0.4750906722768147,-0.18143757817255177,1.3957053786153777,-329.6610288671813,-87.27271398823271,473.3016860896823,-0.09548823567599049,-0.15022384417288506,0.16222403336950225,-380.96615191221343,-464.5625360580571,476.44843505596197,-0.21160205475798113,-0.035014429152683726,-0.05158003532893175,-489.5429661299015,-420.5353792953263,144.90157699175026
773,0,-0.1704806065417707,-0.046833561539393734,0.08214299528861649,-523.0289064216072,-447.44172691602273,478.46106694060865,-0.5194285253626686,-0.05745106183430102,0.274429034353994,-504.88726793976224,-637.5040230272463,811.8190703724715,-0.4825770075892682,-1.2358436540238404,-0.7260806246424882,-730.2659762728632,-642.0016515515232,284.675325336113,1.6921787211786048,0.5700180886290692,3.714595408622085,-690.1282665510342,-447.67251968996027,177.00203231173347,-0.12344186416486529,-0.07467290530847367,0.08036288005237706,-643.3934330742818,-484.5413254746026,470.0054056694686,-0.19470810198845045,0.3855199375897458,1.183620931600584,-270.80488657115086,-358.6794885430174,477.4854534873226,-0.47545135900582647,-0.18105327439565563,1.3955640655242416,-329.49486316239074,-87.59327029632064,473.2003729363528,-0.09549432002086254,-0.1499649335761487,0.16369787471529904,-380.1841813016862,-465.094766681117,476.3029804792816,-0.21374046503002977,-0.03409400870420122,-0.04868493154422412,-489.27529887093476,-421.8529912641808,144.7430206511894
774,0,-0.17201887093830653,-0.04541167262682738,0.08329608353509715,-522.266612403268,-448.1843855857295,478.40065969766823,-0.5163615330698361,-0.05805823848808373,0.2753170266048258,-503.7306614633153,-638.5996362155804,811.6770294202149,-0.48329708377520825,-1.237046429922317,-0.7250927346739972,-729.3922774262007,-643.1711848660311,285.14167806337815,1.6912866220906078,0.5737343312145964,3.7147202604185106,-689.5974097487122,-448.9079552321459,177.41725892338584,-0.1253548382311563,-0.07361841343866105,0.08241470830412666,-642.5975510019679,-485.43165870733213,470.17161466088317,-0.1961909174657468,0.38465398867566053,1.185955143520805,-270.1672857835609,-358.9911888500728,477.5153394184527,-0.4755319397776864,-0.18056005624526458,1.3954219860353196,-329.3298969496436,-87.94225049875945,473.11101733721387,-0.09547666939922807,-0.14958637526626256,0.16520431294222926,-379.4205982090652,-465.65891127865257,476.14008729807,-0.2158022618700333,-0.0331900131710608,-0.04563532513199093,-489.052568995387,-423.21130138141814,144.57317616056253
775,0,-0.17357309160521947,-0.044053076949666,0.08466835905577207,-521.5398130553965,-448.98310070124813,478.32729871845277,-0.5132256952098146,-0.05846055433760048,0.27570967937488805,-502.61260398473206,-639.7375475032457,811.5129554099024,-0.48396107521129333,-1.2381905529545243,-0.723963161286455,-728.5452992922909,-644.4183304410285,285.60580379073724,1.6901811067934642,0.5776310450152212,3.714774966204781,-689.0918836590843,-450.2230761931715,177.819209629882,-0.12720680470489312,-0.07250758794929682,0.08449301928320467,-641.8321617024492,-486.39321450661714,470.3295334355299,-0.1974199295619175,0.3841101939316967,1.188199114896609,-269.5165443695515,-359.33605986279315,477.49358831774873,-0.4752513903310574,-0.17996859141705887,1.3953174167140983,-329.1651815916101,-88.33807144979056,473.0362503888022,-0.0954568718426907,-0.14907190831867856,0.16670203597175146,-378.6789968657481,-466.2592593807047,475.96056201052437,-0.21776051369939722,-0.03230854254260103,-0.042482000163252064,-488.87472884114766,-424.6052035641068,144.39370441312352
776,0,-0.17513464246059415,-0.04278423635293405,0.08625060143580311,-520.853460964229,-449.8394424300487,478.24143458951295,-0.5100114707393985,-0.05861804259193049,0.2755030722083405,-501.55000910870535,-640.9202022030922,811.3258666395357,-0.48456519269729786,-1.239250853247344,-0.7226895335914394,-727.7336817143648,-645.7400734045752,286.06243219201383,1.6888715733593818,0.5816772895835962,3.7147535700150085,-688.6167065529114,-451.61443805737525,178.20243283796594,-0.12897507451523416,-0.0713496765716763,0.08656056453282733,-641.1031675803897,-487.4243896450345,470.4773481989583,-0.19831344101954065,0.3840028786159646,1.1902568857536082,-268.84625189125813,-359.7281948189734,477.4040981806761,-0.4745229938915399,-0.17929319902475885,1.3952917921524224,-328.9994455898892,-88.80162753211567,472.9783307773188,-0.09545971829365446,-0.1484053565562386,0.16814586712016025,-377.9623454339215,-466.90040809053033,475.76558242260154,-0.21958907649375214,-0.031454232422297154,-0.0392809029404511,-488.74088528662213,-426.0292747503335,144.20664291924956
777,0,-0.17669346549911483,-0.04162930119607649,0.08802848535975838,-520.2118835351952,-450.7547519642075,478.1438998146633,-0.5067103992275536,-0.058492494394392275,0.2745967844253914,-500.55966159000593,-642.1502458396884,811.115235334319,-0.48510570460904995,-1.2402020694655806,-0.7212723507860289,-726.9656714988512,-647.1325597158357,286.50616229139536,1.6873708043272784,0.5858417904422025,3.7146505555680336,-688.1765087888135,-453.0776355204155,178.56140482033322,-0.13063678302043388,-0.0701549572729727,0.08857881317235304,-640.4159631245066,-488.52294286194814,470.61346825575896,-0.19879167429360883,0.38444871504571,1.1920288669001184,-268.14958815569247,-360.1831911782723,477.22968611593706,-0.47325523570922673,-0.1785513625420402,1.3953890528330468,-328.83108528617953,-89.35609024426057,472.9390166739021,-0.09551285944913401,-0.14757079022115968,0.16948738630677468,-377.2729277893042,-467.58716655592224,475.55668051396253,-0.22126319135324446,-0.030630056561855856,-0.03609193808741672,-488.64934555374725,-427.47787108095963,144.01438145640452
778,0,-0.17823813766979482,-0.04060921845310111,0.08998250395706446,-519.6187218987724,-451.73009385829926,478.03590681946304,-0.5033152849916092,-0.058048508955844964,0.2728967324315806,-499.6578514846202,-643.4304830129591,810.8810087976316,-0.485579182436352,-1.2410195804979471,-0.7197153977828684,-726.2489876051419,-648.5911086297347,286.93158945164,1.6856943721890845,0.5900937240194836,3.714460982896633,-687.7754528489651,-454.6073296904306,178.89065383048455,-0.1321693728173943,-0.06893450181094306,0.09050889189179784,-639.7753475164516,-489.68602163930586,470.73657094905144,-0.19877909378416003,0.3855642629667677,1.1934139615247603,-267.4195508515979,-360.71796621181016,476.9523329643946,-0.47135294262471683,-0.1777631143104143,1.3956548689126547,-328.6581689790292,-90.02663921096793,472.91943761799416,-0.09564637288603232,-0.14655266231028785,0.17067563728756713,-376.612304129737,-468.3244509723743,475.3357087349585,-0.22276007413885593,-0.029837227039026373,-0.03297757977775449,-488.5976851294874,-428.9452371349448,143.8196226929326
779,0,-0.1797560075549786,-0.03974097475193662,0.09208804041494138,-519.0768855494608,-452.7662117427324,477.9190295149051,-0.49982032377184393,-0.05725453207647648,0.27031799861792566,-498.8600074227075,-644.7638291974922,810.6236100670715,-0.4859828065100658,-1.2416801523933279,-0.7180261170958051,-725.590703269459,-650.110238784113,287.333438898952,1.6838599470952567,0.5944032420775284,3.7141806836250515,-687.4171591576177,-456.1972979931619,179.18489354910184,-0.1335510754964861,-0.06769988508917033,0.09231246624571117,-639.1854511059347,-490.91020120204354,470.845636573003,-0.19820670877365928,0.38746342826361935,1.1943117772578478,-266.64920696173976,-361.35053447054327,476.55346704334175,-0.4687186805258112,-0.17695032276840897,1.3961357419763079,-328.47845578138634,-90.84012698491227,472.9199707304975,-0.09589223818825118,-0.14533591857745667,0.17165790812869752,-375.9812922784715,-469.1171745274974,475.10478949089975,-0.22405948748114418,-0.02907520888708727,-0.030001320374230953,-488.58283542544444,-430.4256273585987,143.6253275583521
780,0,-0.18123339671690408,-0.03903699102554091,0.09431558420880182,-518.5885239520554,-453.8634899093699,477.79516832647255,-0.49622117533509713,-0.05608384867503193,0.26678755255558,-498.180340882817,-646.1532564864476,810.3439173875443,-0.48631471876064836,-1.242162674028966,-0.7162159192601023,-724.9971484835029,-651.6837089704591,287.70670109498195,1.6818865358088138,0.5987416860101501,3.713806519448986,-687.1046391977322,-457.8405069707732,179.43916206841809,-0.13476137450922948,-0.0664628470161528,0.09395253354614118,-638.6496776820302,-492.19153549235125,470.9399715849634,-0.19701427325721815,0.39025491489418807,1.1946248671589865,-265.8319615673382,-362.09975178794775,476.0142826700644,-0.4652544120538117,-0.17613591678174026,1.3968779933114117,-328.2894296865837,-91.82468189785978,472.94012591542577,-0.09628371859360074,-0.14390608274016092,0.1723805706111926,-375.37997100731997,-469.9701370607707,474.86624845555525,-0.22514428411968196,-0.028341855735449374,-0.027225987869457697,-488.6011881697615,-431.9134381871204,143.43464588788507
781,0,-0.18265585558370623,-0.03850467764005394,0.09663107999644785,-518.1550159594078,-455.0219231020757,477.66649947958865,-0.49251498706501795,-0.05451549358850925,0.26224676095179017,-497.63151364347556,-647.6017345093953,810.0432229473369,-0.4865744074365213,-1.2424488491669299,-0.7143004149668628,-724.4738353197877,-653.3045744125618,288.04676357049425,1.679793681019793,0.6030814745692309,3.7133367003967823,-686.8402376569064,-459.5292073148389,179.64896206644036,-0.13578143490956593,-0.06523491750374832,0.09539410683861489,-638.1706640155679,-493.5256196906309,471.01921900130645,-0.19515230207275314,0.39403974460106456,1.1942609384843952,-264.96183654860226,-362.98503134342695,475.3160877644949,-0.4608634042544022,-0.17534308150423836,1.3979266538070059,-328.08834853322435,-93.00925511578605,472.978444837714,-0.09685465026166026,-0.14224932054561798,0.17278996325137988,-374.80770607943464,-470.8879193274042,474.6225332983826,-0.22600090730016373,-0.02763366129191393,-0.02471197597885769,-488.6487130535838,-433.40334840240484,143.25083374569076
782,0,-0.1840084606087914,-0.03814615352324451,0.09899639231205361,-517.776977388061,-456.2410966079684,477.5354101757441,-0.48870037504468133,-0.05253504480400482,0.25665358250220766,-497.22434035357855,-649.1121679221532,809.723172454065,-0.48676310722892857,-1.242523808412562,-0.7122995537674015,-724.0254076454352,-654.9652589406422,288.3495336292854,1.6776006482847041,0.6073956820893012,3.7127711499420997,-686.625585469118,-461.2550496036039,179.81039741447668,-0.13659448965073903,-0.0640270185619507,0.09660477833955282,-637.7502576351668,-494.90766365542726,471.0833554840457,-0.19258382885367115,0.3989089155375772,1.1931349701540785,-264.03375068254843,-364.026037997389,474.44067353936214,-0.4554523622856713,-0.1745944582943898,1.3993242769283538,-327.87230690056134,-94.42311988173992,473.03241838313875,-0.09763864465885543,-0.14035248796651276,0.17283330213015788,-374.26319902075255,-471.87478660872324,474.37612033746814,-0.22661982910778491,-0.02694610985163606,-0.02251544647225655,-488.7210848120557,-434.8904641503572,143.07715974128516
783,0,-0.1852761389189344,-0.03795812918313103,0.1013698683972841,-517.4542864698992,-457.52017848201206,477.40442199817784,-0.4847773703421537,-0.05013526473133918,0.24998434813334997,-496.9675373223338,-650.6873319719069,809.3856881871953,-0.4868841969323353,-1.2423766035253876,-0.7102376566284341,-723.6556158329361,-656.6576428783486,288.61154668475587,1.6753256253465145,0.6116573536706119,3.712111894207287,-686.4615656124193,-463.0092183583634,179.9203012324147,-0.13718617560822097,-0.06284905979119774,0.09755515844322442,-637.3895132469291,-496.332575399181,471.1326752436807,-0.18928583974862223,0.40494126564549826,1.1911711831814495,-263.04379182612,-365.2423675735603,473.3706981155001,-0.44893375160613164,-0.1739113785916718,1.401109702100004,-327.63831143432867,-96.09533263482862,473.0984270114127,-0.09866821522969665,-0.13820316998270765,0.17245960350528095,-373.74455789603553,-472.9346060034956,474.129412465664,-0.2269959023480683,-0.026274098648903826,-0.020686580099709233,-488.8138157020079,-436.3704639844566,142.91680348041612
784,0,-0.18644400836944897,-0.03793195061373466,0.10370698384377566,-517.1861261834583,-458.8579254451579,477.27610537771477,-0.4807473391134328,-0.04731655848103847,0.2422350370939177,-496.86752715848485,-652.3298076768091,809.0328791043129,-0.4869435752916499,-1.242000550443289,-0.7081433330888388,-723.3673161569188,-658.373165839844,288.83005579168315,1.6729849570633735,0.6158386269809036,3.7113634436635783,-686.3482933492086,-464.78258123897825,179.97635038201832,-0.13754481532882976,-0.0617095450155018,0.09821919261707289,-637.0887076395496,-497.7950534048366,471.1677614354761,-0.18525032782168246,0.4122015993365415,1.188304812864749,-261.9894713509241,-366.6532179804814,472.09007490751554,-0.4412282576178387,-0.1733131590106357,1.4033168010571353,-327.3833666923959,-98.0541672485833,473.17170792181304,-0.09997384570553675,-0.13578971727623687,0.17162060188572723,-373.2493886162989,-474.0707810712135,473.8846323745373,-0.22712859820569117,-0.025612396924648322,-0.019267965287235563,-488.92238925282504,-437.83973856981277,142.77274991488179
785,0,-0.1874977237301896,-0.03805379835286697,0.10596105910207695,-516.9710417670364,-460.25270362821914,477.15298820140873,-0.47661288576228206,-0.04408722359533406,0.23342197560162323,-496.92830686824914,-654.0419181240292,808.666942347535,-0.4869499940361081,-1.2413933970629978,-0.7060492784073554,-723.1624936534904,-660.1029430278027,289.003098973503,1.6705924397945024,0.6199097465393459,3.710533129218947,-686.285112269222,-466.5658495184825,179.97716157711423,-0.13766164277867868,-0.060615208559944865,0.09857436315551257,-636.8473723612958,-499.2896862477479,471.1894461784873,-0.18048492688821796,0.4207391256601476,1.1844836371908947,-260.86995084904737,-368.27705906597816,470.58435584034885,-0.4322673187289207,-0.1728164825186559,1.405973244226502,-327.1045692998371,-100.3265350260088,473.24635229165085,-0.10158302346296984,-0.13310128877284258,0.1702716467469116,-372.77490456277076,-475.2862065973634,473.6437155667891,-0.22702210273389323,-0.024956102379434422,-0.018293217443381388,-489.04239121928543,-439.2955194703533,142.64768368370574
786,0,-0.18842382261468305,-0.03830503343660768,0.10808403747455017,-516.8070111374481,-461.70252483512473,477.0374616800084,-0.4723777487701352,-0.04046347315668783,0.22358190728685773,-497.1513846498158,-655.8256672930968,808.290061029997,-0.486915325899283,-1.2405573059215385,-0.7039919515184394,-723.0423063505895,-661.8378930726626,289.1295420402084,1.668158701844427,0.6238380654203858,3.709631351424465,-686.2706070600973,-468.3497454577955,179.92236468675588,-0.13753097321141822,-0.05957069968320163,0.0986017860074382,-636.6643429448719,-500.81105765643457,471.1987606733921,-0.1750130998017111,0.43058624212170804,1.1796692221046536,-259.6862313978023,-370.1313079650375,468.84109888618167,-0.42199565664483213,-0.17243488839126708,1.4090993279099588,-326.7992080016163,-102.93740429666862,473.31533505086844,-0.1035192669192537,-0.13012790821365885,0.1683725605673215,-372.3180515982254,-476.58324515337506,473.40820785508157,-0.22668525095021347,-0.024301056083794646,-0.01778591461762657,-489.1696338593191,-440.7359917828145,142.54388753345623
787,0,-0.18921006718514333,-0.03866267997413427,0.1100273160236488,-516.6915255626132,-463.2050983335501,476.93168645815547,-0.4680466987850892,-0.03646922320094121,0.21277141251481796,-497.5357881146846,-657.6826826762107,807.9043034185119,-0.48685474567674925,-1.2394986581181262,-0.702011140206415,-723.0071480447425,-663.568874988245,289.2090956466823,1.665690699803218,0.6275871315788567,3.7086717022720963,-686.3026334467833,-470.1251718889787,179.81264939343177,-0.13715031869477853,-0.05857833261117412,0.09828621493384665,-636.537823023567,-502.35385484695377,471.1968771397266,-0.1688738730856869,0.4417576818701289,1.1738378497553577,-258.4412963596754,-372.23201647875425,466.85020907650227,-0.4103737173112539,-0.17217839120569017,1.4127069057112176,-326.4648670709448,-105.90923442613021,473.3705787391901,-0.10580118092180346,-0.12686054262590618,0.1658884407078608,-371.8756448745032,-477.9637259006079,473.1791719504419,-0.2261312867534928,-0.023644181670835523,-0.017758919742084454,-489.30027000132543,-442.16038614770696,142.4631485859949
788,0,-0.18984577941466446,-0.03910003246959215,0.11174261968860974,-516.6216777907439,-464.75789734758683,476.8375017166987,-0.4636254478390505,-0.03213564526980936,0.2010656848625448,-498.0781441140207,-659.6141628241454,807.5115285249253,-0.4867868047253143,-1.2382277009717992,-0.7001494250186507,-723.0567262905375,-665.2868314565326,289.2423063070187,1.6631913615021177,0.6311159520074556,3.707670923756865,-686.3783652646657,-471.883379267439,179.64978210557905,-0.13652045177539224,-0.05763791730745586,0.09761596629479415,-636.4654613507182,-503.91297769671274,471.18504443539496,-0.1621211249480524,0.4542500258072645,1.16698109949613,-257.1401997967238,-374.5935766821311,464.6042421177218,-0.3973799285780476,-0.17205324568341915,1.4167984688661412,-326.09953042645793,-109.26143967820961,473.403051965947,-0.10844157847821503,-0.1232912094695707,0.16279038804187873,-371.4445132714558,-479.4289648285398,472.9571073258285,-0.22537744827588882,-0.022983722578721447,-0.018214138782172373,-489.43089385326556,-443.5690466906082,142.40667564619136
789,0,-0.19032216873858596,-0.03958737433545539,0.11318290613486212,-516.5942548996502,-466.3582384804557,476.7563397285263,-0.45912057687433694,-0.02750049507450255,0.18855670505285418,-498.7728277049426,-661.6208308208581,807.1133026591898,-0.48673338360563806,-1.236758075510913,-0.6984515572285559,-723.1901520047031,-666.9829354037793,289.2305219181973,1.6606594025747499,0.6343785184071055,3.7066486756316466,-686.4943581847715,-473.6161257128095,179.43659088056427,-0.13564542034335417,-0.056746682638152426,0.09658277809532258,-636.4444395054553,-505.4836460830283,471.1645192632876,-0.15482244618748764,0.46804156812767506,1.159106054145852,-255.79009409370943,-377.22845046137866,462.0986601235417,-0.38301267736725264,-0.1720618692429186,1.421366419513058,-325.70168368791326,-113.0098985555978,473.40290187493997,-0.11144671087335938,-0.11941311722690093,0.15905614618685723,-371.02164685617555,-480.979804416018,472.7418868224717,-0.22444439049689116,-0.02231936090127113,-0.01914273932047823,-489.55862611475897,-444.9634726062633,142.37503000017279
790,0,-0.19063265133338564,-0.04009279180132461,0.11430328537487931,-516.6058333368107,-468.0033713439714,476.68914801114687,-0.4545394859949424,-0.022607237907678775,0.1753508828929037,-499.61217502306016,-663.7028945954407,806.7108306979334,-0.48671951312188516,-1.2351062676294455,-0.69696376777828,-723.4060370131549,-668.6487366977534,289.17583303818714,1.65808933527401,0.6373236638957239,3.705627095837459,-686.6466291748224,-475.31582609973606,179.17691708848756,-0.1345325171648017,-0.055899299131942554,0.09518161684487099,-636.4715679238766,-507.06150252342735,471.1364948278032,-0.14705760476979085,0.4830925156216121,1.1502351088840395,-254.40019230135545,-380.1469280589733,459.3320298574254,-0.3672919102767827,-0.17220292775438642,1.4263925781567726,-325.27041123734824,-117.16652388481691,473.3596188409067,-0.11481565067709992,-0.1152208412167516,0.15467063660668123,-370.6043424589047,-482.61666964845233,472.5327125172492,-0.22335546953152416,-0.02165221201884768,-0.020525826140286134,-489.68118163041675,-446.34633232192584,142.36807135081142
791,0,-0.19077316006347428,-0.040583064526921876,0.1150619352322202,-516.6528739025645,-469.6905748451522,476.6363208815871,-0.44989036818041844,-0.017504000008296012,0.161566263861469,-500.5867520645173,-665.8600149150255,806.3049047394746,-0.486773060152439,-1.2332910262729857,-0.695733023437077,-723.7025959126073,-670.2763057838354,289.0809917280214,1.655471677194487,0.6398953025156222,3.7046301500772607,-686.8307503256584,-476.9756869781678,178.87553364522415,-0.1331922077952149,-0.055088003414632096,0.09341044545659323,-636.5433878174474,-508.6427071537121,471.10202871114546,-0.13891665742291542,0.4993454977435361,1.1404053705181303,-252.98166299444298,-383.35692005558155,456.3061552817087,-0.35026026697484713,-0.17247158261145992,1.4318479615199309,-324.8054851493376,-121.7389079421532,473.26223042899574,-0.11853987244079699,-0.11071053253487752,0.14962637666425924,-370.19034233520256,-484.3396364897312,472.32809229176206,-0.22213592573736962,-0.020984700076908513,-0.02233554027592671,-489.7969184999738,-447.72145041564255,142.3849197557807
792,0,-0.19074244335320953,-0.041024610939512526,0.1154209920747287,-516.731814725284,-471.4172559838027,476.59764188346134,-0.445182203125245,-0.012242382093779194,0.14732941708198807,-501.6856689074354,-668.0912818507005,805.8958715494495,-0.48692428101484925,-1.2313327841422,-0.6948062442497642,-724.0777487363816,-671.8583711745221,288.9493102462525,1.652793356014919,0.6420330827964051,3.703682781012799,-687.0419551925913,-478.5898248649125,178.53803083833003,-0.13163802052032575,-0.05430282109162012,0.09126996485849193,-636.6562765106488,-510.22402208354845,471.06197163374526,-0.1304977667029372,0.5167263642445854,1.129667652173478,-251.54745801704487,-386.8637866274587,453.02613810008523,-0.33198366519614003,-0.17285988923491882,1.4376928599357803,-324.30744261962406,-126.73005532212333,473.09952046659083,-0.12260307315804105,-0.10588015351700937,0.1439237698280475,-369.7779609269175,-486.1485083556649,472.12583745708906,-0.22081201499058578,-0.0203203303019514,-0.024536517500145225,-489.9048681873335,-449.09376866495876,142.42393371998944
793,0,-0.19054234994420038,-0.04138446313948699,0.11534739576262219,-516.8391605512867,-473.18104669932245,476.5722382576002,-0.4404247641366111,-0.00687617643779113,0.13277213438124608,-502.89692700658077,-670.3952004446693,805.4836188869169,-0.4872052514801387,-1.2292531046655013,-0.6942294939793757,-724.529221102109,-673.3884478901318,288.78454232262226,1.6500382955081339,0.6436734641985402,3.702809881455714,-687.2752553291292,-480.1533661622716,178.17067199746865,-0.129886401560429,-0.05353187986187355,0.08876334129274892,-636.8065537193337,-511.8028822724313,471.01689867442013,-0.12190479836711714,0.5351452479112272,1.1180850910378815,-250.11207624994736,-390.67020741340843,449.5003622747327,-0.31255126969632213,-0.1733573287322336,1.4438772351983613,-323.77764828520293,-132.13821406403753,472.8602679409349,-0.12698126830031825,-0.1007297284944583,0.13757125960801347,-369.3661949494908,-488.04289590248095,471.9230808053019,-0.2194101472520458,-0.01966338440497609,-0.027087615029592206,-490.00474673109443,-450.4692836627519,142.48270397948826
794,0,-0.19017809480003045,-0.04163124370450407,0.11481366764717431,-516.9715668977357,-474.9798942707366,476.55854839489183,-0.4356286283131913,-0.0014600320271144981,0.11802807549051332,-504.2077860446388,-672.7696861997739,805.0675795940483,-0.4876491887845342,-1.2270741671217729,-0.6940471536476677,-725.0546387771664,-674.860954200038,288.5907501789058,1.6471881584150196,0.6447512019680854,3.7020351282441126,-687.5255642755144,-481.6625275910502,177.78022245404688,-0.12795653823705702,-0.05276180033698,0.08589593052034994,-636.9905862704749,-513.377450263942,470.96704447098983,-0.11324478830132587,0.5544978706016633,1.1057314403052267,-248.691269343502,-394.7760948961952,445.740401093045,-0.2920747955694827,-0.17395144587095043,1.4503414512803596,-323.21833765978056,-137.9568128495405,472.53349939435566,-0.13164318926496488,-0.0952615945979889,0.13058534139210887,-368.9548124240413,-490.0222955313846,471.71631366222687,-0.2179560957662899,-0.019018573112439922,-0.02994379750081003,-490.0969476629216,-451.8549642089526,142.55806205267075
795,0,-0.18965849939592316,-0.04173611516564037,0.1137986000789415,-517.1259177683679,-476.81214099303764,476.55430304753645,-0.4308051788142748,0.003951886660059949,0.1032294921397903,-505.60513645798596,-675.212070831934,804.6467513797404,-0.48828968684159546,-1.2248182920764838,-0.694301087865239,-725.6516139090174,-676.2713143230116,288.37216093691165,1.6442232138183654,0.6452012030081173,3.7013797228831207,-687.7878259367665,-483.1146765620808,177.37375633712446,-0.12587015247359376,-0.05197814862475123,0.08267500912092561,-637.2048887282502,-514.9466524164293,470.9122439121586,-0.10462537704263065,0.5746670712462796,1.0926891059123307,-247.301698056141,-399.17855381841593,441.7608481290596,-0.2706871191418334,-0.17462855841675973,1.4570173418906176,-322.63263792152725,-144.17450896174014,472.10874760386605,-0.13655099475949706,-0.0894806347612648,0.12299042911039329,-368.54441684958937,-492.0861623765023,471.5014399436764,-0.21647433635582009,-0.01839068282503005,-0.03305807021709885,-490.182517693917,-453.25865204988753,142.64610240043055
796,0,-0.18899619732995562,-0.0416736722663136,0.11228783519536202,-517.2993956957821,-478.67658928913403,476.5565209673866,-0.42596658772220064,0.009307202985032247,0.08850415413653087,-507.0758641322215,-677.7191184549617,804.2197296337752,-0.4891598910268258,-1.2225075027174306,-0.6950298143000523,-726.3178205175792,-677.6160450841131,288.1330165491127,1.641123290925729,0.6449606939198888,3.7008610907967365,-688.0571440498569,-484.50837134210514,176.95844670797933,-0.12365126707800529,-0.05116593233061243,0.07910952136579784,-637.4462173684154,-516.5101947028588,470.8518798768265,-0.09615231089456625,0.5955245340228931,1.0790470109284132,-245.9605502667468,-403.87188875486925,437.57907624271564,-0.24854019656872797,-0.1753744967332923,1.4638296095353724,-322.02456261742657,-150.7753482718107,471.5763086663999,-0.1416612930307526,-0.08339447438082176,0.11481857637398551,-368.1364834878688,-494.2339741132701,471.2738448717519,-0.21498756442012731,-0.01778425040780971,-0.036383358764777815,-490.26311662050466,-454.6889495046685,142.74221707029497
797,0,-0.18820779376575775,-0.041422747179733196,0.11027431014546145,-517.4895428705462,-480.57254903442697,476.5615195670161,-0.42112576850814126,0.01455655274769436,0.07397258425037864,-508.60719479563124,-680.2870520136363,803.7847504086567,-0.49029164308767126,-1.2201631144731606,-0.6962676879056631,-727.0510572519125,-678.8928248317267,287.87742187408065,1.6378687780680286,0.6439716235104685,3.7004915934444917,-688.3289093001284,-485.84338120145725,176.54134529025885,-0.12132594760264534,-0.05031012027173615,0.07520984756499895,-637.7116549712706,-518.0685567324383,470.784839682674,-0.08792710187572383,0.6169326921941111,1.0648983753028967,-244.68513373732736,-408.8476614840258,433.2149314273715,-0.22580231954170238,-0.17617533032304225,1.4706975384997265,-321.3989775788591,-157.7390349380455,470.9274892223381,-0.14692645510257277,-0.07701362441185668,0.10610905417138664,-367.733365716237,-496.4652826217699,471.0284758815108,-0.2135164201913895,-0.017203292308113204,-0.039874253187591906,-490.3409632080147,-456.1550972284714,142.84114196346323
798,0,-0.18731396498154745,-0.04096709866113996,0.10775854590207479,-517.6943121028675,-482.4998646344297,476.5649411445654,-0.4162962884065585,0.01965469418140504,0.05974568695604697,-510.18700720995815,-682.9115893755527,803.3397408642353,-0.4917146296128715,-1.2178053453212523,-0.6980441129752142,-727.8492959060839,-680.1005431343921,287.6091959758312,1.6344416252188805,0.642183207054973,3.7002773074633706,-688.5989206146604,-487.12068699045676,176.12915857862927,-0.11892202283021291,-0.04939616589158933,0.07098759660871293,-637.9986840096624,-519.6229633470082,470.7094820602784,-0.080044926099952,0.6387467782208496,1.0503384975698715,-243.49245815092513,-414.094799190493,428.69037071101343,-0.20265476707326097,-0.17701804077559602,1.4775369868117725,-320.76153647752335,-165.04130493688024,470.1548354971388,-0.15229618167696127,-0.07035155704474567,0.09690778915851048,-367.3382705763514,-498.77975130975204,470.7599333390379,-0.21207943390423686,-0.01665110410265433,-0.04348855527396956,-490.41876902207423,-457.6668449673055,142.93701425498412
799,0,-0.1863394826742835,-0.04029595785629699,0.10474875798597613,-517.9121064024902,-484.4589202630774,476.561795165115,-0.4114922331712154,0.02456147315106987,0.045922830205409874,-511.80410622894715,-685.5879880708521,802.8823749057326,-0.4934555686707569,-1.2154529422821556,-0.7003827975372291,-728.7107147608494,-681.2393299167597,287.3317321300301,1.6308263101024802,0.6395545092168372,3.700216923186773,-688.8634972426127,-488.3424628105435,175.728027409634,-0.11646878692713346,-0.04841051511781109,0.06645542209310411,-638.3052460054038,-521.1753339299903,470.6236166340781,-0.07259282368009712,0.6608169858108124,1.03546261939254,-242.39882171815296,-419.599753755716,424.0290553134888,-0.1792879409937887,-0.17789110749915163,1.4842625987412408,-320.1185859097502,-172.65439416957898,469.25233618715754,-0.1577192673821417,-0.06342470550270587,0.08726666778735578,-366.95520395569486,-501.17717669887844,470.4625689835485,-0.21069318415487562,-0.01613013655893141,-0.0471885855308513,-490.4996623045118,-459.234317745755,143.02344089939473
800,0,-0.18531314706351973,-0.03940440649281346,0.10126077042616705,-518.141806097473,-486.450622594143,476.5465170341124,-0.4067280196013749,0.02924261919076254,0.032590411185465705,-513.448449015534,-688.3110972612084,802.410132365088,-0.49553746828342266,-1.2131228257223636,-0.7033010661939799,-729.6337163930112,-682.3105628579929,287.0478722734155,1.627010731832397,0.6360569565264891,3.7003008117226495,-689.1195784190602,-489.5120396402121,175.34331717204267,-0.1139966863568917,-0.04734108127567531,0.061626858373310445,-638.6297851241055,-522.7282104068261,470.52449800544036,-0.06564824423594104,0.682990706687116,1.0203639440143684,-241.4194176500532,-425.34671142641963,419.25591173831026,-0.15589710117016073,-0.1787849814779328,1.4907901509612147,-319.47704153677404,-180.54758886098276,468.21559201260425,-0.1631454851437693,-0.05625238621630159,0.07724271165054149,-366.58888718912556,-503.65749366087084,470.13059043588504,-0.20937264604836678,-0.01564194591170413,-0.05094222105105207,-490.58710404622514,-460.86787952952716,143.09357848091508
801,0,-0.18426761360438373,-0.038293567839460835,0.09731771967684105,-518.3827826442222,-488.47636129980026,476.5130437061809,-0.40201815475384717,0.03367035383287823,0.01982090888180948,-515.111320030142,-691.0754151607207,801.9203607777354,-0.4979789871964267,-1.2108297620869943,-0.706809249475052,-730.6169300786352,-683.3168521872742,286.75980156233373,1.6229870022804043,0.6316766677762448,3.7005103054655404,-689.3648076709701,-490.63385194438405,174.97942573740463,-0.11153699535183235,-0.046177672698696694,0.056516170673509655,-638.9712744793683,-524.2846657817056,470.40883652977436,-0.05927796164632733,0.7051148048725103,1.0051318659317443,-240.56797500243147,-431.31785097705523,414.39667433053694,-0.1326778458900352,-0.17969243123652218,1.4970389171581187,-318.84423841357153,-188.68784342440358,467.0419460118269,-0.16852749290383748,-0.048856647903561076,0.06689712864261674,-366.24464812610586,-506.22076442477567,469.7581705751759,-0.20813169135786005,-0.015187210040378882,-0.05472364668942287,-490.6847984013621,-462.5779960279196,143.14022487087857
802,0,-0.1832391004812945,-0.036970597526968775,0.09294954317276664,-518.6348985856148,-490.53794851602936,476.45490631008767,-0.3973769451713437,0.03782379865000326,0.007672401291207897,-516.7854527059962,-693.8751498863347,801.4103394818009,-0.5007939232014299,-1.20858608656132,-0.7109101702044683,-731.6591992871392,-684.262002515092,286.46896820387633,1.6187521142043861,0.626416490816114,3.7008172318775054,-689.597599130206,-491.7133684363182,174.6396159157196,-0.10912148548689854,-0.044912362757724054,0.05113821273140557,-639.3292241152504,-525.8481959039018,470.2728277117347,-0.053537361260919986,0.7270378938148551,0.989850452025762,-239.8564468358343,-437.493647131911,409.47742301438944,-0.10982151185144651,-0.18060875334283855,1.50293391650479,-318.2277599672229,-197.0404489986774,465.73057026443274,-0.1738226509396729,-0.04126205611525277,0.056294244102434776,-365.92829074557955,-508.867152150026,469.3395609647469,-0.20698369143648918,-0.014765798568025514,-0.058513810523212924,-490.7965995254478,-464.37509795109514,143.15592321090568
803,0,-0.1822669680794065,-0.03544847027695633,0.08819225738144061,-518.8984934611066,-492.63753935276605,476.36533970677726,-0.39281816535357933,0.04168917694073101,-0.00381149349714076,-518.4650979375244,-696.7042816763019,800.8773463044525,-0.5039908476104308,-1.2064015073107222,-0.7155987498397088,-732.759555102776,-685.150951963294,286.17603287093624,1.6143084759519288,0.620297637099967,3.7011837349015138,-689.8171835554215,-492.7570082795279,174.32587879096454,-0.10678209745267354,-0.04353979668392149,0.045508286808220035,-639.7036702100925,-527.4225979432541,470.1122017906456,-0.048470084158376496,0.7486125858476701,0.9745971954283332,-239.294756398447,-443.8532145571185,404.52412946233284,-0.08751068923075044,-0.18153184696097732,1.5084079098474252,-317.6352510183283,-205.56973446942857,464.28250648300383,-0.1789946375538972,-0.03349542317261734,0.04550031784097797,-365.64594812904465,-511.5968804688447,468.8692087393114,-0.20594216597586784,-0.01437688306204591,-0.06230058233484558,-490.92641683306834,-466.2694457112586,143.13307863281216
804,0,-0.1813931672668222,-0.03374556962645029,0.08308704213100443,-519.1743558283002,-494.777536331181,476.23740851581954,-0.38835470218812984,0.04525981016924752,-0.014601303537298979,-520.1460415577792,-699.5566246429892,800.3187274128398,-0.5075728969183447,-1.2042830281230226,-0.7208617593491928,-733.9171768261995,-685.989689487011,285.88085099347256,1.6096643135877646,0.6133608120897227,3.7015624122789212,-690.0236321491687,-493.77204413493286,174.03883366104304,-0.10455062537737905,-0.042057433776795564,0.03964200385788224,-640.0951456697272,-529.011839724504,469.9222945548632,-0.04410799773221341,0.769697688064882,0.9594420445706613,-238.89060928251615,-450.3746862692767,399.5622239381813,-0.0659150494307524,-0.18246215815271097,1.5134030262700051,-317.0742208819891,-214.2397808822887,462.70065950563657,-0.1840147660261936,-0.02558549309613093,0.034582257903580556,-365.40392400309753,-514.4101809331039,468.34187642301464,-0.2050214179453709,-0.014019072935108073,-0.0660786228405712,-491.0781205884039,-468.2709962492215,143.06408784264292
805,0,-0.18066156046042892,-0.03188510015115025,0.07767916135359867,-519.4636818798913,-496.96048134717694,476.06414864206266,-0.38399819977753813,0.04853591738123362,-0.024681071060010596,-521.8255747469505,-702.4258866731055,799.7319709513281,-0.5115377247775863,-1.2022350226336431,-0.7266777389166275,-735.1313415145916,-686.7851518719383,285.5824901015982,1.6048339497914899,0.6056667516749094,3.701896789906118,-690.2178567260098,-494.76649360544735,173.77766947176556,-0.1024584242126701,-0.040465726003380977,0.03355514504808641,-640.5046329305367,-530.6199245533991,469.6981397261713,-0.04047145067204381,0.7901603221073846,0.9444466929558462,-238.64937644637928,-457.03561892299143,394.6161936483248,-0.04518766069087214,-0.18340250479502243,1.5178719363763473,-316.5518431333923,-223.01512967837388,460.9897439671819,-0.18886293228220608,-0.017562590238955025,0.023606249567617796,-365.2085281688849,-517.3072307292682,467.75276402896424,-0.20423709755893904,-0.013690563040725145,-0.06984898225893037,-491.2554496605716,-470.3892723801956,142.94148122536626
806,0,-0.1801171278190877,-0.029894353718706683,0.07201676434873638,-519.7680214122078,-499.18893936911553,475.838722717833,-0.37975873417677,0.0515242314711862,-0.03404745695815612,-523.5024226193991,-705.3057265984685,799.1147848748756,-0.5158776099515447,-1.2002594803895152,-0.7330171076581126,-736.4013647059369,-687.5451024807907,285.27928308390733,1.599837971592302,0.5972960925099251,3.7021221460261047,-690.4015853739919,-495.7490008192214,173.54013155781348,-0.10053614745677394,-0.03876823371618492,0.027263528437501433,-640.9335004445218,-532.2507564019816,469.43458242255514,-0.0375697632759928,0.8098779460242578,0.9296641011172866,-238.57404989459405,-463.8134161890523,389.7092217922806,-0.025461925641586374,-0.18435779710867362,1.5217785281252272,-316.0747591141174,-231.86146521465767,459.156185416471,-0.1935281540584118,-0.009458239488581361,0.012636327251576717,-365.06591099978283,-520.2880833257823,467.0976325072233,-0.20360664519264943,-0.013389280350678686,-0.07361845849953172,-491.4619231544726,-472.6332348052165,142.7580764631207
807,0,-0.17980507975999638,-0.027803870104939305,0.06614962387691657,-520.0892121498379,-501.4653785257237,475.5545871784083,-0.3756445474396662,0.05423744936027526,-0.04270863731189612,-525.176636958475,-708.1898081803386,798.4651789791972,-0.5205797099789674,-1.1983564262570296,-0.7398424779658895,-737.726534910108,-688.2779944584207,284.96891663218634,1.594703294165173,0.5883485268941296,3.7021666886410296,-690.5773134563066,-496.72871010651045,173.32255616559604,-0.09881351627825725,-0.03697167668790135,0.0207828858282541,-641.3834249265262,-533.9080102950794,469.12641227689596,-0.03540190061524195,0.8287402536195212,0.9151382113627338,-238.66526990775262,-470.68576035439423,384.8628747597038,-0.006849228334323134,-0.18533467187402303,1.525098079154064,-315.64889251470464,-240.746252781322,457.20797816823665,-0.19800869301742438,-0.001304765423792053,0.0017329271406382996,-364.9819018552254,-523.3525948880534,466.3729271947506,-0.20314957347680357,-0.013113019562340211,-0.07739875591185523,-491.7007574273708,-475.01115675983095,142.50714181963681
808,0,-0.17976990484885833,-0.02564653539904851,0.06012787438472478,-520.429303719486,-503.7920514537303,475.20566795556095,-0.37166186503544363,0.05669353412314658,-0.05068304969221199,-526.8494592510256,-711.0718507442967,797.7815505994107,-0.5256264466048625,-1.1965244947512714,-0.7471091790624583,-739.1060445835568,-688.9928217707229,284.64855236903077,1.5894631171698697,0.5789412194418561,3.7019530791779376,-690.7482305844668,-497.7151339351328,173.11995365814698,-0.0973191139816145,-0.035085915488061434,0.014128754662618608,-641.8563019580007,-535.5950124958226,468.7685138003414,-0.033957276004973336,0.8466509216791186,0.9009038091664454,-238.9214201378826,-477.6310414197654,380.0968431422849,0.010562663218113017,-0.18634106043639354,1.5278169525182927,-315.27928218784933,-249.63931495448261,455.15450344944395,-0.20231177796104982,0.006865121954916971,-0.009048530577997546,-364.9618557721624,-526.5003493662924,465.5758994335353,-0.20288756108007006,-0.012859560741233757,-0.08120549355912433,-491.9747897254069,-477.5305012045097,142.1825662853985
809,0,-0.1800543870495452,-0.02345665871412337,0.05400081280650023,-520.7904729442807,-506.17088270995305,474.7865410400558,-0.367814812586861,0.05891488737319763,-0.05799804758447146,-528.5231600193254,-713.9456765523346,797.0627728662527,-0.5309960074256946,-1.1947616228514961,-0.7547659817850391,-740.5389202616444,-689.6989620752238,284.3149764278626,1.5841567578692513,0.5692064921590785,3.7014002841150493,-690.9181250021038,-498.7180174560776,172.92613956381973,-0.09608019390690341,-0.03312385608850226,0.007316388616925312,-642.3541479277894,-537.3146346772346,468.35603057418547,-0.03321663511009743,0.8635291707269335,0.8869864840799379,-239.33878460945678,-484.6287724281684,375.42874042541484,0.026710426918438585,-0.1873857115296021,1.529931869489233,-314.9699396607789,-258.51333158978827,453.0063129035909,-0.20645296815503789,0.015018746578127032,-0.019658970162880096,-365.01051221990303,-529.7305851705727,464.7047240208436,-0.20284434402878498,-0.01262676543078159,-0.08505711651377211,-492.2864093781823,-480.1978005405481,141.77903280537583
810,0,-0.18069862698529815,-0.02126906079839261,0.04781581548544923,-521.1749325895896,-508.6033667255618,474.2926134452981,-0.3641054397629944,0.060927411498033664,-0.06468851757149273,-530.2008601861526,-716.8052552937618,796.3082838120719,-0.536662947573434,-1.1930658100726519,-0.7627560032272258,-742.0239543506071,-690.4060159051743,283.96477176908536,1.5788293356598628,0.5592888152684978,3.700425723916212,-691.0912676053648,-499.7472021555387,172.73391083301217,-0.09512248546168754,-0.03110127041362912,0.00036068870416207426,-642.8789965408263,-539.0692057192183,467.88453888083876,-0.03315297634081254,0.8793111022586578,0.8734026487351969,-239.91175858699438,-491.65997961004746,370.8739613968131,0.04155526622546206,-0.18847768974276963,1.531448833572181,-314.72373673980337,-267.3442518313844,450.7748840607711,-0.21045521022868185,0.023123882298095595,-0.030056832879453713,-365.13186911162967,-533.0421263098831,463.7586096767257,-0.2030454037295562,-0.01241265029576094,-0.08897376473746946,-492.637497250129,-483.0185390992283,141.2921899450601
811,0,-0.18173909839474373,-0.01911819992878785,0.04161741009208668,-521.5848361653448,-511.0904802573229,473.7202994199083,-0.360533852362421,0.06275948434058223,-0.07079550549860583,-531.8863399677133,-719.6447464168605,795.518174024847,-0.542598874148686,-1.1914358839200492,-0.771017757765476,-743.5596408267346,-691.1236468949905,283.59450635343245,1.5735312777154644,0.5493411719748023,3.6989476753986232,-691.2722785741895,-500.8124911769388,172.53526291803126,-0.09446998227670925,-0.029036527475046862,-0.006723845127643668,-643.4327932485135,-540.8604440946725,467.3502255009335,-0.03373247055152742,0.8939507742926917,0.8601595857257932,-240.63310334569468,-498.70755622269934,366.4456004959214,0.05508228465873812,-0.18962586930576938,1.5323817944228313,-314.5423273340239,-276.111609850886,448.4723557451816,-0.21434765064762656,0.03114915847005908,-0.0402090281621474,-365.32907469506176,-536.4333207694896,462.7378992635512,-0.2035174629956771,-0.012215439012943686,-0.09297615228898025,-493.02937401309055,-485.9970391121951,140.71881669340019
812,0,-0.18320776467398195,-0.01703735306503737,0.03544652441414476,-522.0221817826093,-513.6326126541305,473.0671861484378,-0.35709844795129064,0.06444087305457225,-0.07636488639525563,-533.5838405808116,-722.4585403265538,794.6932699688642,-0.5487731932103789,-1.1898722039506158,-0.7794863121956236,-745.1441168090836,-691.861427697945,283.2009294738897,1.5683176156017329,0.539520896339687,3.6968878700657806,-691.4659802921957,-501.9235188149947,172.32164167662637,-0.09414469827928072,-0.02695023333045412,-0.013923143192264594,-644.0172909580876,-542.6894130138647,466.7500636766326,-0.03491535206868267,0.9074209763583612,0.8472555060361676,-241.4942332117953,-505.7565696996499,362.1544286212342,0.06729922570032167,-0.19083844131071462,1.5327511483733776,-314.42610632058376,-284.79873936606754,446.11125242877614,-0.2181642693827226,0.03906445009468666,-0.05009160747839444,-365.60433937857795,-539.9019887126152,461.6441560544325,-0.204287811411619,-0.01203359399249365,-0.09708450538205307,-493.46275776897176,-489.1363514862635,140.05697470596078
813,0,-0.18513127274064567,-0.015057864805749862,0.029339917515224193,-522.4887182959919,-516.2295165645287,472.33218271825297,-0.35379624500134577,0.06600161800878371,-0.08144610078674933,-535.2978638360408,-725.2412996492341,793.8352095504532,-0.555153893841269,-1.1883772401905186,-0.7880944983740407,-746.7751117149817,-692.6286958122929,282.78116809611305,1.5632470478288725,0.5299851161262171,3.6941742174545773,-691.6772408739504,-503.0896264488868,172.0842226790311,-0.09416638149043963,-0.024864782788221775,-0.021223578084178994,-644.6339502706799,-544.5564996009558,466.0819807396504,-0.036656763153100555,0.9197136650905263,0.8346796166847515,-242.48552202624214,-512.7945129001117,358.00892542710267,0.07823466849640806,-0.1921224511517699,1.532582172977824,-314.37420697779385,-293.3928851798967,443.7042071955741,-0.22194239995055837,0.04684124817478309,-0.05969012025121291,-365.9588689480911,-543.445382818467,460.48023193847257,-0.20538348910695534,-0.011865830001134543,-0.10131760129146945,-493.93773156995496,-492.4381533894916,139.30614215637056
814,0,-0.1875302337485688,-0.013208473559509364,0.023329784934396632,-522.9858569990777,-518.8802809618079,471.51564592436205,-0.3506232897197582,0.0674709208927271,-0.08609096910314888,-537.0329744344575,-727.9880017670779,792.9465060584017,-0.5617083367360758,-1.186955971938626,-0.7967741369218563,-748.4499054973743,-693.4344227856369,282.33291501369484,1.5583807530171758,0.5208859678533455,3.6907435693425437,-691.9108131606994,-504.3197467636384,171.8142093125498,-0.09455218112943377,-0.022803831167660653,-0.028611962044709126,-645.2838472978603,-546.4614184040037,465.34501068834567,-0.038907544258763874,0.9308400242041144,0.8224122081613013,-243.59661562168085,-519.8114918170138,354.01536294080313,0.0879357818331468,-0.19348338207733465,1.5319034864507148,-314.3845372185399,-301.8852130056218,441.263693240882,-0.22572119705388596,0.054453004718740226,-0.06899962898853274,-366.39281998558516,-547.0601627185986,459.25031317293275,-0.20683036380724706,-0.011711112156919173,-0.10569194132232737,-494.4537214114657,-495.902655312994,138.4673234623376
815,0,-0.1904185939572142,-0.011514723201265151,0.01744351964695051,-523.5145919658753,-521.5833275069235,470.6194766638505,-0.34757511896266613,0.06887607305501552,-0.09035258734659674,-538.7936094750887,-730.6939836453515,792.0305963288706,-0.5684040080929915,-1.1856160694893358,-0.8054572294127536,-750.1652973014095,-694.2870993210464,281.85460100164516,1.5537809522116153,0.5123657857126814,3.6865444278379202,-692.17117444205,-505.62229755851087,171.50314015600762,-0.09531627049676183,-0.020791700439272677,-0.03607553247113693,-645.9675918436966,-548.4032385176265,464.53942511506955,-0.04161497187817359,0.9408301191644494,0.8104247836994463,-244.8167370951976,-526.8003439839867,350.1779353854222,0.09646574384530196,-0.19492479999840123,1.5307456108891702,-314.4538535725312,-310.27072172989705,438.80177365044415,-0.22954010627000346,0.06187544529158371,-0.07802438002293019,-366.9052776535153,-550.7423850644984,457.9599393133017,-0.2086521402917659,-0.011568641199220367,-0.11022108058008592,-495.00948528515863,-499.5285208363501,137.5431294706547
816,0,-0.1938030957946211,-0.009998468456292937,0.011703605298027069,-524.0754317619188,-524.3364302726541,469.6471813301957,-0.3446472527805565,0.0702414602555373,-0.09428430153284352,-540.5838993099762,-733.3549896338161,791.0918689565235,-0.5752091967350779,-1.1843678416344026,-0.8140770827795365,-751.917585759981,-695.194637788333,281.3455438988233,1.5495092365757182,0.5045524901573973,3.681539488513219,-692.4623723640218,-507.005085869467,171.14319546262254,-0.09646943530808544,-0.01885274049018731,-0.04360192805741701,-646.6852584382469,-550.3804325707846,463.66683634563725,-0.04472345356015929,0.949732127286016,0.7986802616965758,-246.13497261759375,-533.7566839302951,346.4989293230406,0.10390093505066428,-0.1964480734822307,1.529139703270639,-314.5778706175003,-318.54806502060296,436.32987850085016,-0.23343738156757252,0.06908684182344468,-0.08677714684196844,-367.49425542285854,-554.487510249307,456.61599140743755,-0.2108693442793605,-0.011437829411235556,-0.11491512640524316,-495.6031138630946,-503.3128027531521,136.53782323325362
817,0,-0.19768282930635542,-0.008677482170698591,0.006127617470777976,-524.6683447405995,-527.1367577771683,468.6038937271563,-0.34183568725692093,0.07158767831746123,-0.09793875564206873,-542.4075034558151,-735.967222445897,790.135668655647,-0.5820935560890632,-1.1832239535074676,-0.8225693369676412,-753.70256205104,-696.1642926434753,280.80606856962663,1.545624697621265,0.497555406514159,3.6757079003912456,-692.7878824516333,-508.4752226497348,170.72749227604024,-0.09801864389182113,-0.01701067213653674,-0.05117915701807831,-647.4363323697571,-552.3909448741546,462.73026743476333,-0.04817519537603407,0.9576111369110278,0.7871332880911076,-247.54052717761712,-540.6788743112415,342.97892757952155,0.11032800898904783,-0.1980521804851723,1.5271165022528495,-314.7514023596803,-326.71929175117975,433.8586170347271,-0.23744868692477278,0.0760682392170049,-0.09527828361284137,-368.1567158415601,-558.2904262586801,455.2266464463061,-0.21349832420537485,-0.011318271022654397,-0.11978040761534564,-496.23204332000836,-507.2508994743549,135.45732730262858
818,0,-0.2020488768995314,-0.007565171559965701,0.0007283106175935456,-525.292719581984,-529.9809352731139,467.4963544254619,-0.3391373577685127,0.07293079082489724,-0.10136700751895485,-544.2674647954601,-738.5273969488057,789.168273478144,-0.5890285227575032,-1.182198940002931,-0.8308728740512902,-755.515516713813,-697.202598325375,280.23759288477726,1.5421819191418369,0.49146172646697633,3.6690471204376425,-693.1504823778575,-510.03904788326287,170.2503577578953,-0.09996662130630488,-0.015287942101439939,-0.05879555764080861,-648.2196724596697,-554.4322752253858,461.7341847135477,-0.05191086036411008,0.9645475231518116,0.7757306955960436,-249.0229418902747,-547.567923759936,339.617039876974,0.11584093800445193,-0.1997336094373919,1.524705522588237,-314.96853091858975,-334.78951696742934,431.39763085668017,-0.24160580901683568,0.08280362954695882,-0.10355454438872214,-368.8886110792745,-562.1454896297718,453.80129632337366,-0.21655031407135059,-0.011209711248206227,-0.1248193091207666,-496.89308065702846,-511.3365356809724,134.30918953384983
819,0,-0.20688405816122657,-0.006670408263721021,-0.004486229516107344,-525.947342190612,-532.8651244468057,466.3328460026017,-0.33655054433662934,0.07428175551650384,-0.10461770902362592,-546.166084787245,-741.0327957921594,788.196842478891,-0.5959875769300267,-1.181308557486159,-0.8389305940070148,-757.3512610116998,-698.3153233606533,279.64267613582194,1.539228909137761,0.48633379089263706,3.6615742444036794,-693.5521475366547,-511.7020656975806,169.70757077257977,-0.10231145350239622,-0.01370511998493438,-0.06643975114768946,-649.0334918259706,-556.501574315781,460.6844898441521,-0.055870236916061945,0.9706349220630756,0.7644121410513393,-250.57226712868595,-554.4273150219144,336.4111527170786,0.1205381214906114,-0.20148635719614427,1.5219345129536814,-315.2227968152475,-342.76653690174504,428.95549196710317,-0.24593549994634586,0.0892800665806474,-0.11163773580548277,-369.6849417406415,-566.046583116686,452.35043102893707,-0.22003059819905282,-0.011112018212635907,-0.130030261140388,-497.5824416414743,-515.5617710000091,133.10250569969526
820,0,-0.21216278539274736,-0.005997473980113198,-0.009512386619182574,-526.630389552619,-535.7851171309718,465.12308415276806,-0.33407519373481337,0.0756460408852424,-0.10773635054426757,-548.10482184537,-743.4813253280072,787.2293325125383,-0.6029463435344172,-1.180569029171037,-0.846690049616261,-759.20416329161,-699.5074387172413,279.0250275940689,1.5368050627838736,0.4822073291042609,3.653326710535615,-693.9939716232716,-513.4688887663275,169.09656266892625,-0.10504624981869119,-0.012280363295605182,-0.07410058833100858,-649.8753572877466,-558.5957463954445,459.58846974271904,-0.05999293341165139,0.9759778409450923,0.753110942140379,-252.17918856707308,-561.2627694515901,333.35819086522855,0.12451963122492705,-0.20330202123572116,1.5188291776782261,-315.5074042822002,-350.66040266052704,426.53964723191984,-0.25045846343989175,0.09548771194705412,-0.1195632766337937,-370.53983229884926,-569.9871893591289,450.88548737605885,-0.22393781425864834,-0.011025161765137612,-0.13540786860991175,-498.29580111727824,-519.9170399902196,131.84779877437904
821,0,-0.21785104348053613,-0.005546120137864403,-0.014350785029737061,-527.3394406303545,-538.7364392657602,463.87806624022403,-0.33171313700872895,0.07702344891030283,-0.11076457517391651,-550.0842144478908,-745.8715697839467,786.2743840804856,-0.6098825455161555,-1.179996245923241,-0.8541039408140652,-761.068200296368,-700.7830979770782,278.3894742198769,1.5349392536690263,0.47909074313631017,3.6443622977749515,-694.4761148151389,-515.3431910927161,168.41656948587982,-0.10815889209022517,-0.011028970490845509,-0.0817670944175894,-650.7422074180358,-560.7115548003449,458.4547042319662,-0.06421910989290888,0.9806889602762655,0.7417551222359702,-253.83510604658616,-568.0819563122991,330.4543828044946,0.12788465505400282,-0.20516997926547612,1.515413148600499,-315.81543442600383,-358.4829675524992,424.15640875277717,-0.25518849578459574,0.10141980430150728,-0.12736873683432756,-371.44662142997964,-573.960479507809,449.41866612830165,-0.2282634249198002,-0.010949202537509533,-0.14094316370789348,-499.0283549803856,-524.3912259302184,130.55685644831618
822,0,-0.2239065089205573,-0.005311736797067092,-0.019006047109762853,-528.0715038320086,-541.7144611069627,462.60988048059687,-0.3294681860729537,0.07840815368609293,-0.11373957322059483,-552.1038298618,-748.2028412680422,785.3411774672275,-0.6167758320446921,-1.1796049833301643,-0.8611304769301833,-762.9370227639413,-702.145626673676,277.74188785792614,1.5336481522982932,0.47696547857549126,3.6347583734324345,-694.9977808736292,-517.3276682051004,167.6687294292675,-0.11163189625074023,-0.009963035556985233,-0.08942841983404891,-651.630388603373,-562.84572605915,457.29293282525805,-0.06849025005844522,0.9848862013350135,0.7302686587455394,-255.53216781518685,-574.8941573442938,327.69552275625006,0.13072918791107874,-0.2070776465338876,1.511708180368272,-316.1400588731604,-366.2474226389666,421.8109876625267,-0.26013179432372446,0.10707254556448292,-0.1350924226414413,-372.39796547576896,-577.9594152717707,447.9627218889638,-0.23299138174303563,-0.010884293610318972,-0.14662396209687753,-499.7748925768378,-528.9717698216506,129.24253018646067
823,0,-0.2302788214997118,-0.005285622840335537,-0.023486550382603215,-528.8230600581664,-544.7145095849265,461.33148046453084,-0.327346099351219,0.07978895882081517,-0.11669357187365548,-554.1622386795282,-750.4752229295271,784.4392617603088,-0.6236075143540425,-1.1794081882163607,-0.8677336229107518,-764.8040339830324,-703.5975181185229,277.08907366069553,1.5329348690697973,0.475787474067369,3.6246103837871924,-695.5572231978217,-519.4240038882989,166.85612134870604,-0.11544240750168963,-0.009091211994040898,-0.09707380647226502,-652.5357078488066,-564.9950485293668,456.11388355719356,-0.07274996851885976,0.9886896503704365,0.7185729173211269,-257.26326499055074,-581.7098985860897,325.0772222654745,0.13314400890297873,-0.20901079879100584,1.5077345313589288,-316.4747467372221,-373.9678341841958,419.50756716514724,-0.2652864505248869,0.11244490389254369,-0.14277206329143965,-373.38595318486716,-581.9768622239319,446.5307314240166,-0.23809799811502966,-0.010830695979937967,-0.15243530131496819,-500.5298777122802,-533.6448147201588,127.9185007953178
824,0,-0.23691001851915666,-0.005455346672517811,-0.02780419534194698,-529.5901198233192,-547.7319787797322,460.05643105753063,-0.32535441394909725,0.08114976891759096,-0.1196534368520138,-556.2570147177738,-752.6896025179567,783.5783606831388,-0.6303602489151623,-1.1794163757154095,-0.8738832515154272,-766.66247935655,-705.1404331770408,276.4386229186871,1.5327880115499317,0.47548962797604855,3.6140296212383602,-696.1517786644837,-521.632842784944,165.98374199193955,-0.11956234345751002,-0.008418589289650147,-0.10469257885851503,-653.4535004914827,-567.1564618486838,454.9290681825241,-0.07694484005898923,0.9922184427199487,0.7065882429671798,-259.0219929160667,-588.540562356162,322.5951448717241,0.13521297476222713,-0.2109539465319694,1.5035114837020902,-316.8134582964126,-381.65869549343245,417.24940914676057,-0.27064214910760576,0.11753834038625138,-0.1504436405769633,-374.4022297616444,-586.0057115359319,445.13584712949944,-0.24355204147249954,-0.010788807821931245,-0.158359938147077,-501.28753593046537,-538.3953840830045,126.5990168816897
825,0,-0.24373513690562376,-0.005805184404460017,-0.031974190752808156,-530.3682924833076,-550.762434676022,458.79863275557295,-0.32350214990541215,0.08247026245846426,-0.12264040234077553,-558.384759314368,-754.8476937241342,782.7681604202654,-0.637017710464128,-1.179637164250378,-0.8795552261661185,-768.5055444778576,-706.7752017677992,275.7987347825564,1.53318123037102,0.47598516511853073,3.603140339083588,-696.7779269958324,-523.9537684810655,165.05842189482627,-0.12395869220827033,-0.007946680816474375,-0.11227416762141922,-654.3787104672195,-569.3271339513643,453.75054928610473,-0.08102523022480686,0.9955877171191436,0.6942356701956721,-260.8025873260443,-595.3979925962107,320.24521799390186,0.13701165214794264,-0.21289074390406015,1.4990579502014358,-317.15081956538285,-389.3345042537039,415.0389873856467,-0.2761800969980391,0.12235647386010093,-0.1581403869633758,-375.438128086712,-590.0390067261437,443.7910430334575,-0.24931504892148626,-0.010759206409748251,-0.1643788813664856,-502.04194530692945,-543.2075913799436,125.29861366048722
826,0,-0.25068298465900474,-0.006316620969832023,-0.036014857282543146,-531.1528651747752,-553.8017106613347,457.57203233601894,-0.3217993996734527,0.08372674526979997,-0.12566994243379848,-560.541148689289,-756.9520430430814,782.0180856876106,-0.6435642958221041,-1.1800749622539741,-0.8847314376032319,-770.3264587388328,-708.5018243823682,275.178012372988,1.5340733047548085,0.4771717363763513,3.592076314821606,-697.4313724052431,-526.3852870065654,164.08868174358406,-0.12859396482928004,-0.007673518384442863,-0.11980816983322486,-655.3059803332127,-571.5045230242416,452.5906858203728,-0.08494610044633191,0.9989057512918355,0.6814387076398211,-262.5998438661692,-602.2941064665296,318.02381683941525,0.13860630289181688,-0.21480441437650052,1.4943931136969415,-317.4822728656336,-397.0093749056641,412.8781393365215,-0.2818732047404143,0.1269047036630483,-0.16589196420549368,-376.4848047745296,-594.0700715528668,442.5088609921968,-0.2553418645038805,-0.01074270049969605,-0.1704719372738341,-502.78712778221166,-548.0648768531503,124.03182023352701
827,0,-0.257677080281837,-0.006968898568143177,-0.03994744296862803,-531.9388887215207,-556.8459906403463,456.39032809497945,-0.320256822409602,0.08489315576750263,-0.1287517917288037,-562.7210027722723,-759.0060204015831,781.3370710773813,-0.6499848938577122,-1.1807308083521348,-0.8893998121842618,-772.1186010759787,-710.319472627324,274.58523943697713,1.5354087908001137,0.4789360470824857,3.580976983133296,-698.107143468632,-528.924816035567,163.08453284373272,-0.13342679461409063,-0.007593845456875281,-0.1272844478955122,-656.2297479129065,-573.6864225709559,451.4618642851785,-0.08866775689270338,1.0022713849246019,0.6681251467518872,-264.4090295532123,-609.2405242176787,315.9279159177045,0.1400532267275128,-0.21667817524226615,1.4895370459455992,-317.80419943426745,-404.6966936948433,410.76822778000303,-0.28768653859615506,0.13118981372495356,-0.17372382349128934,-377.53337852078647,-598.092634879334,441.30116459899295,-0.2615813903322975,-0.010740390020611161,-0.1766182477642877,-503.51713806608495,-552.9502661157211,122.81286370145219
828,0,-0.26463675633498845,-0.007739596136386327,-0.043795936635252275,-532.721267526674,-559.8918771832265,455.26667807560494,-0.31888506778132353,0.08594218571299822,-0.13189011502820255,-564.9183736811533,-761.0137923618714,780.7333350962865,-0.6562647480095218,-1.1816023566453253,-0.8935543024114666,-773.8756041640141,-712.2264885867438,274.0291440908733,1.5371192274531553,0.4811587904892434,3.5699832729806555,-698.7997066918982,-531.5686804897132,162.05722693568865,-0.1384126679179111,-0.007699398401107655,-0.134693265621367,-657.1443462223577,-575.8709886820117,450.37622319234106,-0.09215651120690233,1.0057718255002626,0.6542288385031545,-266.22579427295415,-616.248228006327,313.95520461018316,0.1413984554286204,-0.2184956435574007,1.4845112586712295,-318.11401098754703,-412.40882187424376,408.710303426276,-0.29357805439095364,0.13521958169571263,-0.1816567398726796,-378.5750679931809,-602.1009481842383,440.178907813746,-0.26797753723075396,-0.010753728962908469,-0.1827968037610981,-504.2261473822421,-557.8466443031157,121.65537832141376
829,0,-0.2714784197339558,-0.0086052235339228,-0.047586859255625245,-533.4948503733418,-562.9364428162344,454.21341946831626,-0.31769415812199703,0.08684647368921862,-0.13508381741025668,-567.1266517975546,-762.9802773175749,780.2141643013975,-0.6623894264569923,-1.18268399062662,-0.8971948634350319,-775.5914532298609,-714.2203836163611,273.51815638996317,1.5391248699686122,0.4837196600347856,3.5592332934727176,-699.5030891371035,-534.3121157336842,161.01896202302274,-0.14350476417895403,-0.00797926308027342,-0.1420254566632924,-658.0441032796888,-578.0567496049827,449.34537863650087,-0.0953852237342234,1.0094809163103406,0.6396913770525428,-268.04608948261944,-623.3272585613398,312.10416422491573,0.14267778145207818,-0.22024120641555575,1.4793391486299892,-318.41020797586117,-420.1568501891666,406.70525986079986,-0.2994996141911473,0.13900241567533847,-0.1897065077088323,-379.60132636044796,-606.0898914081265,439.1519245180876,-0.27447035349221965,-0.010784586407409055,-0.18898692039307718,-504.9085197606465,-562.7370387660972,120.57212745418579
830,0,-0.27811695567609973,-0.009541814994744423,-0.051349009657725604,-534.2545191119553,-565.9772633735205,453.2418068349741,-0.3166928608492553,0.08757982348275559,-0.1383269783166725,-569.3386870663697,-764.911082750954,779.7857145741151,-0.6683449026856337,-1.1839670430064202,-0.9003274142655048,-777.2605757096201,-716.2978379681002,273.0601665484907,1.5413369004824946,0.48650222511435287,3.548858021493451,-700.2110056477229,-537.1492800470686,159.98255213646138,-0.14865487638243927,-0.008420292453346532,-0.14927261652585117,-658.9234384985414,-580.2425986987671,448.3801587465544,-0.09833370566760934,1.0134579245830575,0.6244636272359835,-269.8660999683485,-630.4864565430087,310.37410502036926,0.14391709452181986,-0.22190033850584165,1.4740463097863403,-318.692403100395,-427.95040549644557,404.7539729267133,-0.30539827400237335,0.14254703821912934,-0.19788378022563724,-380.6039694559484,-610.0550630287674,438.2287441901453,-0.28099730346343105,-0.010835299701227832,-0.19516866400886834,-505.5588791676416,-567.6049028275405,119.57474534215511
831,0,-0.28446725403946566,-0.01052550787757556,-0.05511314078886354,-534.99527242664,-569.0124332170934,452.36177602301325,-0.3158880844705121,0.08811839653324555,-0.14160938877786705,-571.5469227074288,-766.8124253403973,779.4528359259749,-0.6741177374386071,-1.1854400947184527,-0.9029637791744148,-778.8779182063681,-718.4547033720767,272.66229062169526,1.5436600495686958,0.48939847506921025,3.5389771486760626,-700.9169865622247,-540.0732784534076,158.96107005567475,-0.15381437890694605,-0.009007569456605961,-0.15642730586707979,-659.7769526202918,-582.4277727698502,447.4903545319141,-0.10098896468763613,1.0177468820482567,0.60850703559144,-271.6821928871795,-637.7332531846098,308.765162780534,0.14513299218247003,-0.22345985047127545,1.4686606968574176,-318.9613095949315,-435.79750836567587,402.85741762216753,-0.31121781554761735,0.14586223349365285,-0.20619403523947605,-381.57529454860696,-613.9928506522533,437.4164377671546,-0.2874946614570315,-0.010908712984184133,-0.20132322473753814,-506.17216642229357,-572.4343929276383,118.67350490835798
832,0,-0.2904458282939254,-0.011533094355662778,-0.05891154584755269,-535.7123022275389,-572.0405630226438,451.5817396740795,-0.3152843303865061,0.08844182676416117,-0.14491716994305653,-573.7435379953924,-768.691035484433,779.2189263438105,-0.6796953432517063,-1.1870893255818415,-0.905121602278196,-780.4390075968333,-720.6860113268011,272.33065032033187,1.5459955492537694,0.49231286130987534,3.529695243812488,-701.6145022651874,-543.0762001948505,157.96747295404103,-0.15893520764741084,-0.009724898226413158,-0.16348325057017177,-660.5995085352365,-584.6118185658328,446.6844941761306,-0.10334528761364592,1.022376482631284,0.5917946735209679,-273.4908865155947,-645.0735124619015,307.27825564235815,0.14633362513694026,-0.22490805331815977,1.4632126343712302,-319.2186948380348,-443.7044788778163,401.0167567650288,-0.3169004789004842,0.14895666860915027,-0.21463764995837045,-382.50818676256074,-617.9004789879677,436.7204966071451,-0.2938989810714862,-0.011008193739607595,-0.20743323153462445,-506.74368550605084,-577.2106315689301,117.87711683765382
833,0,-0.2959724898560086,-0.012542535201046926,-0.0627775388068285,-536.4010606633634,-575.0607616260612,450.9084191975043,-0.31488322889148745,0.08853420741257755,-0.1482334522281654,-575.9205962118766,-770.5540485947886,779.0858190937703,-0.6850663057050368,-1.1888988918393,-0.9068242257345656,-781.9399936371107,-722.9859903138163,272.0701733063686,1.5482443251999443,0.49516569555808254,3.5210983787064194,-702.2970814804996,-546.1491721255613,157.01422169372248,-0.16397081736508867,-0.01055530582736515,-0.17043552345386356,-661.3863008563089,-586.7945507858943,445.9696471838155,-0.10540416183007342,1.0273605154216,0.5743119757175126,-275.2888392746918,-652.5114246965959,305.9150030184057,0.14751973414612723,-0.2262348269716104,1.4577346743764341,-319.46730099329864,-451.67588654898566,399.23339702152816,-0.32238883598012436,0.15183879392145977,-0.22321006939349583,-383.3962103717721,-621.7760328411166,436.1447463430586,-0.3001485950856343,-0.011137619992526646,-0.2134830092085392,-507.26913946348856,-581.9199488615977,117.19256424805297
834,0,-0.3009720368445397,-0.013533426249534507,-0.06674482022263044,-537.0573162402477,-578.0726040544461,450.3467170390357,-0.3146831820043651,0.08838490306034257,-0.15153909529676685,-578.0701933897478,-772.4088862405022,779.0537066912173,-0.6902207313427204,-1.190851311146015,-0.9081005192779924,-783.3776710107293,-725.3480954074606,271.88441981549704,1.5503103235090323,0.4978957919390009,3.513251351626988,-702.9584208487004,-549.2824300725497,156.11290502873098,-0.16887708321801823,-0.011481536361771712,-0.17728069302176241,-662.1329127062883,-588.9760053123182,445.35126397657825,-0.1071740440802563,1.0326987881467755,0.5560571555006968,-277.0728578184989,-660.0494492749768,304.6776096214759,0.14868583153842435,-0.22743158468078103,1.4522613148641663,-319.71073547836755,-459.7145392864182,397.509009418038,-0.3276277282255992,0.15451681958237518,-0.23190205447882686,-384.23368251844136,-625.6184536956355,435.6912963916315,-0.3061850965508507,-0.011301331500674527,-0.21945877846582093,-507.7446565660499,-586.5500961642533,116.62497631647977
835,0,-0.3053759150792935,-0.014487409526673026,-0.07084672671128012,-537.6771980412805,-581.0760882979333,449.8996320321583,-0.3146791291835235,0.08798914616702634,-0.1548134279047605,-580.1846031325521,-774.2631308372198,779.121103529564,-0.6951505906744078,-1.1929278417710052,-0.90898464661585,-784.7494794563443,-727.7650537540878,271.775440837237,1.5521038571890255,0.5004622715202739,3.5061956231645186,-703.5924840144412,-552.4654098223731,155.27388020262367,-0.17361311725331782,-0.012486519883559595,-0.1840169258125011,-662.8353588188482,-591.1563914416608,444.8330555763076,-0.10866999051485123,1.038378477684182,0.5370412984946383,-278.8399213194697,-667.6883021860089,303.5687187469864,0.14982147689913936,-0.22849112938740096,1.446828599641895,-319.9533350673875,-467.8215054918417,395.84551315255015,-0.332566177341337,0.1569987579609667,-0.2406999974440102,-385.0157273635517,-629.427509539858,435.3605249586017,-0.3119547480157466,-0.011504040020626799,-0.2253488003806436,-508.16680774291274,-591.0904262949151,116.17754329654795
836,0,-0.3091238096965923,-0.015388522334104128,-0.07511537140397179,-538.257227547634,-584.0715836174749,449.56821954152105,-0.3148624454211881,0.08734838588134175,-0.158034982902881,-582.2564126719564,-776.124398008667,779.2848480509149,-0.6998500253711375,-1.195108848343128,-0.909515753175544,-786.0534814149582,-730.2289291272253,271.7436724242338,1.553544850974548,0.5028454799430964,3.4999480537792436,-704.1935891188281,-555.6868588995357,154.50594126768746,-0.1781419759050792,-0.01355379989520483,-0.1906440307606425,-663.4901146880766,-593.3360466912227,444.41691691621605,-0.10991316538900896,1.0443758282302251,0.5172881536834802,-280.58721760802854,-675.4269824796663,302.5912400242463,0.1509125939443959,-0.2294074037312993,1.441473627583662,-320.20000831734967,-475.99616289469355,394.2450233584205,-0.33715917021137737,0.15929251569389008,-0.24958629365296017,-385.73830925461476,-633.2037387590784,435.1510985745915,-0.3174097643333952,-0.011750696426954884,-0.23114346639669267,-508.5326164646013,-595.5320359972882,115.85147443667094
837,0,-0.3121651265998675,-0.016223478759352417,-0.0795806928517266,-538.7943380447756,-587.0597732490455,449.351596971185,-0.3152209749962712,0.08647036715572616,-0.16118219778975254,-584.2786454708339,-778.0002109340842,779.5401443528566,-0.7043155912091422,-1.1973741509878453,-0.9097375600179659,-787.2883175267762,-732.7312082147503,271.7878700004701,1.554565862942258,0.505047002804026,3.4945005006879333,-704.7564841860047,-558.9349697561071,153.81602582911444,-0.18243124067428335,-0.014667905204786202,-0.19716343686305354,-664.0941320826798,-595.5153972931984,444.10289608465035,-0.11093024706081787,1.0506581027905184,0.49683365339697383,-282.31218558487603,-683.2628305965183,301.74815771036737,0.1519427748136416,-0.23017514205576073,1.4362340037244534,-320.45606176507243,-484.2362674764994,392.70976537481494,-0.3413692216614329,0.16140601646396094,-0.2585397612194023,-386.3982441799689,-636.9483701496061,435.06002449794676,-0.32250941710767195,-0.01204631573320107,-0.23683533517199454,-508.8395622979995,-599.8678677027302,115.64599934274659
838,0,-0.31446032308989136,-0.016981879022451365,-0.08426944050040502,-539.2858820336186,-590.0415942941635,449.2469940225172,-0.31573919824838914,0.08536892957839917,-0.16423404806431155,-586.2448660926017,-779.8978808957119,779.880642194331,-0.7085464119923683,-1.1997033583307652,-0.9096978501313693,-788.4531412470626,-735.262910459104,271.9050857525004,1.5551147676563124,0.5070888000236257,3.489820296148019,-705.2764103984421,-562.1975343905694,153.20896982258188,-0.18645346084193806,-0.015814654547526934,-0.20357809929287354,-664.6448417292349,-597.6949268061959,443.88921044783115,-0.11175274909289853,1.0571856799166381,0.4757252005817986,-284.0125574170955,-691.1916108520534,301.0423262055344,0.15289451962908548,-0.23078943991235842,1.4311472664967742,-320.7270159202434,-492.53803596128347,391.24195994699335,-0.34516763111141097,0.16334733583037356,-0.2675361020242051,-386.99318957463794,-640.6632223773144,435.0827337393975,-0.3272209166329255,-0.012395764433747725,-0.24241911910118863,-509.085579255203,-604.0927690343768,115.55841232124126
839,0,-0.3159820462858133,-0.017656342843981616,-0.08920413508696656,-539.7296274428072,-593.0181774175761,449.2498458995661,-0.3163985230273169,0.08406352757160684,-0.16717058199834295,-588.1492636999317,-781.8243978691531,780.2985534184005,-0.7125442242737179,-1.2020761876032067,-0.9094478354958166,-789.5475348097096,-737.8147221810034,272.09069129076704,1.5551569969154297,0.509011518685567,3.4858515933722503,-705.7491536986131,-565.4621197284478,152.6873184391442,-0.19018645418622912,-0.01698138575203007,-0.20989233332321955,-665.1401443382932,-599.8751544347175,443.77230915903635,-0.1124162722867017,1.063914179095633,0.4540207643051407,-285.68639357272525,-699.207610166367,300.47625984362173,0.15375036317523164,-0.23124526321233096,1.4262503252894585,-321.0184174002198,-500.89623577642266,389.84368550548567,-0.34853536705364097,0.16512483106249118,-0.2765483994439585,-387.52161342633343,-644.3505874502931,435.2131920212604,-0.33152003919733153,-0.012803517697501921,-0.24789162578667645,-509.26904987508453,-608.2035098894488,115.58415822926021
840,0,-0.31671603738193416,-0.018242563775269127,-0.09440205124196471,-540.1237437458759,-595.9907887152895,449.3539265521132,-0.31717768706871335,0.08257848655159336,-0.1699733319932739,-589.9867113669893,-783.7863344182842,780.784801845994,-0.7163132982977296,-1.2044727766068815,-0.9090413963283259,-790.5714097337627,-740.3771544429815,272.33844675240266,1.5546772483713687,0.5108720813241494,3.4825175331920923,-706.1710855598899,-568.7162623201654,152.2511995225851,-0.19361346882281769,-0.018157105248957035,-0.2161115795471887,-665.5783913921786,-602.0566237328294,443.7469801250365,-0.11295970140320223,1.070796501118389,0.43178782461690557,-287.33210388591516,-707.3037453921294,300.0519242644783,0.15449384652522616,-0.23153692464126707,1.4215789411369593,-321.33565353876736,-509.30427709622245,388.51672513360893,-0.3514635332779513,0.16674725101468083,-0.2855476478504975,-387.98274452064516,-648.0131038621722,435.4440356852601,-0.3353914813552347,-0.013273396576735352,-0.2532516618914902,-509.38879575999835,-612.1987582715851,115.71695742545124
841,0,-0.31666176080319997,-0.01873928237768602,-0.09987427615350451,-540.466779317404,-598.9607757634252,449.551518068223,-0.31805325279742047,0.08094202292531205,-0.17262558781800216,-591.7527993483666,-785.7897654424246,781.3292027816808,-0.7198602276767505,-1.20687399214292,-0.9085341881777046,-791.5248960226619,-742.9407227387356,272.6406163609698,1.5536805878501525,0.5127406803979409,3.4797231552522607,-706.5391941215869,-571.947680059491,151.89826376142548,-0.19672321542241278,-0.019332557867281924,-0.22224210795950908,-665.9583572457786,-604.239901471568,443.8064981616391,-0.11342435854480978,1.0777846875826396,0.4091022070097091,-288.948448676457,-715.4716723001849,299.7705368638465,0.15511029897094022,-0.2316575588937159,1.4171672807866142,-321.6837754215459,-517.7543025317768,387.26240687885627,-0.3539533922679655,0.16822381359486197,-0.2945033061826119,-388.3765064411333,-651.653625796048,435.7667293599537,-0.3388289360320855,-0.013808297406272728,-0.25849990783771065,-509.44406508756555,-616.0790172915836,115.94896660369996
842,0,-0.31583272059351275,-0.019148177389895316,-0.10562490121398697,-540.7576315168609,-601.9295194286613,449.83361145843435,-0.3190001724071175,0.07918506862409581,-0.17511252848158027,-593.4438415144544,-787.8402055433568,781.9206675039383,-0.7231935891841326,-1.2092617374836705,-0.907982618434538,-792.4082250923963,-745.4961451961152,272.9881291142893,1.5521928877076299,0.5146973368270932,3.4773589518547765,-706.8511071372698,-575.1444977173113,151.6236938255782,-0.19950978299189923,-0.020500220498178175,-0.22829067267151407,-666.2792041382567,-606.4255856645383,443.94280988676684,-0.11385312379604062,1.084831533171077,0.3860468458921428,-290.5345154414064,-723.7018904308765,299.63238384040807,0.1555874044940628,-0.23159863040402168,1.4130475700756027,-322.0673345948891,-526.2372711953518,386.0814465420179,-0.3560159443450421,0.16956424127440592,-0.3033838641034732,-388.7034384893934,-655.2750949830707,436.17174201134804,-0.34183489716428445,-0.014409926874382821,-0.26363877148702813,-509.4345174533715,-619.8465268595112,116.27097156761499
843,0,-0.3142564316762627,-0.019473675623881158,-0.11165040242508435,-540.9955110889858,-604.8983925615938,450.1901332506372,-0.31999239881262237,0.07733995226991335,-0.17742122058347654,-595.0568553065287,-789.9425649803981,782.5474275530722,-0.726323484220129,-1.2116192577463107,-0.9074427015117826,-793.2216121867278,-748.0345546152098,273.37078170840545,1.550260561625006,0.5168281988110901,3.4753049401518994,-707.1051082990149,-578.2954821367106,151.4202823112529,-0.2019724525903128,-0.021654225965534766,-0.23426413309328187,-666.5404417133311,-608.6143211486542,444.1467498643838,-0.11428953316764472,1.091891917405753,0.3627105157416073,-292.08966862154057,-731.9838395802549,299.6366610151223,0.1559155369883798,-0.23134950715544472,1.4092498656833863,-322.4902377739494,-534.7430352046423,384.9738018959897,-0.3576710847648455,0.17077874806312784,-0.3121574072406073,-388.9646069584488,-658.8804214221308,436.6487377734709,-0.3444202098924899,-0.015078556798364484,-0.268672227250606,-509.36020627215095,-623.5051344940856,116.67260729206112
844,0,-0.31197402068221314,-0.019722683369739546,-0.1179392599078399,-541.1799025460175,-607.8687262477306,450.6101915150542,-0.3210035172620733,0.07543899816954795,-0.17954050068974556,-596.589516744959,-792.1011243956302,783.19727329698,-0.7292609837292728,-1.2139314373159336,-0.9069688113080521,-793.9651444906287,-750.5477184102076,273.77747907437663,1.547949577569268,0.5192217661230961,3.473435108445867,-707.3001484549338,-581.3902819778394,151.27857606642482,-0.20411542221016712,-0.022790225406528586,-0.2401690606117351,-666.741882639967,-610.8068207452372,444.4082815925697,-0.11477686486199368,1.0989238519253706,0.3391865661503307,-293.6134721975655,-740.3059855625982,299.78134478875825,0.15608785896753583,-0.23089713165229356,1.4058019546610956,-322.9556228810197,-543.2604081324446,383.9385464702745,-0.3589463831914538,0.17187797455665943,-0.32079216936023397,-389.1615102193124,-662.4723782833045,437.18677768672745,-0.3466033922066927,-0.01581281238499053,-0.2736056442556013,-509.22155885490275,-627.0601403311828,117.14259987933488
845,0,-0.309039440103688,-0.01990424467938312,-0.12447185736213491,-541.3105222648528,-610.8417838804098,451.08233422892937,-0.3220073728520511,0.07351311047162074,-0.1814607669578932,-598.0400931843985,-794.3195277470563,783.8578011255262,-0.7320175071997208,-1.216185078971963,-0.906612360175214,-794.638681260482,-753.0282594707045,274.19650615625983,1.5453437573862683,0.5219652257691418,3.471622073560519,-707.4358530403382,-584.4196660077813,151.1870823172086,-0.20594745369029557,-0.023905199019114053,-0.24601135131938626,-666.8835959421682,-613.0038898828303,444.7167561282119,-0.1153572276853982,1.105889261344065,0.3155716912791405,-295.10558718240924,-748.6558949119892,300.0630984255451,0.15610018894092248,-0.23022581561957758,1.4027293795766267,-323.4657587747935,-551.77722635671,382.9737697302199,-0.3598755495360799,0.17287287160592973,-0.3292570631068501,-389.2959809694136,-666.0535151222404,437.7745281992346,-0.34840976131649515,-0.01660950663457882,-0.2784456041407169,-509.0193541831705,-630.518121805787,117.669024290957
846,0,-0.30551829127726005,-0.020029135022756425,-0.13122068891387062,-541.3872760751793,-613.8187429694642,451.5948123986955,-0.32297867062305674,0.07159041246991192,-0.18317371046877787,-599.4073575789149,-796.6007922159305,784.5166636492831,-0.7346041728291208,-1.2183691513585089,-0.9064204446744945,-795.2417720158527,-755.4698701512772,274.6158229973063,1.5425424050307022,0.5251410786016822,3.4697417674138795,-707.5125267192574,-587.3757532181747,151.13253011359132,-0.20748145025640474,-0.02499722654296364,-0.2517958645909066,-666.9658596868704,-615.206452637024,445.0611805156456,-0.11607066959456074,1.1127545291640182,0.29196475619960843,-296.5656482572694,-757.0203001804118,300.47721746489924,0.15595065263464936,-0.2293171791606494,1.4000555753442523,-324.02197013122714,-560.2804056373544,382.0765088841858,-0.36049666669909375,0.17377453800734846,-0.33752218467698214,-389.37008882983343,-669.6260921848324,438.4004720691858,-0.3498704035491013,-0.01746353151695135,-0.2831997071739476,-508.7546983483425,-633.8867436223478,118.23957111276935
847,0,-0.30148626684954016,-0.020109402247820284,-0.1381508836900124,-541.4102180940645,-616.800684344598,452.1358402037179,-0.3238935270523321,0.06969500977180836,-0.1846720193678605,-600.6904889200235,-798.9473332890472,785.1618173962559,-0.7370311595483797,-1.2204749904864665,-0.9064345086513625,-795.7735981824997,-757.8675110618702,275.02337400321323,1.5396573445175872,0.5288242234668004,3.4676779528806496,-707.5311558187016,-590.2522276250755,151.10017899928658,-0.20873397222077622,-0.026065230378475152,-0.25752610411531063,-666.9891147106638,-617.4155774117593,445.43048781487715,-0.11695432899803743,1.1194908445181018,0.2684656944665296,-297.9931256709215,-765.385159286366,301.017616533668,0.1556391427008534,-0.22815024847421514,1.3978020933480757,-324.6245881293727,-568.7559964869038,381.2427158559214,-0.3608502843136073,0.17459402272534139,-0.34555928940399605,-389.386046280457,-673.1920371884873,439.0531171937167,-0.35102102986223926,-0.018367813655403145,-0.287876365596792,-508.42899765624117,-637.174558543553,118.84181518761478
848,0,-0.29702724250705803,-0.020157870228708092,-0.14522103808662948,-541.3795124426505,-619.7885882869199,452.6938446746995,-0.32472995445051256,0.06784594066448459,-0.18594908904533328,-601.8889641711733,-801.3610027861672,785.781762653588,-0.7393071223902888,-1.2224964416218664,-0.9066890820205279,-796.2329425599887,-760.2175861302725,275.40740150864445,1.536809487783043,0.5330796452813747,3.465326356535065,-707.4934086777502,-593.044530489195,151.07416548385038,-0.20972469894888818,-0.027108705547919634,-0.26320395306315236,-666.9539210375307,-619.6325008827848,445.8138004808297,-0.1180416558120357,1.1260743816154042,0.2451744841958797,-299.3871799385671,-773.7357137931727,301.676858131659,0.1551666205487794,-0.2267017191363877,1.3959888802182905,-325.2729268989092,-577.1892429825473,380.4672612912071,-0.36097747799755897,0.17534210653813007,-0.3533422342452296,-389.34612065297154,-676.752924627575,439.72119888915387,-0.3519007600876824,-0.019313338715364347,-0.29248458497839486,-508.04392952807024,-640.3908042478791,119.46347880137671
849,0,-0.2922310706554111,-0.020187623776115056,-0.15238432301649674,-541.2953992527652,-622.7833371319997,453.25769807234974,-0.3254682630177784,0.0660563676560406,-0.1869987693871936,-603.0024473918522,-803.8431373243224,786.3657702546316,-0.7414387009784574,-1.2244299292592253,-0.9072106576905207,-796.6181896405283,-762.5180856450356,275.75675349783717,1.5341250824883992,0.537960825930732,3.462598206989891,-707.401633579379,-595.7500228598806,151.03787687439444,-0.21047584691668006,-0.028127451338553513,-0.2688294698136734,-666.8609185138392,-621.8586492411754,446.20067918093054,-0.11936173283918766,1.132486335295684,0.22219020425565267,-300.74651776883013,-782.0565519075786,302.4462221162959,0.15453430242734428,-0.22494638488742769,1.3946345731039078,-325.9652850986778,-585.5646505386652,379.7439758893982,-0.3609179850253497,0.1760290808022297,-0.36084738062787014,-389.2525545349939,-680.3099764616537,440.3938712427969,-0.3525508782645831,-0.02028924498903253,-0.2970337365103777,-507.60141151667267,-643.5452010723968,120.09268227573206
850,0,-0.2871911531449841,-0.020211495921711557,-0.15958981093711902,-541.1581660610985,-625.7857239858998,453.81692713234406,-0.32609136921367304,0.06433305139982261,-0.18781517584897908,-604.030681794642,-806.3946145884661,786.90409026572,-0.7434301569470037,-1.2262744444627003,-0.9080167683702164,-796.9273581816966,-764.768689734748,276.061175499598,1.5317318021086623,0.5435089625771776,3.4594229891855677,-707.2588535356173,-598.3681117889487,150.97434135555147,-0.21101155551943818,-0.02912131908743116,-0.27440074640244067,-666.7107929688702,-624.0956561355076,446.58134985619614,-0.12093873015795291,1.1387128285281305,0.19961016877631496,-302.06925803572204,-790.3316823325105,303.31581277913784,0.15374277963293906,-0.2228577254457116,1.3937567708552527,-326.6989714915622,-593.8660687252279,379.0657278882786,-0.3607085279454994,0.17666454181825575,-0.3680539483549553,-389.10749648937036,-683.8640820576735,441.0608833598582,-0.35301359943085375,-0.021282983520397973,-0.30153332432289714,-507.1035689299668,-646.647754922836,120.71817530668315
851,0,-0.28200189124073183,-0.02024157992416476,-0.16678394958347711,-540.9681253450257,-628.796467280082,454.3618945913284,-0.32658500362825954,0.06267613292458447,-0.18839258506659617,-604.9733902025207,-809.0159148038503,787.3881377205995,-0.7452831698516531,-1.2280314411853448,-0.9091153194403873,-797.1581656303467,-766.9708259960723,276.31157726597166,1.5297548341176725,0.5497530375723774,3.4557502675195524,-707.0687568887356,-600.9003343517971,150.8666229143096,-0.21135725353302573,-0.03008998905504076,-0.2799138291051182,-666.504248936563,-626.3453769979916,446.9469028735227,-0.12279152516901445,1.1447447048168744,0.1775291376591318,-303.35281655164084,-798.5446249214701,304.27469881236607,0.15279112907291295,-0.22040864134071123,1.3933722412418894,-327.4703529269781,-602.076795350065,378.42453420875904,-0.36038143030570086,0.1772572181853864,-0.37494430912841803,-388.91294350788405,-687.4158344844232,441.7127366813413,-0.35333088527115686,-0.02228054011612815,-0.30599275161269857,-506.5527016547785,-649.7085690521632,121.32954316405251
852,0,-0.2767561236710747,-0.02028878760094535,-0.1739121003543774,-540.7255986244267,-631.8162308619741,454.8839497874823,-0.3269378164871617,0.06107923347444518,-0.18872542836393072,-605.8301887859078,-811.7071849601309,787.810650847208,-0.7469968123828946,-1.229704636966781,-0.9105042242504415,-797.3081221429974,-769.1276766910038,276.50026581694976,1.528313102898865,0.5567107379912767,3.451550487895446,-706.8356824860256,-603.350394838958,150.69820975726353,-0.21153901968555633,-0.03103278684733605,-0.2853626991543077,-666.24198967654,-628.6098996562353,447.2894594003716,-0.12493351819503881,1.1505772197841981,0.15603860146797305,-304.5938178943287,-806.6785234426795,305.3110802510213,0.15167607442332845,-0.2175723186576355,1.393497027912448,-328.27492271323666,-610.179707604906,377.8117016159398,-0.3599636117582888,0.17781484617869925,-0.3815042073451107,-388.6706961474815,-690.9655797259394,442.3408200568253,-0.3535433420620295,-0.023266713683640534,-0.3104210880160098,-505.9512507887857,-652.7376678215668,121.91738289053286
853,0,-0.27154266531573285,-0.020362472686102032,-0.18092006039741618,-540.4309072579215,-634.8456491530193,455.37554652249884,-0.32714138391863357,0.059529864669896425,-0.1888083883947065,-606.600518095986,-814.4683035916413,788.1658176972785,-0.7485677143964223,-1.2312997186265167,-0.9121713751278948,-797.3746501966874,-771.244133001486,276.62113773689794,1.5275157402894457,0.5643901707766905,3.44681473297419,-706.5645980997291,-605.7241521341195,150.45338519275745,-0.21158295089848092,-0.03194854669021361,-0.2907393110705875,-665.9247049069629,-630.8915512679054,447.60230157993715,-0.12737266776310607,1.1562096480367126,0.13522613745926418,-305.78804154214447,-814.7162847368463,306.4124756652406,0.1503912588166607,-0.21432320109343772,1.3941464268718509,-329.10738694799613,-618.1574250428191,377.2179933002933,-0.3594760235766601,0.17834410504626938,-0.38772289678697597,-388.3823268613623,-694.5134751431592,442.9375198729965,-0.3536892293911155,-0.024225444828900593,-0.3148268391038444,-505.3017656315677,-655.7448349881199,122.47344585461498
854,0,-0.2664440504418478,-0.02047013334671928,-0.1877554963976276,-540.0843697851349,-637.8853566658765,455.83032766848305,-0.3271901228219652,0.05801012638221003,-0.18863659593681206,-607.2835943284947,-817.2989442409494,788.4493677748662,-0.7499904119065586,-1.2328239594795507,-0.9140949679230564,-797.3552242643653,-773.3266961309795,276.669825166519,1.5274588935718088,0.5727922618887151,3.4415534713744775,-706.2610708346208,-608.029556252882,150.1175704973605,-0.21151455156700144,-0.03283552533126074,-0.2960336861564656,-665.5530662876074,-633.1929016565394,447.8799646256329,-0.13011176078857814,1.161644820585564,0.11517482702064477,-306.93040804665145,-822.6407472025053,307.5659224332858,0.14892668680442364,-0.21063804034371084,1.3953348105403773,-329.96176598182245,-625.992507523229,376.633815537028,-0.3589335523073202,0.17885062002404298,-0.39359318487996714,-388.0491616219507,-698.059553584742,443.49630322651495,-0.3538036023158945,-0.02514018775252387,-0.3192177180236682,-504.606871478278,-658.7394685296031,122.99074435018362
855,0,-0.2615345672937879,-0.02061720255928566,-0.19436923170700793,-539.6863053776344,-640.9360209337406,456.2431771102682,-0.3270811264148615,0.05649765651165591,-0.18820591623992486,-607.8783825191729,-820.1986360961514,788.6586261851118,-0.7512578629466612,-1.2342857605050166,-0.916244180552047,-797.2475238311405,-775.3833274325432,276.6437916372731,1.528222940118655,0.5819136678522026,3.435794407499302,-705.9312285387416,-610.2765351137034,149.67763004973926,-0.21135815681544468,-0.03369136671940436,-0.3012340591385542,-665.1277302607176,-635.5167630777828,448.11829051261486,-0.1331489208799794,1.1668886042675517,0.09596271466869731,-308.01500898714,-830.4348799322064,308.7581828387403,0.1472683862189303,-0.206496988867943,1.397075287736697,-330.8315078404825,-633.6676891303146,376.04941854859953,-0.3583453823518197,0.17933903542131324,-0.39911138103164184,-387.67227450422797,-701.6037898607834,444.01177291537135,-0.35391760331314975,-0.02599431682615078,-0.3236004195951788,-503.8692385118658,-661.7304535359083,123.46362131559809
856,0,-0.2568786481446028,-0.020806929443455458,-0.20071634424484508,-539.2370426391957,-643.9983777112626,456.6102404993037,-0.32681393625298366,0.05496678618076804,-0.18751330778224307,-608.3835920665362,-823.1668206734432,788.7925289572569,-0.7523620989167511,-1.2356941333753484,-0.9185801873258067,-797.049592186039,-777.4232520860746,276.5423756167076,1.5298701603584213,0.591749975853749,3.429579598517862,-705.5817117111753,-612.4768346855851,149.12213002644992,-0.2111364019901573,-0.0345131142140507,-0.3063270765458514,-664.6493473879852,-637.8661863335402,448.31444443062594,-0.1364783431215509,1.1719493302559252,0.07766227963098732,-309.03518216988067,-838.0820120178394,309.97594901100564,0.14539832987929893,-0.20188469248521618,1.3993791997359997,-331.70961016273327,-641.1661466143471,375.45510539209454,-0.35771577084434947,0.17981315358383185,-0.4042771516012096,-387.25249442978117,-705.1461667460183,444.47969395044703,-0.3540579140091412,-0.026771556913319304,-0.32798039836278536,-503.0915519072037,-664.7260542800119,123.88778358408868
857,0,-0.2525296545057096,-0.021040349408020537,-0.2067570486644444,-538.736932645224,-647.0732671762177,456.9289170004323,-0.32639026963257145,0.05338984584024009,-0.1865572309070584,-608.7976936843039,-826.2029037947364,788.8515994410764,-0.7532949695784351,-1.2370581478925418,-0.9210574720749516,-796.7599929175427,-779.4567230228894,276.36678129565854,1.5324429070096308,0.602298941146046,3.4229620481807843,-705.2196160040702,-614.6438175477946,148.4415432484451,-0.21086974976606246,-0.03529726416643053,-0.31129804597721705,-664.11857685187,-640.244453022247,448.4668964771748,-0.14009122624180684,1.1768371772524144,0.06033988808476632,-309.98363114668064,-845.5660896002446,311.20604035487133,0.143294643481164,-0.19679133524700532,1.4022554650957693,-332.5887470617763,-648.4717983395877,374.8414426446383,-0.35704515321011837,0.18027612893243108,-0.4090932905228461,-386.7904227631404,-708.686738210691,444.8969923248523,-0.35424637071326837,-0.027456424037952294,-0.3323616535165082,-502.2764830556347,-667.7338262312578,124.26030030269136
858,0,-0.248529074701066,-0.021316336534608658,-0.21245735110225147,-538.1863647575466,-650.1616698065443,457.19782479528266,-0.32581372351733134,0.051738562458200674,-0.18533807946438793,-609.1189556893644,-829.3063024668566,788.8378869028644,-0.7540489333873346,-1.238386369744702,-0.9236253860443738,-796.3779558307995,-781.4947536829075,276.12001775886193,1.53596229939418,0.6135635215751998,3.4160020035924057,-704.8524260075634,-616.7922264726278,147.62839435774944,-0.21057608520194224,-0.03603985240339964,-0.3161312356744482,-663.536104363958,-642.6550636256959,448.57537212718614,-0.1439768534185982,1.1815635181299147,0.0440552000541811,-310.8525857939694,-852.871956214844,312.4355880396241,0.14093211034811273,-0.19121358671108601,1.4057097982220919,-333.4613973172123,-655.5696272666323,374.1994668740955,-0.35633146942764377,0.1807307008646487,-0.4135654202924541,-386.2864599333589,-712.2256881624884,445.2617277948271,-0.35449974247274674,-0.028034661190723474,-0.3367465244970806,-501.4266616188357,-670.760548482817,124.5795692125371
859,0,-0.2449061322462674,-0.021631728308037994,-0.2177894774392637,-537.5857834332846,-653.2647406371719,457.416743579668,-0.3250894769770248,0.04998548527911273,-0.18385860525401299,-609.3454965106747,-832.4764865891619,788.7548695532961,-0.7546178425966215,-1.2396863163284666,-0.926229883182577,-795.9035040868455,-783.5488296709672,275.80678928003533,1.5404274666465674,0.6255545159651059,3.408763170240728,-704.4879414755344,-618.9379208358938,146.67734138696875,-0.21027038795092734,-0.03673656348359883,-0.32081022337878073,-662.90266138681,-645.1017211404803,448.64077577078945,-0.14812375225603608,1.1861402454919032,0.028860518682231426,-311.6339985247794,-859.9856499794381,313.6522022552967,0.13828296707737128,-0.18515540279321507,1.409743837717508,-334.3199704503682,-662.4460193377774,373.5208813308849,-0.35557158430228003,0.18117944594627128,-0.41770164143275335,-385.7408387769334,-715.7633835807062,445.57304328445355,-0.35482966573714364,-0.0284936535141729,-0.34113550120583025,-500.5446479623843,-673.8121768248608,124.84525432894183
860,0,-0.24167778830041112,-0.021981510644406413,-0.2227320861662054,-536.9357040123064,-656.3838407089479,457.58653762598766,-0.32422401311115695,0.0481053775456529,-0.18212430296570165,-609.4753495267628,-835.7130156887172,788.607325197862,-0.754997674130933,-1.2409639585865355,-0.9288153572155009,-795.3375547954058,-785.630610364696,275.4333410573803,1.5458153606321334,0.6382926781193017,3.40130903168928,-704.1341974570329,-621.0975944737698,145.5851919547608,-0.20996448963741352,-0.0373828517272265,-0.32531829197394363,-662.2190433654339,-647.5883100797749,448.66509206979543,-0.15252084581356282,1.190579098902093,0.014800087017389333,-312.3197687701467,-866.8947093506395,314.84411919204456,0.1353179675260587,-0.178628635817937,1.4143542296945575,-335.15692749698195,-669.0891069001877,372.7982379202952,-0.3547626728266906,0.18162502867091052,-0.4215121487347758,-385.15366191144864,-719.30042146468,445.83109415864374,-0.35524272561866505,-0.02882280778191308,-0.34552705235976855,-499.6329054315538,-676.8938174884686,125.05819916775471
861,0,-0.23884910908106993,-0.022359050038200396,-0.2272702848998886,-536.2367253657876,-659.520564683912,457.70906313862287,-0.32322487835115354,0.046076514063696485,-0.1801437228384793,-609.5065358459375,-839.0155710970765,788.401173542596,-0.7551871619940268,-1.2422232953205192,-0.9313265021711424,-794.6819861503444,-787.7516319776001,275.0072661474349,1.5520811554976341,0.6518102422375599,3.393699424272708,-703.7993799416413,-623.2884840750067,144.35085475637152,-0.20966692306548157,-0.0379740630977543,-0.32963886691585537,-661.486124605797,-650.1188708682884,448.65127007496795,-0.15715849519874206,1.1948910220731657,0.0019093538389063172,-312.9019867141082,-873.5884777503812,316.00032595269533,0.13200767689626036,-0.171653416507951,1.4195317181249445,-335.96489361016194,-675.489105562074,372.0251002425155,-0.3539034525490321,0.1820704307555042,-0.42500883014007435,-384.5249401886624,-722.8376694413594,446.036961011633,-0.3557406699881187,-0.029013882397526503,-0.3499174755245544,-498.6937719277318,-680.0097213656196,125.22032001955522
862,0,-0.23641395924762004,-0.02275635940178479,-0.23139547559642548,-535.4895373522255,-662.6767637873417,457.78706359693393,-0.32210049211183717,0.04388182951875975,-0.1779286798609264,-609.437140431184,-842.3839841336516,788.1432949397016,-0.7551882941540531,-1.2434660232792514,-0.9337101200305975,-793.9396655134466,-789.9230235101429,274.5372805123713,1.5591592438290875,0.6661518479471608,3.3859874808778287,-703.4917385961493,-625.5280773546001,142.97522963521618,-0.20938286821120325,-0.0385055480737788,-0.333755987148754,-660.7048675455666,-652.6975698966849,448.6030949902004,-0.16202933507724232,1.1990855811683367,-0.009785757805344122,-313.3731859494535,-880.0583964784536,317.1106627693065,0.128323943669085,-0.16425827938157947,1.4252602989473073,-336.73675993867636,-681.6386321543479,371.1961842492448,-0.3529951648787102,0.18251914093048585,-0.42820486090761967,-383.8546291758316,-726.3763001538771,446.1925498056597,-0.35632073915209733,-0.029061255533715535,-0.35430077381140107,-497.72943031982913,-683.1632981996198,125.33448387627462
863,0,-0.2343559750637913,-0.023164384660664988,-0.235105057535574,-534.6949212578573,-665.8545634294735,457.82405656381366,-0.32086001365956013,0.04150986980593743,-0.17549433231241063,-609.2653869887905,-845.818260945512,787.8413309972613,-0.755006645503633,-1.244691321730628,-0.9359168044969864,-793.1144345782627,-792.1552464638955,274.0329738688496,1.5669648283277364,0.6813748905366974,3.3782170248943086,-703.2194979344239,-627.8338300926517,141.46104215069417,-0.20911419762901606,-0.038972757592944114,-0.3376547973241776,-659.8763244361496,-655.3286657845306,448.5250521691083,-0.16712881790051434,1.2031704752876835,-0.02026953862600291,-313.7265938036183,-886.2982749722174,318.16590288784465,0.12424148568487171,-0.15648001254532654,1.4315164971463588,-337.4657724857931,-687.5329912648267,370.307473794022,-0.35204223293457615,0.18297529002495064,-0.43111430330555145,-383.14266070901783,-729.9178196812405,446.30048317476616,-0.3569760906182497,-0.02896212037411827,-0.35866856767299216,-496.7418773682946,-686.357149789825,125.404375482312
864,0,-0.2326497666814328,-0.023573300171871286,-0.23840201913933476,-533.8537417665603,-669.0563750588915,457.82421505716405,-0.31951326663028184,0.038955507831826,-0.17285910882316718,-608.9897072151089,-849.3186046727432,787.5034729459326,-0.7546515277456924,-1.2458957645596258,-0.9379024373100658,-792.2110497645438,-794.4578681777875,273.50454440764184,1.5753960922657166,0.6975493436759359,3.3704204673872837,-702.9907678110081,-630.2229005974805,139.8126309888582,-0.2088596209653869,-0.03937131675432525,-0.34132204499772517,-659.0016298722273,-658.016472710833,448.4221873983487,-0.17245540802059514,1.2071511670398887,-0.029537094382334175,-313.95636763951745,-892.304527532534,319.1578112734514,0.11973951850227045,-0.1483632228483041,1.4382688261336045,-338.145605867348,-693.1704181200133,369.35630899209883,-0.3510525525263925,0.18344371956949787,-0.43375172098535203,-382.38896686168135,-733.4640902351132,446.3639864895657,-0.3576962957100758,-0.028716597897717744,-0.36301005483710536,-495.7328910382956,-689.5931207255564,125.43435764162467
865,0,-0.23126229678466384,-0.023972802287661625,-0.24129444973353517,-532.9669294716033,-672.2849020136318,457.79224606988606,-0.3180707155166539,0.03622039563501612,-0.17004447169338596,-608.6088002967261,-852.8854355587267,787.1382438919466,-0.7541359464056877,-1.2470733664548437,-0.939629442623117,-791.2350781653001,-796.8393772042386,272.9625254791154,1.5843369116045405,0.7147571083093076,3.362617238082951,-702.8134535202531,-632.7119092337487,138.035698614909,-0.20861492506027818,-0.03969707388981893,-0.3447465626539993,-658.0819831247164,-660.7653219642797,448.29996681156945,-0.17801039847311928,1.211030655110366,-0.03759481808247771,-314.05780553315435,-898.0763660178823,320.0791838613151,0.11480334961321254,-0.13995961794777131,1.4454774861363544,-338.7704201144236,-698.5522664014611,368.3414458157407,-0.3500374032011081,0.18392997609691009,-0.43613181711494153,-381.5934941464189,-737.017347285049,446.3867718771792,-0.3584678831720123,-0.028327759498181077,-0.3673120351783681,-494.70399632642597,-692.8723647107964,125.42932839975968
866,0,-0.23015438267477747,-0.02435239172760259,-0.2437950006289119,-532.0354534794703,-675.5431393639376,457.7332682275426,-0.3165434829119096,0.03331313569881706,-0.16707451462591352,-608.121679021414,-856.5194094943217,786.7542810405398,-0.75347636448616,-1.2482157626630759,-0.9410677557372157,-790.1927515614562,-799.3070473436514,272.41751204014,1.5936600474625584,0.7330909344884591,3.3548127639954837,-702.6951651481253,-635.3167293621624,136.13703712014404,-0.2083733029479274,-0.039946125532607714,-0.3479197114674271,-657.1186198159089,-663.5795230960322,448.1641389669882,-0.18379735631251892,1.2148094025345357,-0.044460694337364784,-314.02752040751756,-903.6159387407208,320.92386942298987,0.10942586127292574,-0.13132701848572778,1.4530943527096225,-339.3348989795445,-703.6831308756754,367.26308570799523,-0.34901099628461796,0.18444022788848183,-0.43826910557494775,-380.75620636875465,-740.5802111367813,446.37292283757625,-0.35927490523466127,-0.02780155409035196,-0.37155901833733235,-493.65643001206445,-696.1954242849332,125.39457808230405
867,0,-0.22928227043848723,-0.02470163681707144,-0.2459203215349684,-531.0602842462546,-678.83436796223,457.6526899430319,-0.31494339140015326,0.030249165763263183,-0.16397540480586018,-607.5276995484227,-860.2214352590172,786.3601236206271,-0.7526922815564913,-1.249312514597454,-0.9421954749542574,-789.0907831218032,-801.8668549023889,271.87989406497553,1.6032307322869157,0.7526529463668449,3.346997998590452,-702.6431253099491,-638.0523144241026,134.12424218931216,-0.2081257618535718,-0.0401148205999141,-0.3508357619896937,-656.1127730966094,-666.4633262133469,448.02060078731864,-0.18982123322825223,1.2184854242362826,-0.05016440237584792,-313.8635679402667,-908.9284069827771,321.68677620371517,0.1036088079259202,-0.1225281265382657,1.461063297572422,-339.834268650613,-708.5708964539425,366.12287420820843,-0.3479897054654022,0.18498110605372914,-0.44017762422940354,-379.87707524736044,-744.1556928755062,446.32678144126317,-0.3600995041749411,-0.027146637305333954,-0.3757334292965146,-492.59110505021283,-699.5623216848569,125.33564846365319
868,0,-0.22859923299054644,-0.02501041113359942,-0.2476904936818642,-530.0423474103177,-682.1621431027883,457.55608881198634,-0.3132830099818474,0.027050363278446638,-0.16077469155052004,-606.8265728344336,-863.9926903988514,785.964011600165,-0.751805646189648,-1.2503515270781007,-0.942999179040317,-787.936153322683,-804.523451553444,271.3596033015661,1.612910540252548,0.7735527793738767,3.3391494985292454,-702.6640741090744,-640.9325640762875,132.00542842146953,-0.207861596781102,-0.04019974981340841,-0.3534921868139128,-655.0656251295637,-669.4208870323159,447.8752682675252,-0.19608720469303148,1.2220545251430683,-0.05474719019619143,-313.56552026634137,-914.0219522592906,322.3638652754297,0.09736386164354358,-0.11362909011486566,1.4693208707613654,-340.2642963708527,-713.2267074572259,364.9238677161194,-0.3469910517282842,0.18555947727225994,-0.44187069784855115,-378.9560586951802,-747.7471945095078,446.25283939203524,-0.36092246151472085,-0.026374104013254632,-0.37981592112127904,-491.5085756195653,-702.9726586596322,125.25819561730323
869,0,-0.22805714822198345,-0.02526910071225745,-0.24912847584115136,-528.9824700090924,-685.5302783321396,457.44909243527263,-0.3115756825906901,0.02374438773762528,-0.15750051530378367,-606.0183568637065,-867.8346352878369,785.5736994255287,-0.7508401282479609,-1.2513195577333855,-0.9434739069768574,-786.7358732549411,-807.2801929698632,270.8658787927514,1.6225614147830156,0.7959053189407064,3.3312300411159987,-702.7641700883001,-643.9702304211611,129.788958778552,-0.20756891267933006,-0.040197728923498946,-0.355889842247104,-653.9782503302647,-672.4562362969898,447.73395216034373,-0.20259932225985164,1.2255106661568815,-0.05826149839831667,-313.1344795408808,-918.9077096790108,322.95213203619517,0.09071334990498711,-0.1046979163860582,1.4777973545895515,-340.62126920788234,-717.6648534388789,363.67046770280797,-0.34603253580256527,0.1861821607978112,-0.4433607556011884,-377.99306749386875,-751.3585031190404,446.155633547325,-0.3617237166117838,-0.025497129731933868,-0.38378579548471164,-490.4090040953084,-706.4257231926374,125.16785731183434
870,0,-0.22760801870137032,-0.02546877768067001,-0.2502595744834375,-527.8813210419345,-688.9428250533696,457.3372603989175,-0.30983551655054237,0.02036379091610349,-0.1541807602206222,-605.1034300741844,-871.7490245116106,785.1962880394747,-0.7498202849803524,-1.2522027949964125,-0.9436228104752792,-785.4967347237707,-810.1392212351496,270.4070555445003,1.632049714571331,0.8198280202606854,3.3231897686150558,-702.9488860938591,-647.1768636950791,127.48319963961772,-0.20723517512975548,-0.04010578624625091,-0.35803302049217467,-652.8515524217453,-675.5732550540631,447.60223829946517,-0.20935907895850409,1.228846421095953,-0.06077031848545875,-312.57302774726924,-923.5996253334987,323.44957652887206,0.08369064275193476,-0.09580279701743936,1.4864181765814901,-340.9019540814026,-721.9025709196144,362.3683220223315,-0.3451304234149878,0.18685560682247923,-0.44465920456332203,-376.9879219043627,-754.9937788366847,446.0396458514067,-0.3624828460641042,-0.024530531203392346,-0.38762152152928697,-489.2921313956744,-709.9206012879979,125.07012521340818
871,0,-0.2272053997612399,-0.025601338912421598,-0.2511109449295606,-526.7393487966394,-692.4040486576052,457.2259668272902,-0.3080773121396836,0.016944935474726627,-0.15084219972555762,-604.0824475648471,-875.7379143532208,784.838077400435,-0.748770660608334,-1.2529874777946983,-0.9434565025763386,-784.2250572945837,-813.10159694347,269.99037964500104,1.6412501340200198,0.8454377971508649,3.3149678321621936,-703.222899318603,-650.5627953555995,125.0963108309234,-0.20684776777518227,-0.039921165655395136,-0.35992936043009205,-651.6861978560978,-678.775657060377,447.485371848104,-0.21636399577639226,1.23205347663822,-0.062346277670442846,-311.8851117584983,-928.114238462348,323.85516239635507,0.07634015931789119,-0.08701041589871068,1.4951056427655314,-341.103541065891,-725.9597637926853,361.0241935566609,-0.34429858829228926,0.1875855564304727,-0.44577635703789464,-375.9403004208507,-758.6575365523076,445.90920709032304,-0.36317950021694295,-0.02349026109913936,-0.39130133331078903,-488.15725222882986,-713.4562922127216,124.97022168077392
872,0,-0.22680570779005466,-0.02565960984981469,-0.25171112636466003,-525.5567176331033,-695.9184020068216,457.12028278413527,-0.3063164203208397,0.013526770224794853,-0.14750968595868785,-602.956282677955,-879.8036649148415,784.5044406801511,-0.7477148626374607,-1.2536605275085444,-0.942992137298172,-782.9264426681426,-816.1674749337026,269.62185206155823,1.6500493550341362,0.8728474985018962,3.306494488569524,-703.5899753551768,-654.1371552801475,122.63607724997988,-0.2063945348802738,-0.03964135485151598,-0.3615896128114673,-650.4825484749305,-682.0669793252684,447.388144582666,-0.22360633689435624,1.235123123308161,-0.06307045138819235,-311.07586562623135,-932.470392106629,324.16876355472385,0.0687169770448198,-0.07838431153737933,1.503780927413735,-341.2235728199721,-729.8586488600348,359.6457972557378,-0.34354750584303956,0.1883767048101969,-0.4467214062428239,-374.8496833236712,-762.354621335618,445.7684034569746,-0.3637937980009503,-0.02239285615944578,-0.3948038766151865,-487.00319673898014,-717.0318258201453,124.87298062647328
873,0,-0.22636938474042737,-0.025637414950202435,-0.2520896096288574,-524.3332469904616,-699.4904971765643,457.0248578445253,-0.30456852326757405,0.010149514855046848,-0.1442054301060566,-601.7259572942455,-883.9489353362305,784.1997202917883,-0.7466746593681183,-1.2542101617247363,-0.9422522655960962,-781.6055465241578,-819.3363158564664,269.3061023303361,1.6583492957589534,0.9021620358466,3.2976935815322075,-704.052846877057,-657.907918661516,120.10978559390887,-0.20586428974401155,-0.03926414523896246,-0.3630272636929749,-649.2405963925631,-685.450581460172,447.31478434199335,-0.23107205218040755,1.2380466912018295,-0.06303091571634899,-310.15137530441825,-936.688879032581,324.39109725027515,0.060886042331464,-0.06998336406332575,1.5123662334584913,-341.25986366093525,-733.6233367395514,358.2416076608554,-0.3428834709590421,0.18923238922230226,-0.44750244261123373,-373.7152939280268,-766.0901777029387,445.62098465169396,-0.36430668552440065,-0.021254861994792186,-0.3981088681199742,-485.82831993002105,-720.6463807796506,124.78273178488818
874,0,-0.2258618981028865,-0.025529617232761245,-0.25227643260783666,-523.0683552722654,-703.1250764271222,456.94380039531626,-0.3028493406566495,0.006853308342565244,-0.14094841186097057,-600.3925646658419,-888.176670705811,783.927144956159,-0.7456691420559938,-1.2546264603027104,-0.9412635216332819,-780.2658773020361,-822.6071243831764,269.04629244928606,1.6660698384654293,0.9334742704542066,3.2884853188610457,-704.6130885162023,-661.881977193611,117.52414656418246,-0.20524727385756503,-0.03878772458358954,-0.3642580280875633,-647.9599039994096,-688.9296541102133,447.2688459871884,-0.23874002774204964,1.2408158982662034,-0.062321063539427235,-309.1183942865006,-940.7920327494503,324.52364215005605,0.05292100071414324,-0.06186047201813358,1.5207870226155793,-341.2104122504969,-737.2793619223834,356.82064010272626,-0.3423080908102384,0.19015432172145305,-0.44812650198576975,-372.5360404948818,-769.8696130382008,445.4702721621239,-0.36470026644617276,-0.020092260835210592,-0.40119772468406745,-484.63050003948024,-724.2994026547772,124.70318777622529
875,0,-0.22525455800159722,-0.025332130159771513,-0.25230179415811727,-521.7610110019488,-706.8269833924991,456.8805566181365,-0.3011742728350397,0.003676874269685831,-0.13775394472447178,-598.9571888737835,-892.4900795749501,783.6887662357667,-0.7447139921592146,-1.2549018571140127,-0.9400552001454588,-778.909630297171,-825.9787039353366,268.8440504836905,1.673150941148091,0.9668608002111342,3.278789242676648,-705.2709905003384,-666.0652284118295,114.88526001731948,-0.20453555672144982,-0.03821079806535966,-0.3652992339962192,-646.6395517243441,-692.5072362835025,447.2531036099378,-0.24658170115184425,1.2434230973003677,-0.06103771931441326,-307.98402165100487,-944.8032762400118,324.56854044034696,0.04490268742161639,-0.05406147727959475,1.5289742080972375,-341.07331208945453,-740.8531787151597,355.3922098168587,-0.3418180805641254,0.19114238396568747,-0.4485996375366456,-371.31046168396205,-773.6985557188308,445.31906648383176,-0.3649581130201257,-0.018919929531353206,-0.4040541198129388,-483.4071467435886,-727.9907207481948,124.63733357850633
876,0,-0.22452513522923834,-0.025041905575803013,-0.25219567473832377,-520.409693257322,-710.6011354521441,456.8377886331504,-0.2995579988490786,0.0006562530177647313,-0.13463341168720763,-597.420825020259,-896.8926013916956,783.4854124410273,-0.7438208894214747,-1.255031534757995,-0.9386577898991715,-777.5375639421599,-829.4499173759142,268.699432694847,1.6795540617937794,1.002377802003613,3.268527281540325,-706.0254345202326,-670.4626766801936,112.19861802484691,-0.20372337097822224,-0.03753272879076247,-0.3661691248668146,-645.2780957914944,-696.1862409187603,447.2694442731816,-0.25456107126875094,1.2458614260943512,-0.05927909722828659,-306.7553565007754,-948.7466433699202,324.52848345609846,0.036917341690342664,-0.04662438546829953,1.5368662048857817,-340.8466640799732,-744.3716418505448,353.96567412114626,-0.3414053680464416,0.19219449760292875,-0.4489270089380923,-370.0366781993236,-777.582808777615,445.16955237139075,-0.365065566262851,-0.01775115298694807,-0.4066644297025771,-482.15521970690435,-731.7206624311451,124.5873184024523
877,0,-0.22365826709094747,-0.02465690161068571,-0.2519874513324903,-519.0123629145343,-714.45249817956,456.817252907101,-0.298014052038532,-0.0021763547480676743,-0.1315941744742902,-595.784304006769,-901.3878635828423,783.316657596593,-0.7429970903671916,-1.2550137039888383,-0.937101529097387,-776.1489232654325,-833.0199431233619,268.61091245302015,1.685262848350468,1.0400570910379747,3.2576267718182015,-706.873776031127,-675.0785392975132,109.46913877778013,-0.20280738150481142,-0.03675368588658195,-0.3668861156217249,-643.8735376988775,-699.9694875900005,447.31876423364156,-0.26263510733112105,1.2481248805730238,-0.05714265656534462,-305.4391445421441,-952.6462897044204,324.4065810287957,0.029054626098776896,-0.03957891168934827,1.5444107393372755,-340.52849534940293,-747.8614914169174,352.5501634697317,-0.3410574933804806,0.19330657869825563,-0.4491129844591024,-368.7123529350609,-781.5283002128054,445.02320175124044,-0.3650100324166888,-0.016597213134104834,-0.40901804213416026,-480.87125758864704,-735.4901633231516,124.55435048714546
878,0,-0.22264564290826613,-0.024176034292206015,-0.2517054962990231,-517.5664456975511,-718.3860626429348,456.81968073979033,-0.29655439798233246,-0.004793596138881408,-0.1286396499102987,-594.0482252111625,-905.9796284125291,783.180803266955,-0.7422451992389599,-1.254849754393119,-0.935415045500431,-774.7414133800481,-836.6885165424449,268.57539386500054,1.6902830714413648,1.0799025641450455,3.246023338230052,-707.8117377326869,-679.9163514783925,106.70122279528002,-0.20178689040715822,-0.035874786655444926,-0.3674680431899931,-642.423306590426,-703.8597408580007,447.40086934146956,-0.2707545396816856,1.2502083420240422,-0.05472291662757292,-304.04143344101993,-956.5260104836012,324.2062154525898,0.02140554287722382,-0.03294635800888289,1.5515663293338358,-340.1166883238091,-751.3488612910564,351.154307558791,-0.34075827204391235,0.19447257877626112,-0.44916125349067065,-367.3346615074973,-785.5410312935389,444.8806746681396,-0.3647812809826611,-0.015467067024093367,-0.4111075148656311,-479.5514172401926,-739.3008712698108,124.53859597676308
879,0,-0.22148596803574658,-0.02359911614272214,-0.2513767541051609,-516.0688274977759,-722.4068261616857,456.84466341699914,-0.29518903918834827,-0.00717379627960069,-0.1257695395915583,-592.2128996334784,-910.6717301605574,783.0748714697373,-0.7415631446826586,-1.254544268143412,-0.9336241372137982,-773.3112235866147,-840.4561471695289,268.58824796403997,1.6946418021655107,1.1218872021659227,3.233663528215047,-708.8333193334153,-684.9790645318509,103.89882208252536,-0.20066398227146956,-0.03489821873985687,-0.36793145549992995,-640.9242551460984,-707.8597524419519,447.51438209164854,-0.2788649942821103,1.252107595606523,-0.052109301550357444,-302.56725353595766,-960.4087835856564,323.93088171880436,0.01406034257431467,-0.02673980359340965,1.5583033601935259,-339.6089236159222,-754.8588284927771,349.78596270416017,-0.34048867452550957,0.19568460918898722,-0.4490749483462387,-365.9002745889477,-789.627024358199,444.7417195374487,-0.36437174717119647,-0.01436712112444655,-0.4129285827892216,-478.191522511878,-743.1552416728404,124.53908377607682
880,0,-0.22018471342864057,-0.022926784359325398,-0.25102629572984847,-514.515861964662,-726.5197768939106,456.89054541118946,-0.2939256688595627,-0.009301588937056893,-0.12298019369258689,-590.2783052460427,-915.4680036087112,782.9946076223774,-0.7409443659561548,-1.254104894453085,-0.9317507406746376,-771.8531004227917,-844.324303326425,268.64336944951464,1.698385864080984,1.165950809347318,3.2205071003093635,-709.9307288824351,-690.2691324275207,101.06551283954497,-0.19944361500668958,-0.033827329204942504,-0.36829098099326396,-639.3726691169882,-711.9723051037031,447.6566585618427,-0.2869084148273747,1.2538193779810058,-0.049384091531543085,-301.0203394750204,-964.3163542972993,323.58401650097926,0.007106517073162682,-0.02096456618081988,1.5646047029546972,-339.00263959850014,-758.415018045391,348.4519465422926,-0.34022786310929387,0.19693314096324885,-0.4488567749413288,-364.40535296425776,-793.792271652992,444.60507497160205,-0.36377683877343914,-0.013301103262570512,-0.4144800232890612,-476.78712183631205,-747.0566214126421,124.55361907786931
881,0,-0.21875366600916069,-0.022160420448314247,-0.2506768569667272,-512.9033900155232,-730.7298823390305,456.9543297662677,-0.2927693934215737,-0.01116833302302844,-0.12026508550613524,-588.2440554581383,-920.3722052603603,782.9344934221901,-0.7403782026751264,-1.253542088631292,-0.9298121217819642,-770.3604659037625,-848.2955569602411,268.7332522756326,1.7015796150141353,1.211998654446306,3.206528874422629,-711.0943409071023,-695.7885831117849,98.20456309160897,-0.1981336610406606,-0.03266667008942482,-0.36855881336990365,-637.7642902089976,-716.2002559162308,447.823719155711,-0.2948247020324373,1.2553414872173194,-0.04662055880040012,-299.4029064336394,-968.2688766505319,323.1688193347688,0.0006269587205970503,-0.0156188782700517,1.5704658495736599,-338.2950106327924,-762.0392743801077,347.15778591164263,-0.33995431782768026,0.19820726993368634,-0.44850915227747373,-362.845555751733,-798.0426867046361,444.46837646076176,-0.36299524436646785,-0.01227002903919368,-0.41576339670296525,-475.33355355493154,-751.0093183944363,124.5787090535402
882,0,-0.2172103023312951,-0.02130206255807763,-0.2503483730822948,-511.22677068433376,-735.0420814872065,457.0316004650927,-0.29172254095231775,-0.012772307550709842,-0.11761536952583938,-586.1093808535306,-925.3879290803214,782.8877706681589,-0.7398504727422766,-1.2528687263177152,-0.927820315263942,-768.8255754061441,-852.373683057165,268.84908282927773,1.7043021382008483,1.2599011439235979,3.191720065034212,-712.3126863015984,-701.5390723562875,95.31898811664902,-0.19674490205141404,-0.03142199363718793,-0.3687443355824714,-636.0943516920083,-720.5465764234185,448.01019762397107,-0.3025534923855868,1.2566729788581585,-0.04388136198463596,-297.7154918921386,-972.2846231747468,322.6880705167464,-0.005301649262971345,-0.010694714112282478,1.5758945688684927,-337.48294497618565,-765.751406463511,345.9074837071938,-0.3396469813344304,0.1994950365913839,-0.448034360592313,-361.21606180873874,-802.3840595599465,444.32807213652217,-0.3620292366295306,-0.011272255975996416,-0.416782683912426,-473.8260177903821,-755.0186536579786,124.6095049283808
883,0,-0.2155770138554229,-0.020354311373400668,-0.25005752756279936,-509.48092262434835,-739.4612799393132,457.1164671027864,-0.2907845702220372,-0.014118684504133585,-0.11502049270459905,-583.8731237356523,-930.5185187928737,782.8464781665205,-0.739344214624345,-1.2520996102933144,-0.9257818263821291,-767.2397082623833,-856.563709609197,268.98084996503485,1.7066439416243788,1.3094946061355854,3.1760890397026116,-713.5724783750608,-707.521919460551,92.41158859848181,-0.19529097844680368,-0.030100194128251,-0.3688538960150773,-634.3576259002814,-725.0143870880734,448.2093132071177,-0.3100359983525996,1.2578144593545382,-0.04121726156092212,-295.9568706959443,-976.3797713984605,322.14395135150494,-0.010610166774543862,-0.006178703106497006,1.580910112337987,-336.56310256487745,-769.569009986856,344.7033105842188,-0.33928635618238817,0.20078379037874997,-0.44743469763360316,-359.5116040150728,-806.8220169419316,444.1793526721331,-0.3608849615815569,-0.01030361613849208,-0.41754384623273605,-472.25965353453,-759.0909930247334,124.6397652494258
884,0,-0.21388021651728936,-0.019320230367067807,-0.24981733652455054,-507.66037559770723,-743.9923468745028,457.20153752564755,-0.28995209222532253,-0.015219285545241074,-0.1124688268757277,-581.5337445967032,-935.7669789379926,782.8015048568858,-0.7388405628987059,-1.2512508936191462,-0.9236975978429789,-765.5933832214652,-860.8719157814289,269.117471718971,1.708703278699981,1.3605832071182065,3.159661473778661,-714.8586787170659,-713.738125629554,89.48496878558116,-0.19378829281984325,-0.028709196407753004,-0.3688907400042329,-632.548482697886,-729.6069833876983,448.41287088941436,-0.3172168358720933,1.2587684733009246,-0.03866620414586268,-294.12404752790707,-980.568271562796,321.53787338345796,-0.015238032823678771,-0.0020530696146757975,1.5855420181335422,-335.53193223541524,-773.5073663433262,343.5456275095048,-0.33885549539410115,0.20206058779921746,-0.4467126418179394,-357.72651591246694,-811.3619879555218,444.01610102098687,-0.35957270199196323,-0.009357616471857733,-0.4180543342282986,-470.62961952594435,-763.233755413351,124.66184552544193
885,0,-0.2121493802746341,-0.018203241363836605,-0.24963679245920037,-505.7593314148159,-748.6401122842346,457.27792417977486,-0.2892190121517246,-0.016092134328711195,-0.10994829100237083,-579.0893394605532,-941.1358869874786,782.7426629981024,-0.7383197203316196,-1.2503394480228855,-0.9215632336225783,-763.8765904997856,-865.3057775953564,269.2469390191457,1.7105822129291028,1.412941964632559,3.1424799021033287,-716.1546056171147,-720.1883771649896,86.54153433273089,-0.19225586495383892,-0.027257793870984943,-0.3688550916873341,-630.6609579982893,-734.3278509809372,448.61129463712683,-0.3240457706546065,1.2595399650714012,-0.036252807237094155,-292.2123272442907,-984.8617960513051,320.87032406284305,-0.019134001566677706,0.0017034532463991833,1.5898285754470793,-334.38572749716764,-777.5794148568335,342.432745220386,-0.3383408375682991,0.20331261233506379,-0.44587102012321206,-355.85479008113253,-816.0091754385021,443.8308681045056,-0.35810710126438716,-0.008425695609063236,-0.4183225720570782,-468.9311774430606,-767.4553952254699,124.66671951730073
886,0,-0.21041601568972848,-0.01700701654454559,-0.24952059114350925,-503.7717339877826,-753.4093624615526,457.3352896748972,-0.2885767940951942,-0.0167608213206793,-0.10744693483891633,-576.5376670881446,-946.6273088475705,782.6587855661159,-0.737761985987757,-1.2493822098669134,-0.9193694609486835,-762.0790321558417,-869.8738620755729,269.3564770719015,1.7123825542422904,1.4663207840135521,3.1246026935737627,-717.4420867336568,-726.8730366434503,83.5834717549812,-0.1907151350659045,-0.025755441151635285,-0.3687443743175086,-628.688831532411,-739.18066755012,448.79369808869274,-0.33047932171947997,1.2601367801214094,-0.03398826032616295,-290.21545999904663,-989.2697672625371,320.1407368623419,-0.022256594225129916,0.005114778831347604,1.5938150222887437,-333.12069961600474,-781.795791918139,341.36082666224064,-0.3377328528072515,0.2045276024450933,-0.44491317753929954,-353.89014764880335,-820.7685324383194,443.6148806628366,-0.35650733281469227,-0.007497526330889241,-0.41835744270306335,-467.1597759490762,-771.7653565753988,124.64403724279993
887,0,-0.2087126540093357,-0.015735368047179052,-0.24946896376039548,-501.6913483831389,-758.3048313793067,457.36193645886794,-0.2880148434048222,-0.017253702394559818,-0.10495345984219316,-573.8761851761955,-952.2427199950331,782.5378519016751,-0.7371487971538249,-1.2483955373829003,-0.9171028024774716,-760.190362937127,-874.5856723517605,269.43272527773865,1.7142017957934177,1.5204494056904363,3.106102493734201,-718.70165657556,-733.792125935965,80.6127134282952,-0.18918971215203953,-0.0242120093946784,-0.3685535513778309,-626.6257132361095,-744.1692892414562,448.9479964578579,-0.3364821681680975,1.2605701589598497,-0.03187064355855905,-288.12585490020155,-993.7994572312097,319.3473941436507,-0.024574297503062708,0.008206723387649701,1.5975515580026998,-331.73306642201027,-786.1649284272567,340.3238384714567,-0.33702648504563043,0.2056942726925538,-0.44384314383153906,-351.82611843426395,-825.6447426660139,443.35808723185653,-0.35479719930076054,-0.006561353774158028,-0.41816779729338827,-465.31113419227694,-776.1739975926185,124.5822242127537
888,0,-0.2070718547209084,-0.014392136257024757,-0.24947763288176775,-499.5118489597425,-763.3311853575642,457.34494451180126,-0.28752099328362224,-0.01760295607785757,-0.10245765784682967,-571.1020948588144,-957.982934320333,782.3671451081991,-0.7364637431129645,-1.2473946120485855,-0.9147464231142707,-758.2004245358389,-879.451447617429,269.46193649490874,1.7161291773078875,1.5750431243095422,3.0870641979883384,-719.912798121957,-740.9453051968425,77.6308937887128,-0.1877050655446614,-0.02263751466111164,-0.3682755659241188,-624.4651378538751,-749.297720084465,449.06106240868735,-0.3420283118890244,1.2608551704562296,-0.0298856512157906,-285.9348532521277,-998.4561493409843,318.48737100785854,-0.02606555029804342,0.011006383771230224,1.6010912575982885,-330.2191548504045,-790.6931952847826,339.3135574760169,-0.3362213950455919,0.20680271279795065,-0.44266579224358704,-349.65613139422084,-830.6422031955503,443.04924759369055,-0.35300514592548626,-0.0056043604000729184,-0.4177620089074359,-463.3813234816434,-780.6924835515591,124.46862553260654
889,0,-0.2055252707904994,-0.012981077924098394,-0.24953790645688992,-497.226916832884,-768.4929983496601,457.2703596416567,-0.2870820745144584,-0.01784352712124532,-0.09995075299562169,-568.2123930202526,-963.8480425172784,782.1334437799843,-0.735693510785671,-1.2463929140463832,-0.9122811102884366,-756.0994672950288,-884.4819230865336,269.43019621125825,1.718241995375285,1.6298091110906638,3.0675825358534055,-721.0542265540699,-748.3318517679718,74.63930375949381,-0.18628815991804412,-0.021041832103205437,-0.36790185161804834,-622.2006676004341,-754.5700633497084,449.1189273921447,-0.3471019543199311,1.2610110320570738,-0.02800769415202369,-283.6330503373028,-1003.243350081859,317.55652783678653,-0.02671856756483174,0.013541643720536572,1.6044879773013547,-328.5755147646143,-795.3850856099688,338.3196377935988,-0.3353220209458274,0.20784475025407856,-0.4413869835699931,-347.37361523478864,-835.7650071870861,442.6760700623423,-0.351164172424929,-0.004613049430051942,-0.41714758805467367,-461.36684600455243,-785.3326481746258,124.28969729989399
890,0,-0.2041027973964278,-0.01150575555165943,-0.24963691865818438,-494.830346991835,-773.7947152992294,457.1234333564171,-0.2866845413277823,-0.018011986071617598,-0.09742563834734251,-565.2039321309808,-969.8373615750709,781.8232494084356,-0.7348287256577535,-1.2454017967634594,-0.9096863431159629,-753.8783547378163,-889.6880561440049,269.32366169591427,1.7206022731510917,1.6844531499513515,3.047759360705544,-722.1042116577534,-755.9506422847513,71.63885136582762,-0.18496703657574606,-0.01943440947816196,-0.367422886114279,-619.8260029426212,-759.9904544304603,449.1070284423753,-0.35169805190574255,1.2610612717796656,-0.026201343116022804,-281.2106532499803,-1008.1630371452532,316.54955812146596,-0.026531053066393192,0.0158408038631507,1.6077943391717389,-326.7990411380715,-800.2434218484855,337.3297432104332,-0.3343374778481645,0.20881426391353616,-0.44001368789397965,-344.97210921901467,-841.0169240567601,442.2253996147183,-0.3493116293854625,-0.0035736390658420427,-0.41633087343002734,-459.2647096092865,-790.1068231194655,124.03124623232507
891,0,-0.20283182539454117,-0.00996942998043371,-0.2497580204507647,-492.31616539138344,-779.2406013525652,456.8889134773444,-0.2863151230183633,-0.018145335844465576,-0.09487700601325325,-562.0734874973348,-975.9493965839014,781.4230493483211,-0.7338646560229531,-1.2444301785324712,-0.9069414049164345,-751.5287477473282,-895.0807257791251,269.1288204788669,1.7232538922929626,1.7386865905503395,3.0277007439967267,-723.0409340732068,-763.8001401795781,68.6300368544946,-0.1837703462920109,-0.017823993384231785,-0.366828756245024,-617.3351016986047,-765.562975458126,449.01049876539616,-0.35582252564483213,1.261033698431273,-0.024423064077302298,-278.6578615443376,-1013.2159293270955,315.4600964454177,-0.025509851714353268,0.017932321274519096,1.611059877084164,-324.88710123728504,-805.2695759191027,336.32974803667315,-0.33328131612833584,0.2097074381260264,-0.43855407545502195,-342.44538427051714,-846.4013743440821,441.6834581841522,-0.347488886341189,-0.0024724604708374837,-0.41531680780728836,-457.0724978229623,-795.0276364133622,123.67871671985537
892,0,-0.20173661609887283,-0.0083749584885225,-0.24988131614580505,-489.6787562116328,-784.8346752499502,456.55138271607706,-0.2859614698840926,-0.018279797042626174,-0.09230137804390533,-558.8178319516315,-982.1818156642522,780.9196135929787,-0.7328017542658629,-1.2434843619670881,-0.904026494836326,-749.0432667026646,-900.6704131652851,268.8327665672295,1.7262202786251877,1.7922333251592584,3.0075139686094365,-723.8428692721767,-771.8783893998864,65.61295036270799,-0.1827268406958032,-0.016218380932868575,-0.36610970527205233,-614.7223066287379,-771.2915524937019,448.81449866389113,-0.35949211542641457,1.260960160286797,-0.022623187789042796,-275.96525736536773,-1018.4017636933972,314.28088926820783,-0.023670587408304262,0.019844639064545155,1.6143294169273987,-322.8376630848616,-810.4636909885827,335.30400760516545,-0.3321711533711159,0.21052294890746656,-0.43701756775561046,-339.78757434705835,-851.9213965964757,441.0361364442367,-0.3457408617082804,-0.0012963530294397094,-0.41410880529435434,-454.78843440766434,-800.107781447602,123.21752256794467
893,0,-0.20083780900995266,-0.006724700924480425,-0.2499843350850397,-486.9129991932289,-790.5806259527822,456.09564041039334,-0.285612762917079,-0.0184496040560272,-0.08969705282884045,-555.4338181277308,-988.5314384291414,780.3003218537153,-0.731646015596767,-1.2425679832931458,-0.9009237973448975,-746.415631263934,-906.4668719153058,268.42349170339196,1.7295027200745559,1.8448366004712162,2.987304509487446,-724.48919192775,-780.1830136796391,62.587299315386126,-0.18186483018221228,-0.01462420888832248,-0.3652566356233055,-611.9824814549344,-777.1798368144653,448.5045814913554,-0.36273388660857536,1.2608760869272957,-0.020748049206476098,-273.1241921818855,-1023.7195661158879,313.00402866022216,-0.02103732360473431,0.02160608494868475,1.6176417507294218,-320.6494212111882,-815.8248943130376,334.23569713382307,-0.33102819073072703,0.21126207495219346,-0.4354148401983963,-336.9933176855104,-857.5796039319274,440.26933419065267,-0.3441154079458848,-3.3050483915374694e-05,-0.4127087129466381,-452.41144186752535,-805.3597591023602,122.6334186589605
894,0,-0.20015206854965073,-0.0050204366715877495,-0.2500428201090991,-484.0144164569539,-796.4817124699277,455.50712051658473,-0.28526025886074763,-0.018685843824918044,-0.08706398657151634,-551.9184685767665,-994.9942380619336,779.5535156062261,-0.7304091420741835,-1.2416820867553866,-0.8976184723148926,-743.6407786764266,-912.4787970536753,267.89018777622766,1.7330793813185166,1.896265472356019,2.967173086259753,-724.9601922124192,-788.7112192890966,59.55247136196956,-0.18121161716389655,-0.01304679140109978,-0.36426154577283903,-609.1111547747228,-783.2310725336313,448.0670874935351,-0.36558441089569893,1.2608198231239318,-0.018742228063896155,-270.1271580922969,-1029.167902463711,311.6212465492636,-0.01764227137570062,0.02324481877304591,1.6210286479232323,-318.32191556171216,-821.3514918008098,333.10721494937343,-0.32987662372385224,0.21192872731122228,-0.4337577683921139,-334.0579069319093,-863.3781285484434,439.36934407399553,-0.34266254940738194,0.0013284489085381111,-0.41111686699802635,-449.9411933960111,-810.7955966529265,121.91290567470018
895,0,-0.19969186973764252,-0.003263296075365016,-0.25003160687017045,-480.97932748629546,-802.5406478973827,454.77233682308326,-0.2848977453512776,-0.019015368565243544,-0.08440363072880387,-548.2690740184345,-1001.5653568624649,778.6688679133555,-0.7291085074343728,-1.2408253128117708,-0.8940995325284891,-740.7149623304311,-918.7135020526094,267.22355528513253,1.7369050647743498,1.9463207027808223,2.947212872326809,-725.2376945770003,-797.4597979478327,56.50763687880656,-0.18079291466298145,-0.011490015675382464,-0.36311788646354975,-606.1046706561115,-789.4479534972412,447.48955665816277,-0.368088654621639,1.2608317769691912,-0.016550819754502715,-266.96813279097285,-1034.7450993482496,310.1242643987532,-0.013525554382282543,0.024788811140241375,1.6245142278697668,-315.8556394568901,-827.041136496427,331.9006432247962,-0.32874296021265376,0.21252939286900194,-0.4320593120316549,-330.9774464582005,-869.3185532850753,438.3232710694369,-0.34143357536040997,0.0027975356985637,-0.40933224156514303,-447.37815778575947,-816.4265483132506,121.04365896587917
896,0,-0.19946541666068546,-0.0014537115771576514,-0.24992556091246831,-477.80501002477934,-808.7594698382792,453.87934426275126,-0.2845218846929651,-0.019459812780536004,-0.08171874474096924,-544.4832999071759,-1008.2391349409289,777.6377620414515,-0.7277669255697872,-1.2399941836267057,-0.8903605793906345,-737.6358328145615,-925.176613361944,266.41611158645327,1.7409117519346458,1.994839890744496,2.9275069448804976,-725.3054688059163,-806.4251256034551,53.45189294152628,-0.18063226188944687,-0.009956301823571781,-0.3618208281375479,-602.9603438648439,-795.8324730260944,446.7611501401907,-0.3702986155675868,1.2609534164971619,-0.014121665552984159,-263.6428885640547,-1040.449425293768,308.50519050950663,-0.008735023675578095,0.026265837889857944,1.6281146973270504,-313.25213274879553,-832.8909650017752,330.5982565855741,-0.3276552625283094,0.21307298883283352,-0.43033333307602956,-327.74901441937874,-875.4018303474807,437.11947780095284,-0.3404799968449528,0.004381673898961495,-0.40735268540293684,-444.7236368086134,-822.262783545372,120.0149707139631
897,0,-0.19947668220799172,0.0004086040746785539,-0.24970053343581747,-474.4898635916465,-815.1394005650981,452.8182032806092,-0.2841324293076366,-0.020034743550834844,-0.07901319988464964,-540.5593011946546,-1015.0091515754854,776.4536682553314,-0.7264122318765193,-1.239183465693479,-0.8864003713960718,-734.4025038271992,-931.8717917354322,265.46249156979445,1.7450099420625933,2.0417016295314117,2.9081260580716135,-725.1496226430841,-815.603152135373,50.38444830426191,-0.18075045034612666,-0.008446628994842366,-0.36036743701043195,-599.6766167548864,-802.3857705594356,445.87306853780296,-0.37227175550205654,1.2612261590327252,-0.011407473124355832,-260.1492570545069,-1046.27922545687,306.75695434188935,-0.0033260992987116287,0.02770347799999442,1.6318384365213425,-310.5140568122218,-838.8976978528266,329.1830663626804,-0.326642333886864,0.21357062828927914,-0.428594348564238,-324.3708263670296,-881.6281884193552,435.7480437542942,-0.3398523833600773,0.006086124741404711,-0.40517523995124255,-441.9797945112598,-828.3130704739413,118.81819282362622
898,0,-0.19972555327258976,0.002324643317053043,-0.24933429244437189,-471.0335712420077,-821.6807014245609,451.58143260260965,-0.2837322970253088,-0.020748971346989557,-0.0762917854943686,-536.4958447331303,-1021.868278582078,775.1125068031348,-0.7250766916084896,-1.2383865875917526,-0.8822232036148407,-731.0156050910026,-938.8004893120341,264.3597324676135,1.7490907863102303,2.0868284940316086,2.889126816319518,-724.7589649913385,-824.9893768217182,47.30484641025394,-0.18116497584003582,-0.006960625292164697,-0.3587567610234995,-596.2532139139373,-809.1079796061512,444.8189543196706,-0.3740692805327177,1.2616902040171034,-0.008367762125982116,-256.48734293673857,-1052.2330054255622,304.87376455558785,0.002638398338042311,0.02912910531573643,1.6356863997264008,-307.64524872304577,-845.0577019519089,327.63938605242987,-0.3257328706398512,0.21403530009222074,-0.4268572222884734,-320.84239652906774,-887.9970305039251,434.20122460662157,-0.33959910329132315,0.00791371701583137,-0.40279652921040715,-439.14967777434066,-834.5844627625894,117.44716662471801
899,0,-0.20020806273424735,0.00429604338406277,-0.24880738425762133,-467.43725420355406,-828.3825269288275,450.16443462009636,-0.2833275001267037,-0.02160404633559638,-0.07356002407247096,-532.2924382418453,-1028.8087448842787,773.6129840785311,-0.7237962523748521,-1.237596090963453,-0.8778390803108502,-727.4773239161192,-945.9617508076332,263.10753376229775,1.7530289939293342,2.1301886846347657,2.870550317493983,-724.1253285445414,-834.5788046789227,44.21322090229868,-0.1818895332036521,-0.005496714723464594,-0.35698982929502304,-592.6912897648809,-815.9980816636081,443.5952650746807,-0.3757543255691279,1.2623833617569757,-0.0049705755003249625,-252.6596810181763,-1058.309462078943,302.8515751131844,0.009088475228790548,0.030569867108293777,1.6396527825346636,-304.6507528084492,-851.3670152181401,325.95340178251644,-0.3249546020992544,0.21448146951083957,-0.4251368032369245,-317.164692217928,-894.5068258926825,432.4738964925185,-0.3397649996515414,0.009864671160044953,-0.40021320855176407,-436.23722738322635,-841.0819990778709,115.89862452776751
900,0,-0.20091668834310947,0.006324972490103092,-0.2481038817103575,-463.70361323583063,-835.2427846016154,448.56587711897765,-0.2829269283823261,-0.022593962135924836,-0.07082399790804025,-527.9494641831118,-1035.8222113327065,771.9568883564204,-0.7226096589261239,-1.2368040944595902,-0.8732636671751641,-723.7914363734743,-953.3520662704631,261.7084826981501,1.7566864629690802,2.1717961875740968,2.852421327509473,-723.2438407405336,-844.365879588319,41.11057559795784,-0.18293357126285617,-0.00405231098347321,-0.35506957074400547,-588.9935635588708,-823.0537709751923,442.20160400147154,-0.3773901027475602,1.2633399275454267,-0.0011939046687025818,-248.67133260531173,-1064.50746188922,300.6885420226658,0.015947303167744953,0.032052644633994536,1.643725899509011,-301.53682857210686,-857.821335577652,324.1137303443963,-0.32433343928376573,0.21492460894570747,-0.4234475219583417,-313.34027626144467,-901.1550005743974,430.5639691253213,-0.3403900393283487,0.011936483861922701,-0.39742245537180665,-433.247278800462,-847.8084247891412,114.17254831192024
901,0,-0.20184069914830857,0.008413959284133642,-0.24721197995798955,-459.8370500769285,-842.2580069273581,446.7880153224855,-0.28254199321003326,-0.02370508506492772,-0.06809018711590997,-523.4683162855018,-1042.8998547198967,770.1493314096173,-0.7215574481264574,-1.2360027531482083,-0.8685180151320139,-719.9633282552591,-960.9652816621331,260.1682357860482,1.759916560585676,2.211709355863737,2.834748038130905,-722.1131322800265,-854.3443914533,37.999078543094235,-0.18430192565280668,-0.0026240455124525853,-0.35300066002971936,-585.1644356459681,-830.2713351606873,440.64099423277156,-0.37903807607270185,1.2645896444031002,0.002973214195802705,-244.52991823617836,-1070.8259693216257,298.38545225544215,0.023131727513351234,0.03360399254410804,1.6478892127709046,-298.3109347195944,-864.4159781803763,322.1119466585981,-0.32389265300536907,0.21538067059608051,-0.42180295843251925,-309.37343185701025,-907.937831128785,428.47275135137636,-0.3415079791928503,0.014123879274586039,-0.3944224800083848,-430.1855518418254,-854.7639458026239,112.27246877840052
902,0,-0.20296653192035194,0.010565667566174166,-0.24612440833625285,-455.84376221254996,-849.4232417496776,444.8369391528853,-0.28218614729233094,-0.024916321875973393,-0.06536531716268192,-518.8515358200667,-1050.032459871899,768.1989227838753,-0.7206808417847699,-1.2351846991250628,-0.8636280547191415,-716.000005158153,-968.7925720922578,258.4956469116465,1.7625689485735416,2.2500278714742428,2.8175224460084136,-720.7354733430266,-864.5073564201571,34.88235767454459,-0.18599454651371802,-0.0012080160839103822,-0.3507893016535379,-581.2100786531804,-837.6455568085419,438.9200842627452,-0.38075622493805894,1.2661567899154558,0.007529966192397882,-240.24558512486686,-1077.2639300626076,295.94610612096403,0.03055299486637875,0.03525005516938554,1.6521224532048104,-294.9816896116591,-871.1458061998279,319.94306236926644,-0.3236521003381513,0.21586551533731896,-0.4202153962348896,-305.27026383745016,-914.8503476648535,426.20525294204924,-0.3431450959963012,0.016418831915147862,-0.39121303111260225,-427.0586285429058,-861.9460243159849,110.20569214519959
903,0,-0.204278182433927,0.012782623432411858,-0.24483863662836586,-451.73180443758713,-856.7319672531152,442.7227321790016,-0.2818743009779634,-0.026199532796265048,-0.06265621263361311,-514.1029440810103,-1057.2105186605227,766.1178645818534,-0.7200205558269218,-1.2343434524006387,-0.8586238686846238,-711.9100901436058,-976.8224808957781,256.7028331987007,1.7644948196063102,2.2868881178123868,2.8007213714018366,-719.1168291571391,-874.8468713438446,31.765783943554784,-0.18800633640161846,0.00019995798281351353,-0.3484429653487131,-577.1384972801073,-845.1696410139675,437.0492729447969,-0.38259745683644786,1.2680594142550683,0.012463410227618888,-235.830908933982,-1083.8201156237026,293.3776348580485,0.03811774292079234,0.03701645834219619,1.6564027796433989,-291.5588089643131,-878.0051416696895,317.60593760073397,-0.3236275171074269,0.21639431431225317,-0.4186953778489215,-301.0387700846906,-921.8862516409849,423.77040724243875,-0.3453190288704002,0.018810664830378812,-0.3877958660199118,-423.8739186535485,-869.3492257154907,107.98343985206606
904,0,-0.20575759898214946,0.015066906563795536,-0.24335686552788888,-447.5111112867733,-864.1760372580084,440.45953085432654,-0.2816221625727853,-0.027520189493895904,-0.05996965340409116,-509.22776683770786,-1064.4243347363256,763.9219563136066,-0.7196155464440674,-1.2334737943031118,-0.853538760334233,-707.7038065513805,-985.0410259155741,254.80517062595564,1.765552380931526,2.322457067745832,2.784308111047434,-717.2668286746891,-885.3539460613155,28.656726609947853,-0.19032711021335344,0.0016040872231968932,-0.3459700874916351,-572.959550853841,-852.8351735699315,435.0427442461697,-0.3846082242265907,1.27030874799625,0.017748533507798293,-231.30073082407722,-1090.4929373841487,290.6907363468644,0.04572928042285903,0.03892817562699026,1.6607059264187645,-288.0530220192479,-884.9876635278893,315.10360881475845,-0.32382989297430964,0.2169809418316638,-0.41725127576431736,-296.68887687315697,-929.0378544119278,421.1812007438382,-0.34803778323942103,0.021286224620753892,-0.3841751539619072,-420.6396124112719,-876.9651247968504,105.62089041096604
905,0,-0.2073850678624905,0.01741982120865004,-0.2416858028710085,-443.19347539263134,-871.7456619394122,438.0654753440362,-0.2814455332262935,-0.02883826991995793,-0.05731223001941102,-504.23274583416674,-1071.6641326889317,761.6305017098766,-0.7195017172247322,-1.232572098459252,-0.8484081457581244,-703.3929427563611,-993.4318723564019,252.82121257441125,1.7656123969915862,2.356924869338524,2.7682346944630565,-715.1986426362494,-896.0183194986527,25.56476492030398,-0.19294168367029868,0.0030083819762440523,-0.3433797544801019,-568.6849335810242,-860.6321140545127,432.91840417430535,-0.3868273924821459,1.2729087903119318,0.023348714643603077,-226.67193214467082,-1097.2802393029708,287.8998136448476,0.05328916534877105,0.04100936779449525,1.6650072958298272,-284.4759677533884,-892.0863004247087,312.44351730847563,-0.32426494499573094,0.21763738006382263,-0.41588889442793625,-292.2324323907693,-936.2960420448154,418.45469777369317,-0.35129894270705436,0.023830132545109167,-0.3803577790520538,-417.3646205203459,-884.7822780120111,103.13711454890758
906,0,-0.2091395829907699,0.019841565404264905,-0.23983623809637647,-438.7924781771019,-879.4294282109453,435.56254646199915,-0.28135958804218647,-0.03010937420816722,-0.05469019717270655,-499.12623180061894,-1078.920170172228,759.2661123174142,-0.7197106156777033,-1.231636616592522,-0.8432683087034901,-698.9907950767905,-1001.9765694428135,250.77252604058938,1.7645635831359712,2.3904963824932834,2.7524446886119414,-712.928770077359,-906.828268006723,22.501840609199284,-0.19583009109931568,0.004416450921148241,-0.3406813847617667,-564.3281086135106,-868.5488273637186,430.6977150151836,-0.38928539551101243,1.2758560811485473,0.029216592759838688,-221.9631506418385,-1104.1790793009995,285.02300353583826,0.06069906430586412,0.043283194109770926,1.6692829598566006,-280.8400729950101,-899.2931259527028,309.6376252750344,-0.32493270508992944,0.21837315754723705,-0.4146111192462103,-287.6831536237035,-943.6502713012009,415.61195130803196,-0.3550891306387376,0.026425108473754066,-0.37635351195713523,-414.0585015892828,-892.7862665904504,100.55489807875797
907,0,-0.21099919478523727,0.022330918799814605,-0.23782243663238328,-434.3233709591354,-887.2143628613769,432.9762869202822,-0.28137817349955485,-0.03128603802839016,-0.05210932723663223,-493.91825302840886,-1086.1828513011124,756.8544061152076,-0.7202681527143368,-1.2306677174864697,-0.8381550668972054,-694.5120847759661,-1010.6548459083235,248.6834422333776,1.7623176317709484,2.4233819809599986,2.73687647141773,-710.4767352728896,-917.7704164082817,19.48233667269489,-0.19896792800385474,0.005831335720978892,-0.33788442546378106,-559.9041935961338,-876.5721562911027,428.40542517853584,-0.392003703207196,1.2791396552734027,0.03529532996114378,-217.19444367543795,-1111.1855096669708,282.0820854619269,0.06786284830686375,0.04577159347665897,1.6735105450000674,-277.15841456034536,-906.5992637779925,306.70240948303984,-0.3258272365615697,0.21919484453352606,-0.4134176297922921,-283.0565231888095,-951.0886007006093,412.6777943626544,-0.3593837555574511,0.029052362108935872,-0.3721750247569888,-410.73137763786434,-900.9598132229027,97.90045059411872
908,0,-0.21294133735298074,0.024884969715520452,-0.23566138358240027,-429.802906489945,-895.086040091009,430.3354090995781,-0.2815131480869398,-0.032319211713541976,-0.04957476878283104,-488.6205534371688,-1093.4428393911016,754.42360318193,-0.7211933840319397,-1.2296680772094701,-0.8331024074700446,-689.9728452460229,-1019.4449571659635,246.5807206842075,1.7588136514491393,2.4557879835683143,2.7214668694055875,-707.8647001562433,-928.829563878344,16.523069704898177,-0.20232680925554403,0.007255386214475923,-0.3349980764177147,-555.4297972289945,-884.6875365917862,426.06919638545196,-0.394994610714601,1.282741171841356,0.04152024321472567,-212.38690567447543,-1118.2943668200876,279.1022650433061,0.07468885445259783,0.04849503323059256,1.6776699845808813,-273.44456771973404,-913.9948096762298,303.65872638603565,-0.3269364946160313,0.22010562833485686,-0.4123046941740462,-278.3696344977211,-958.5977593060188,409.68051041076984,-0.3641470642623689,0.031692043553184286,-0.36783773276424414,-407.39383865646533,-909.2829726022075,95.2030020801121
909,0,-0.21494313732263365,0.027498900727279733,-0.23337191262645587,-425.2491230166759,-903.0287334191967,427.6712956956636,-0.281773789228386,-0.03315986501517114,-0.04709091677999402,-483.24659428991316,-1100.6911669462777,752.0040244414142,-0.7224973970551669,-1.2286428171509116,-0.8281411559905331,-685.3902760834727,-1028.324074962663,244.49312879657944,1.7540218087009227,2.4879071125929313,2.706155031388465,-705.1170003508711,-939.9885378267618,13.643185775091514,-0.2058749289062998,0.00869017723369509,-0.3320310493917773,-550.9228084481699,-892.8791546370899,423.7191334947202,-0.398261344487452,1.2866352106401826,0.04782076856754785,-207.5622488977708,-1125.4990804399035,276.11183079543054,0.08109222486636979,0.051472224566791985,1.6817441326858784,-269.712443485406,-921.4687766994576,300.5315466457839,-0.32824234529794644,0.22110499114636617,-0.4112650598596358,-273.6409857526673,-966.1632543738962,406.65138564544856,-0.3693325141073125,0.034323742810079806,-0.36335945963327493,-404.0568375608996,-917.7333935734023,92.49429370819976
910,0,-0.21698171116385667,0.03016584947123337,-0.230973761612805,-420.6810851256891,-911.0256101207195,425.0174036894548,-0.2821662858390237,-0.03376066894403891,-0.04466130122963423,-477.8115143310861,-1107.9193407426237,749.6275035188652,-0.724182350251509,-1.2275995839779197,-0.8232977472876754,-680.7825618698366,-1037.2687084706267,242.4509418512672,1.7479459814500278,2.5199093907833623,2.6908863932512648,-702.259616040183,-951.2280892881557,10.86395331595041,-0.20957770243331247,0.010136464936173706,-0.32899136561868036,-546.4021419922324,-901.1301462676009,421.3872258182994,-0.4017984660057042,1.2907897254045977,0.05412270562776834,-202.74235843830206,-1132.7915114125994,273.14168747586626,0.08699722581688525,0.05471980699242063,1.6857192420483913,-265.97611746033544,-929.0090686588014,297.3495613998617,-0.3297207560843898,0.22218851113230034,-0.410287953359899,-268.89022559298894,-973.7695173810138,403.6241504575622,-0.3748834616499941,0.03692702514568713,-0.35875993713137905,-400.731577204021,-926.2866480525344,89.80797327318152
911,0,-0.2190344592692257,0.032876858048069224,-0.22848660063945647,-416.1185877239083,-919.0589644715917,422.4085859583597,-0.28269333245019007,-0.03407769866989079,-0.04228849990044235,-472.3320441634017,-1115.119439885151,747.3267255566327,-0.726240712657465,-1.2265485628600268,-0.8185931655030072,-676.1686550197994,-1046.25514418136,240.48537175695378,1.7406252612371478,2.551933878823596,2.675616580601022,-699.3195918847455,-962.526842854853,8.208450692101065,-0.21339846778764104,0.011594178103437408,-0.32588619203667935,-541.8874462657839,-909.4228337678366,419.1067122243369,-0.405592542653866,1.2951666445143666,0.06035067462299773,-197.94883417270668,-1140.1618272585677,270.22477452186837,0.09233944996023115,0.05825200918087034,1.6895853141477704,-262.24965334897234,-936.6024858782084,294.1446669093854,-0.3313421690293414,0.2233478045676712,-0.4093591971968399,-264.13785558754785,-981.4000862707776,400.63432203938623,-0.3807341500712124,0.039481986438862096,-0.35406016660509304,-397.42939135919914,-934.9166193620114,87.17890974506967
912,0,-0.22107936381141624,0.03562092058206227,-0.2259290813105996,-411.5818314601681,-927.1104841804886,419.88034835179354,-0.2833538376940506,-0.03407209573756008,-0.039974079528754584,-466.826372135954,-1122.284204809846,745.1345102694202,-0.7286547500930514,-1.2255024129185985,-0.8140421149933841,-671.5680239874046,-1055.259890749065,238.6279361581192,1.7321341789672369,2.5840816233622013,2.6603150941720575,-696.3244229512247,-973.8613128554975,5.701150854391925,-0.21729921934402224,0.013062438662443696,-0.32272171619040835,-537.3987814155493,-917.7389960450739,416.9113855408896,-0.4096230479084203,1.2997226083795996,0.06643070399499938,-193.20253383234916,-1147.5984226937521,267.3953830134837,0.09706780940383887,0.06208029850944824,1.693336333854535,-258.54692465833864,-944.2347658543052,290.9513383600483,-0.33307206342643836,0.2245706221562189,-0.40846144753988,-259.4048970401959,-989.0378201482372,397.7184643549075,-0.3868109644436103,0.04196980960777649,-0.3492816821663026,-394.16162178160897,-943.5959403620024,84.64244502873603
913,0,-0.22309529352524482,0.03838513387629002,-0.22331795691253725,-407.0910795215003,-935.1615425506005,417.46806301910954,-0.2841427567044434,-0.033711624562176384,-0.03771856888514697,-461.31396084025005,-1129.4071153553646,743.0830593749325,-0.7313963006344373,-1.224476112614919,-0.809652472892088,-667.0003703298642,-1064.2601142237356,236.90978270035984,1.722581575630073,2.616410136891483,2.6449686238091115,-693.3014259675818,-985.2059952706327,3.367410518901951,-0.22124134901401807,0.014539605820610205,-0.31950306029780945,-532.9562772566034,-926.060165200959,414.83485458212283,-0.41386344949248394,1.3044098297325217,0.07229285497838034,-188.5231323930812,-1155.0878917406694,264.688389235966,0.101146233326539,0.06621303485277881,1.6969704029793993,-254.8814384856293,-951.8906601427659,287.8059075019029,-0.33487170888352263,0.22584110622623174,-0.4075745499825663,-254.71253160688232,-996.6651412059774,394.9133856070025,-0.3930339140423038,0.04437330001793466,-0.3444457627840698,-390.9394935854369,-952.2964698793992,82.23360402831891
914,0,-0.2250623128473121,0.04115495022641297,-0.22066732142603918,-402.66630689308937,-943.1935074002511,415.2061609630507,-0.2850510532280917,-0.032972057753439886,-0.035521466201371,-455.8153154061109,-1136.482456256799,741.2031906530055,-0.7344268751494947,-1.2234867033705739,-0.8054250589894257,-662.4853204777951,-1073.234049043068,235.36098608299687,1.7121080957694739,2.6489296692103874,2.629583839518767,-690.2771169103924,-996.5335418116616,1.2328763402264693,-0.2251863705259972,0.016023339270884052,-0.3162342353218781,-528.579781973248,-934.3679408936205,412.90978434108825,-0.41828244337888915,1.309177057928554,0.07787378178980488,-183.9287134219373,-1162.615056371855,262.1384269526315,0.10455498976977776,0.07065514539567246,1.7004897864209225,-251.26616548820738,-959.5540475552759,284.7457624355619,-0.33669910132532427,0.22714020758249034,-0.40667600477435717,-250.0817269061123,-1004.2642974957561,392.25529652338224,-0.3993182947670883,0.04667737511345687,-0.33957264110174984,-387.7739912267314,-960.989794522256,79.9862863222819
915,0,-0.22696198658103084,0.04391452417773819,-0.21798800935596063,-398.3268537008725,-951.1880568417688,413.1273279775837,-0.2860657926839398,-0.0318383275049516,-0.033381281998931644,-450.3517070175222,-1143.5053687100117,739.5235821506712,-0.737698108670678,-1.2225529224426737,-0.8013537402763015,-658.0421003691641,-1082.1613707730423,234.00983778222982,1.700882347189713,2.68160145739591,2.6141895148398926,-687.2766166860491,-1007.8150187594127,-0.6771747453179003,-0.22909660537380294,0.01751067833871691,-0.312918135532563,-524.2885132441603,-942.6443123964848,411.1671363830751,-0.4228452920153127,1.313970622261936,0.083119122305382,-179.43540778510385,-1170.1630550730463,259.779023716109,0.10729155844981816,0.07540783682777946,1.7039008802050888,-247.71338014158945,-967.2080826304826,281.80849106347426,-0.33851006448482346,0.22844625188204787,-0.4057415271153346,-245.53285953207137,-1011.8176393501848,389.77895506379247,-0.40557648124312234,0.048869482446110474,-0.3346807528614344,-384.675737312692,-969.6477420221833,77.93246405244494
916,0,-0.2287776661119677,0.046647137080318056,-0.21528718830109178,-394.09109411175433,-959.1274917789034,411.261728264466,-0.2871703623467389,-0.030305386062744803,-0.031295616083014746,-444.9448572884077,-1150.4718869884666,738.0700504040317,-0.7411525747695263,-1.221694720870727,-0.7974258677877166,-653.6892031669868,-1091.0235178840503,232.8821498417615,1.689095844194246,2.71433805441183,2.5988378518761737,-684.3231062743884,-1019.020248753725,-2.338539741051865,-0.23293581188818183,0.0189981352765353,-0.3095565734237869,-520.1007235307644,-950.8719772782608,409.6354321308595,-0.42751522569118916,1.318735523875687,0.08798561488862275,-175.057094135255,-1177.7134929769381,257.64172880406875,0.10937099307016311,0.08046835988482952,1.7072141023433924,-244.23451525768212,-974.835377332882,279.030992349095,-0.34025948911813303,0.22973563639962205,-0.4047456832703389,-241.08534854088006,-1019.3079018305708,387.5168243864088,-0.41171979621971605,0.050939921705516186,-0.3297860648429212,-381.6548762514313,-978.2428917595613,76.10141095176071
917,0,-0.23049474076339072,0.04933567639274733,-0.21256816355443794,-389.9761315085708,-966.9950353124393,409.6362792453835,-0.28834481002182233,-0.028378727040054,-0.029261264773054765,-439.61659124204436,-1157.3789594072027,736.8648859725464,-0.7447249579835653,-1.220932668832416,-0.7936230244791731,-649.4440618851888,-1099.8039517468148,232.00059479446367,1.6769569312447825,2.7470057320960333,2.58360489973546,-681.4373510584558,-1030.1182290138295,-3.7288138806248643,-0.23666974211125624,0.020481801910664954,-0.3061503546835178,-516.03339070527,-959.0346453180584,408.34006150495185,-0.43225486559077636,1.3234165429716314,0.0924428432880336,-170.80517381035096,-1185.2466533507247,255.755261613325,0.11082572938003331,0.08582983860577542,1.7104436970764203,-240.84003450369738,-982.4182129978577,276.4485813741176,-0.3419026724218693,0.23098363026901425,-0.40366257933818556,-236.75731247646672,-1026.7184855157857,385.4982710467379,-0.41766040436172225,0.05288205047403163,-0.32490151274957124,-378.7209644403275,-986.7490681082281,74.51898675931949
918,0,-0.23210083894057865,0.05196314255601288,-0.2098304007431013,-385.99752939716086,-974.7751099467891,408.27399957529127,-0.2895662886249865,-0.026074530917681926,-0.027274352251884033,-434.3884685274374,-1164.2244531611984,735.9262680793006,-0.748343559668867,-1.2202872586223665,-0.7899220466030847,-645.3227396840776,-1108.488346423175,231.38410351376254,1.664683964921774,2.7794288340227524,2.5685899868676887,-678.6373111875266,-1041.077614732299,-4.82810833864753,-0.24026661451171355,0.02195746927208271,-0.30269939345706315,-512.1019440195705,-967.1173166871182,407.3026582628841,-0.4370276251768224,1.3279593290345604,0.09647452424697571,-166.68843019739325,-1192.7417682422358,254.14470956587533,0.11170481798292406,0.09148117222836773,1.7136074349192425,-237.53932631075378,-989.93877863829,274.09411511390596,-0.3433967117252,0.23216524602076188,-0.4024665765985956,-232.5652622675383,-1034.0337282114438,383.74882945475923,-0.4233131786540996,0.054692359698767866,-0.32003657407693037,-375.88286832725726,-995.1418027089887,73.20699962386362
919,0,-0.23358596772280982,0.05451315554785405,-0.20706975982500941,-382.1690858402956,-982.4535844630911,407.1934501938946,-0.29080959100517306,-0.023419412344292838,-0.025330479093413082,-429.2814040427434,-1171.007142711199,735.2677777370475,-0.751932092552288,-1.2197781244748052,-0.7862962683203722,-641.3396506794248,-1117.06470261239,231.04734152230236,1.652498105229895,2.8113958291575303,2.5539141206549485,-675.9378508616606,-1051.867251943927,-5.619733835897392,-0.24369749422538128,0.023420759426453282,-0.2992028688335925,-508.3200337207346,-975.1065245292283,406.5405614060859,-0.44179904350761273,1.3323114464501926,0.1000792715835495,-162.71297932330447,-1200.1773440457969,252.83080370829214,0.11207258577367049,0.09740701155140193,1.7167261890444496,-234.34062201963152,-997.379430841957,271.9971658053936,-0.344701900549783,0.23325614794435864,-0.40113300578628824,-228.52384086142854,-1041.239160691305,382.2895566538727,-0.42859749029213023,0.056370412425761365,-0.3151969947589656,-373.1486713361319,-1003.3987527522518,72.18266655659937
920,0,-0.23494258497251302,0.056970435228251064,-0.20427892230246913,-378.50265723506106,-990.0179835645293,406.4082854090377,-0.2920477568153521,-0.02044976380442589,-0.02342488187584556,-424.31529015524774,-1177.7266815199134,734.8980254848312,-0.7554117015819474,-1.219423208328909,-0.7827169302910022,-637.5073232143276,-1125.523383206269,231.00028201264288,1.6406161182597703,2.842666707544364,2.539717345506763,-673.3505546580824,-1062.456740446898,-6.090823173589401,-0.2469365766478285,0.024867267354212814,-0.2956594233600759,-504.6993505428571,-982.9905337457332,406.0663792694751,-0.4465380015643104,1.3364233542955313,0.10327079437135109,-158.88231458239292,-1207.5315356997,251.82929810489392,0.11200675441087747,0.10358780532997289,1.7198233738938633,-231.25094034633733,-1004.7229696273165,270.1832677524824,-0.34578307261209545,0.23423356278819,-0.399638852807077,-224.64561834508956,-1048.321740305448,381.136498593271,-0.43343887671150466,0.05791864741897937,-0.3103846820797999,-370.52559038665737,-1011.5000638017403,71.45818867929212
921,0,-0.23616560327308983,0.05932123308917424,-0.20144798382188855,-375.00803507091246,-997.4576549085316,405.9269275049823,-0.29325273103514354,-0.01721070962420165,-0.021552599884356514,-419.5086331022638,-1184.383557155203,734.8204059718548,-0.7587031357815992,-1.2192379103721913,-0.7791546878764375,-633.8362156668474,-1133.8570711893842,231.24789075080895,1.6292436069257652,2.8729812827331016,2.5261550973955815,-670.8836538065198,-1072.8170047923443,-6.232867746792897,-0.24996137455036366,0.026292708706509686,-0.2920674028491729,-501.24949901959167,-990.7594898885144,405.8876695416457,-0.45121777256864476,1.3402493046785264,0.10607751308573996,-155.19744429652312,-1214.7825612244342,251.15047577333303,0.11159606717913056,0.1099999074635811,1.722924242142782,-228.2760593141676,-1011.9529238093354,268.6732614097599,-0.34661084053534086,0.23507715932740422,-0.3979633904304037,-220.940948674992,-1055.270057106199,380.3002853356625,-0.43777054714228303,0.05934205732304634,-0.3055977697512278,-368.0199026007737,-1019.4286675772163,71.04045409149897
922,0,-0.2372523291639442,0.06155369719326681,-0.19856517687855954,-371.69287707535784,-1004.7638898554411,405.7523743746278,-0.29439605192798896,-0.013754705061224589,-0.019708647195873275,-414.8782159256435,-1190.979030130475,735.0329874603549,-0.7617289888632339,-1.2192342706434875,-0.7755811536331038,-630.3345921464283,-1142.0606539275575,231.78993448544026,1.6185690580070347,2.9020679315669002,2.513393650155633,-668.5420600698212,-1082.9208502690678,-6.0421463391488635,-0.252752812786684,0.027693067180026527,-0.2884251338383381,-497.97792624496657,-998.4055144114644,406.00674476204796,-0.4558168603613197,1.343748147075027,0.10854160398154296,-151.65711645623907,-1221.9091463928416,250.79879942534134,0.11093749646086756,0.11661573309840188,1.7260550480925205,-225.42051578552568,-1019.0538386941665,267.4827556406023,-0.34716268028369024,0.23576986450938192,-0.39608873415684226,-217.417891172208,-1062.0745079734409,379.78586821374944,-0.44153469089569103,0.060647758468446264,-0.3008308543421638,-365.63688279041355,-1027.1705073554494,70.93087690500924
923,0,-0.23820234385756459,0.0636581566058635,-0.19561768339737726,-368.5626920280124,-1011.9299960669467,405.8821455048101,-0.29544954486964475,-0.010139835249358409,-0.017888189521385763,-410.4387994994892,-1197.5150573315302,735.5285402262662,-0.7644159253511588,-1.2194202308952151,-0.7719704120755599,-627.0084621264589,-1150.1310410193412,232.6209207573516,1.6087590246336783,2.929652310323622,2.5016048126237314,-666.3275000037075,-1092.7434813081718,-5.520028552897552,-0.25529523773577983,0.02906473364455105,-0.28473123114633525,-494.8899055210448,-1005.9227449556157,406.4206091246011,-0.46031958587889443,1.3468840266250162,0.11071750682226983,-148.25812075275388,-1228.8909875365532,250.77272004272857,0.11013312243491487,0.12340395141784531,1.7292420973373341,-222.68763170921355,-1026.0115583324982,266.6217252464278,-0.3474238186145367,0.23629858518087368,-0.3940003054106244,-214.08219685540672,-1068.7274350300604,379.5924070720242,-0.4446835606697074,0.061844475645647184,-0.29607539580652537,-363.38075244438573,-1034.714686135021,71.12537670201613
924,0,-0.23901733279805765,0.06562731631322877,-0.19259249454018088,-365.62087562745603,-1018.9513218484011,406.3083676273123,-0.29638599766127666,-0.006427885660698787,-0.016086724074467956,-406.20287192961683,-1203.9942014263474,736.2947039451019,-0.7666968129061064,-1.2197990235671508,-0.768300451627789,-623.8615845094596,-1158.0669256355527,233.73017313400422,1.5999546643212164,2.9554656319899903,2.4909600949788926,-664.238738226956,-1102.2629617738362,-4.673139649013591,-0.25757635099380954,0.030404628257474583,-0.2809849235680759,-491.9885723894641,-1013.3073217056466,407.1210288703883,-0.464716390490698,1.349626963891187,0.11266995317518524,-144.99565414407544,-1235.709218927958,251.0646508587656,0.10928678895769253,0.1303297050838159,1.7325107135217537,-220.07956522126022,-1032.8134941925578,266.0942563702598,-0.3473878883897838,0.2366548063868204,-0.39168719099784854,-210.93735672505164,-1075.2232254158246,379.7133107735761,-0.44718031135404734,0.06294196968421037,-0.29132026889558127,-361.2546411272167,-1042.0535353109917,71.61449865489374
925,0,-0.2397008711990232,0.06745635818504575,-0.18947727500818845,-362.8687932109187,-1025.8252337386973,407.01799762584886,-0.2971797930099987,-0.002682267973139631,-0.0143002576771464,-402.1804548968632,-1210.4195282127475,737.3142903389546,-0.7685126887116993,-1.2203687280882427,-0.764554467614275,-620.8955331913844,-1165.868501481287,235.10204174876787,1.592269739003098,2.9792521648581065,2.4816246046344497,-662.2718752295483,-1111.460600018714,-3.513378200261838,-0.2595870787415098,0.03171029667427235,-0.2771863815845252,-489.2750089231469,-1020.5573230507696,408.0947351251234,-0.46900383682501795,1.3519533041065979,0.1144715911856464,-141.86373297085157,-1242.3468699775879,251.66110902804164,0.10850065397203158,0.13735485109020099,1.7358841629542616,-217.59738384172567,-1039.4488720351173,265.8984474602489,-0.34705732477956186,0.23683504046350698,-0.38914239382345056,-207.9847065005981,-1081.5583702289923,380.13642946291264,-0.44899958357922176,0.06395043824813244,-0.2865524467753452,-359.2605614068466,-1049.1826041838572,72.38367086131066
926,0,-0.2402581716103759,0.06914294769642117,-0.1862611909677041,-360.30590388942807,-1032.5510502556187,407.9931767458947,-0.2978074757403726,0.0010341076493169676,-0.012525474668438593,-398.3789734423416,-1216.7944943982814,738.5657134583519,-0.7698144966577489,-1.2211220253308999,-0.7607219988049787,-618.1098182021119,-1173.5371491246422,236.7162445628842,1.5857900701025334,3.0007757078043276,2.4737509487921945,-660.4207033440097,-1120.3212460893837,-2.0577829219876445,-0.2613213898222507,0.03297997214876098,-0.2733370279433527,-486.7483708855145,-1027.672655704272,409.3237545453278,-0.47318430266402145,1.353846026334976,0.1162002978441118,-138.85563229307542,-1248.78929680951,252.5430222415927,0.10787175824672329,0.14443822434125642,1.739382586268505,-215.24115625385062,-1045.9089490292583,266.0264685129067,-0.34644348314568685,0.2368411055841308,-0.38636297552705995,-205.22358022944783,-1087.7314811738677,380.84439278343956,-0.45012782964945847,0.06487992096225897,-0.2817577933903442,-357.3993985804474,-1056.1005730585428,73.4135919271887
927,0,-0.24069579838399707,0.07068714979280379,-0.182935664036282,-357.9299197628456,-1039.1299359154334,409.211706578573,-0.2982482368026381,0.004660920781837215,-0.010759883455739395,-394.8031933194473,-1223.1228288153097,740.0235359947662,-0.7705645417913557,-1.2220461700118161,-0.7567998665543542,-615.5020541755961,-1181.0751064641684,238.5483301970723,1.5805743382523696,3.0198249016285414,2.467473412929654,-658.6771037817256,-1128.833493712797,-0.32825047906372173,-0.26277607683612075,0.034212596808531136,-0.26943981079971036,-484.4060514449803,-1034.6549059569916,410.78585948503354,-0.4772653804384976,1.3552949069351456,0.1179362811651594,-135.9643318456478,-1255.0245727384079,253.68619261601455,0.10748873722393365,0.15153593190186157,1.7430219922202768,-213.0100586024461,-1052.187193754979,266.4647766450882,-0.34556646516753586,0.23668021750214768,-0.3833500964215712,-202.6515037519916,-1093.743264248133,381.81508423075786,-0.4505633864932592,0.0657397390204546,-0.2769219372681692,-355.67091651431207,-1062.809094875029,74.6807382828728
928,0,-0.24102135321838605,0.07209126054627962,-0.1794950181030884,-355.73699328699047,-1045.5647606992138,410.647633627988,-0.2984843030404853,0.008142399252267693,-0.009001929625761056,-391.4552274655727,-1229.4084105304187,741.6591162048078,-0.7707376187239566,-1.2231231887407639,-0.7527928892298582,-613.0681663655113,-1188.485138565444,240.57024888035923,1.5766560285466675,3.0362173373408585,2.4629026587132907,-657.0314679107966,-1136.9897852249205,1.648888180804247,-0.2639505152436514,0.035407797654005264,-0.26549941991290826,-482.24387453514436,-1041.5071597597046,412.45512570670166,-0.48125901216184575,1.3562965366472008,0.11975908225478993,-133.18294791084944,-1261.0438228317003,255.0619052205721,0.10742879649271266,0.15860169105301514,1.7468133708634708,-210.90249096485059,-1058.2794226909361,267.19448178372875,-0.344454642986021,0.2363648836224251,-0.3801089616197844,-200.26441825000904,-1099.5964507574977,383.0222379275439,-0.45031630519942484,0.06653799701658718,-0.2720311963566284,-354.07378081032425,-1069.3125721933156,76.15797716482811
929,0,-0.24124313588141424,0.07335956421905782,-0.17593699085560702,-353.7219255471396,-1051.8599310141542,412.2719257420768,-0.2985012297585526,0.011429065310964862,-0.0072510645973742315,-388.3346105134559,-1235.6551476680436,743.4413366816049,-0.7703217810244826,-1.22433029853651,-0.7487143459224441,-610.8026236900948,-1195.7702219641812,242.7510143902453,1.5740462523295595,3.049802510191803,2.4601211485217767,-655.4731269729189,-1144.786422858852,3.843419820060568,-0.26484641521060537,0.03656581578843155,-0.2615224286983009,-480.2563106334368,-1048.233799824174,414.3025822147218,-0.48518040562313375,1.3568541959546363,0.12174459080487415,-130.5051314790575,-1266.841489111664,256.6376637227028,0.10775506278190765,0.16558722725098532,1.7507619807964085,-208.91619966013388,-1064.1838880558594,268.1918522686864,-0.3431438738426789,0.23591259457730368,-0.3766486846219023,-198.0569239481732,-1105.295687076591,384.4361403879977,-0.4494079495487774,0.0672811710625936,-0.26707352062195455,-352.6056002314394,-1075.6178779139548,77.81526787686143
930,0,-0.24136978461079986,0.07449802806375024,-0.17226308765580234,-351.8783881303442,-1058.0211987958971,414.0532206545194,-0.2982881010343941,0.014479198611869384,-0.00550776155735426,-385.4384377174678,-1241.8668609839024,745.3373935477132,-0.769318728741248,-1.225640527304506,-0.7445861639009582,-608.6986882969833,-1202.933257776275,245.05743702221028,1.572737132124631,3.0604637340889314,2.4591794626591645,-653.9907759564464,-1152.2234942251935,6.22191119260625,-0.2654675794825246,0.03768739080033228,-0.25751734827681266,-478.43670764672544,-1054.8402879489918,416.2969348559678,-0.4890467906928696,1.356977598438676,0.1239621871123777,-127.92541521948156,-1272.4155150059166,258.3780311655012,0.10851441028087586,0.17244274862258804,1.754866857402916,-207.0484013574742,-1069.9013134024383,269.4289462403691,-0.341676404102556,0.23534531594806563,-0.3729820812826213,-196.02253433570158,-1110.847385803087,386.02441656137995,-0.44787037719807327,0.06797380243361029,-0.2620394163988012,-351.2629868596615,-1081.7340293592938,79.62043114669379
931,0,-0.2414099015552657,0.07551394955988064,-0.16847876192858766,-350.1991514653812,-1064.0554556245822,415.95862462879427,-0.2978376493153574,0.01725996038143705,-0.0037734742187867857,-382.7615623534107,-1248.0471762509019,747.3136227622315,-0.7677438009512738,-1.227023504972368,-0.7404388058444173,-606.7486717604262,-1209.9768265563619,247.45490569844029,1.572705424067553,3.0681191712449953,2.4600936336318586,-652.5728791584481,-1159.304722987422,8.7484597745099,-0.26581967806971624,0.03877360564230027,-0.25349458412199516,-476.77752970207104,-1061.3329403947719,418.40534305927196,-0.4928760833262322,1.3566825159554987,0.12647211940113892,-125.43949483760693,-1277.7674403143596,260.2455501853694,0.10973584705968255,0.1791175116020266,1.7591205761217403,-205.29590547258468,-1075.434875058059,270.8743508259674,-0.340099474879767,0.2346887919023102,-0.3691254082808106,-194.15393189104057,-1116.2595421571693,387.75287686573074,-0.4457455175339069,0.06861831011651462,-0.25692281437279335,-350.0416348442608,-1087.6718262813188,81.53996429569851
932,0,-0.2413716700469356,0.07641557255046426,-0.16459341369447308,-348.67631288493345,-1069.9705185816929,417.9545378046778,-0.29714630993989816,0.019748140920026993,-0.0020505379442028846,-380.29684368264896,-1254.1994293229066,749.3363391584384,-0.7656255698374046,-1.2284463834658468,-0.736310837025489,-604.9441891063174,-1216.9029958293343,249.9081962726597,1.5739160733204167,3.072722147440048,2.462843582088967,-651.2080469392929,-1166.037257519426,11.385508531666822,-0.26591004734621354,0.039825700297537556,-0.24946629170047016,-475.2705969170308,-1067.7187034574383,420.5942275063725,-0.4966855286523135,1.3559903023756974,0.12932321716636905,-123.04443412827489,-1282.9024011098497,262.2017142426216,0.11142952843496852,0.18556048767364364,1.763509287939108,-203.6552320214043,-1080.790129254287,272.4940075763045,-0.33846366102572933,0.23397168259771148,-0.36509806087948177,-192.4432171514023,-1121.5415205790543,389.58640015853786,-0.4430841602780901,0.06921492893711388,-0.25172184217910204,-348.93641686820945,-1093.4434640050345,83.5398786048042
933,0,-0.24126247248060495,0.07721168961682975,-0.16062020657314266,-347.30151822889155,-1075.7749141266515,420.0074822898235,-0.29621422678811904,0.02193051180016147,-0.0003420163274247741,-378.0354360412655,-1260.3265873043078,751.3726635495003,-0.7630050425715593,-1.229874837366103,-0.7322481599675856,-603.2764032535416,-1223.7131886596333,252.38228282427895,1.576325445936739,3.074260917630141,2.467372701782331,-649.885375214411,-1172.4314108307474,14.094698916303829,-0.26574751779147765,0.04084486464491592,-0.24544613428972922,-473.9073196500981,-1074.0049355354047,422.8300856198362,-0.5004903937339323,1.3549273344479735,0.13255102950828912,-120.73878718410953,-1287.8290324771565,264.20795975113515,0.11358644319834325,0.19172113441788105,1.7680130261523022,-202.12272281543108,-1085.974886488191,274.25209965096366,-0.33682099670917376,0.23322456686929044,-0.3609222444299944,-190.88214404544976,-1126.7038174404847,391.4898266444052,-0.439944769012861,0.06976177278191294,-0.2464394632004491,-347.94149667390326,-1099.0621332660614,85.58653469098905
934,0,-0.24108851993586028,0.07791124790745022,-0.15657571366906484,-346.06617152757747,-1081.4776655979242,422.0849092583056,-0.2950452222363308,0.02380378338757184,0.0013485007594877738,-375.9671085603094,-1266.4311885966513,753.391313721486,-0.7599344873713052,-1.2312740959954163,-0.7283029148115892,-601.7362540336994,-1230.4081186193243,254.843129185585,1.5798840448919758,3.0727580241465677,2.473588605542552,-648.5947412838043,-1178.5003644960188,16.83773592376592,-0.26534227145222733,0.041832022031687,-0.241448953047766,-472.6789212961549,-1080.1992010438578,425.08029150782824,-0.5043027760133654,1.3535243891464643,0.13617646189509047,-118.52263551963138,-1292.5592756413732,266.22664836580344,0.11617879475092305,0.19755026608977036,1.772606267335529,-200.6946444871611,-1090.9990362463245,276.1119741439162,-0.33522295919048833,0.2324788495686064,-0.35662263239271114,-189.46233566777127,-1131.757806586115,393.42883457138356,-0.43639213414459466,0.0702550153258888,-0.24108394543681538,-347.05045521034367,-1104.5416183658976,87.64745188813752
935,0,-0.24085450720209986,0.07852297460574163,-0.15247941383972832,-344.96162815675655,-1087.0880891138572,424.15596225791313,-0.29364673916760514,0.025374186119712174,0.0030171392468043502,-374.0805844356205,-1272.515303770971,755.3633363147825,-0.7564759103639932,-1.2326099615747335,-0.7245320575571442,-600.3146675884672,-1236.9877931756737,257.2584390607602,1.5845385887790047,3.0682693551180127,2.4813650099642794,-647.3270516164821,-1184.259848013551,19.57723955538617,-0.26470572758184713,0.04278761513334366,-0.23749036554689826,-471.5766443835661,-1086.3090805355755,427.3138574354417,-0.5081305857781796,1.3518159763893645,0.1402049654687161,-116.39754206209842,-1297.108094647578,268.2220090987817,0.11916107278465986,0.2030010101911593,1.7772587175839902,-199.36728220232305,-1095.874326645813,278.03707181724275,-0.33371839462627517,0.2317656180984716,-0.3522260207338378,-188.17547603854132,-1136.7154750068867,395.3707751981028,-0.43249588091606145,0.07068917413311705,-0.2356691286123566,-346.25642726473893,-1109.8959050587735,89.69206852343659
936,0,-0.2405633094228749,0.07905503649161814,-0.14835307058268052,-343.97936780590163,-1092.615601756741,426.19217550700773,-0.29202975669532577,0.026656709225049265,0.004660012679424718,-372.36388851673655,-1278.5805182887777,757.2627584150101,-0.7526992202304208,-1.2338497754131768,-0.7209956446295518,-599.0027435178287,-1243.4515839938556,259.59834480198805,1.5902334022073779,3.0608829691461605,2.490544702767516,-646.0744391245028,-1189.7278032283027,22.277558280727234,-0.2638504529663331,0.043711404951539995,-0.23358631376695058,-470.59193554161516,-1092.342000383218,429.50213500271485,-0.5119767503791222,1.34983964399538,0.14462631024363157,-114.36642780989753,-1301.493111133215,270.1610113489183,0.12247178310636346,0.2080298264997401,1.7819362874887912,-198.13702300854266,-1100.6141047601004,279.9918364056499,-0.33235147573684676,0.23111449518338342,-0.3477609848231641,-187.0134747628121,-1141.5891562529605,397.2854418944594,-0.42832885069761056,0.07105747848040504,-0.23021446430687645,-345.5522448947244,-1115.138809106897,91.69243155485644
937,0,-0.24021573905151725,0.07951474593905282,-0.1442200338877726,-343.1111445955063,-1098.0695450820176,428.168088071971,-0.29020867581472237,0.0276740427950092,0.006273511804633764,-370.80469224347877,-1284.6279371234266,759.0671400838446,-0.748680128100824,-1.2349633026416833,-0.7177548691382019,-597.791918537002,-1249.7983591447628,261.8360170864483,1.5969111323160803,3.050717709139174,2.5009435035715493,-644.8304092261853,-1194.924041460215,24.90552195107438,-0.262790092177594,0.04460229265489199,-0.22975258551621572,-469.71660583395084,-1098.3050844401212,431.6194359716136,-0.5158386745974018,1.3476352683283617,0.1494149483813012,-112.43338028455807,-1305.7341687063208,272.0141422847643,0.1260357752960858,0.2125975539354224,1.7866022142554627,-197.00042767583736,-1105.233024374784,281.9425765290451,-0.3311597826906859,0.2305525352248407,-0.3432575407904887,-185.96860281336978,-1146.3912691728356,399.1457513355547,-0.4239653787586056,0.07135229730093093,-0.2247448131010819,-344.9305836417524,-1120.2836356918647,93.62379623445179
938,0,-0.23981038393627815,0.07990832353332777,-0.14010450868802996,-342.34911266774714,-1103.459026286846,430.0617573616514,-0.2882011670413847,0.02845527837626549,0.007854598866106895,-369.39064559258475,-1290.65821036801,760.7580120177479,-0.7444978407989596,-1.235923514051344,-0.7148699099393304,-596.6741065109577,-1256.0266689305356,263.94818026927027,1.604512861640051,3.0379215888982674,2.5123550964845625,-643.5899355749896,-1199.8698990385565,27.431113972651694,-0.26153931241101075,0.04545817269772516,-0.2260043342695035,-468.9429639801946,-1104.2050292803362,433.64355505621626,-0.5197079762917912,1.3452443399412992,0.1545309477630977,-110.60340557489307,-1309.8528408644297,273.75606523660053,0.129767082987657,0.21667044066641902,1.7912182852394416,-195.95428979839744,-1109.7467286815274,283.8582550053667,-0.330172597066668,0.2301032099680564,-0.33874680908518834,-185.03359887882266,-1151.134069224897,400.9283175158462,-0.4194794996124583,0.0715656017517578,-0.2192899947745233,-344.3841074104448,-1125.3428788296906,95.46511922487629
939,0,-0.23934354842238253,0.08024072538916172,-0.136030831439339,-341.6859265237832,-1108.7927788195918,431.8551582980718,-0.28602796939760944,0.029034429743910985,0.009401092890727847,-368.1096866658496,-1296.6715780008008,762.3211859819223,-0.7402326158315384,-1.2367072503510217,-0.7123976682844255,-595.6418155440458,-1262.1349741763606,265.9155209877678,1.6129777304803692,3.022669905308739,2.524556582572049,-642.3495076997954,-1204.5878952765452,29.828045299632585,-0.2601137577027111,0.046275824303051154,-0.22235562187482114,-468.26392107865297,-1110.0480038989183,435.55617993918895,-0.5235705006612834,1.3427092494798851,0.15992145107929928,-108.88213772138486,-1313.871898171925,275.366139722375,0.13357217238040006,0.22022110729020686,1.7957461132895882,-194.99568103662503,-1114.1715160121419,285.7111828737727,-0.3294094940590892,0.22978552549698672,-0.33426067425871003,-184.201746827293,-1155.82941899799,402.6139026689149,-0.4149431220901725,0.07168943714356493,-0.21388410266039473,-343.9056080375243,-1130.3279685763277,97.19943185491438
940,0,-0.23880931787847423,0.08051554088689042,-0.13202279050608012,-341.1148162786791,-1114.079043769322,433.53445780430917,-0.28371262893901317,0.029448839360828816,0.010911932147294929,-366.95032081231795,-1302.6679311528696,763.7469295665684,-0.735963256024133,-1.2372957594634744,-0.7103894782968083,-594.688243305751,-1268.1219035651707,267.722980588946,1.6222422106041963,3.0051630109086793,2.537314573607597,-641.107133949345,-1209.1013956718846,32.07421587303363,-0.25853000809267884,0.047050846844879445,-0.21881900713693936,-467.6730665469718,-1115.8395740717012,437.3431772567974,-0.5274066016427597,1.3400725757860468,0.1655225931440188,-107.27552040953941,-1317.8147515265346,276.8287883385116,0.1373534819108537,0.22322939348089813,1.8001484110746997,-194.12198173040414,-1118.5239971629012,287.4775986176901,-0.3288793089404165,0.22961330670407593,-0.3298314323939345,-183.46692581803143,-1160.4885837494123,404.1877330217382,-0.41042422996626443,0.07171638081640815,-0.20856461074366073,-343.48813591570064,-1135.2490721227841,98.81408387772737
941,0,-0.2381997610990759,0.08073496336027404,-0.12810301899881357,-340.6296388602965,-1119.3254729318417,435.09015791027923,-0.28128116554837185,0.02973753724212732,0.012387400444440965,-365.9018626826848,-1308.6468865180054,765.0300010680361,-0.7317646301734559,-1.2376751013913445,-0.7088888864768244,-593.807351984737,-1273.9865250726057,269.3599250698964,1.632239186893476,2.985623679544185,2.5503916270649247,-639.8623040452522,-1213.4342823323339,34.152052454281424,-0.2568055402820177,0.047777642811156214,-0.21540520128811055,-467.16471605893366,-1121.5846509229825,438.994747203954,-0.531191666497431,1.3373763760841932,0.17126179063848843,-105.7894764797049,-1321.7048888010675,278.1337008596005,0.14101312867750854,0.22568304404637526,1.8043902097511844,-193.3308966186167,-1122.8207531340918,289.13811682782483,-0.32857953955522007,0.22959467773704942,-0.3254914166111518,-182.8236354334133,-1165.1220567555426,405.63967153397914,-0.4059851774892644,0.07163996526112364,-0.20337131953464202,-343.1251185396621,-1140.1149529374104,100.30085209427834
942,0,-0.23750527397279383,0.08089983201886126,-0.12429248221653205,-340.22490699749187,-1124.539053890966,436.5171048191597,-0.27876165914086926,0.029939617614895178,0.01382930501456526,-364.9546363079354,-1314.6078699907514,766.1695447908852,-0.7277053129301047,-1.237836417890866,-0.7079296008546238,-592.9939242345263,-1279.7286158708957,270.8201894183864,1.6428970050315643,2.964294013272864,2.5635528067650672,-638.6159162174987,-1217.610633258929,36.04871532947491,-0.25495868688789813,0.04844944994443292,-0.21212280859532495,-466.7339332247138,-1127.2874626954012,440.5054435846111,-0.5348968507654946,1.3346614778823966,0.17706030566366357,-104.4295806801143,-1325.5653219886244,279.27587136834916,0.14445665386027143,0.22757819842345633,1.808439967379922,-192.62045594828075,-1127.078002164888,290.6780347585016,-0.3284962280838705,0.22973175817325783,-0.32127259174437,-182.2669988919863,-1169.739418116228,406.9642442631185,-0.40168115725271725,0.07145504885135069,-0.19834519964477113,-342.8104644619846,-1144.932890092772,101.65591239034232
943,0,-0.2367150538671205,0.08100973859133052,-0.12061007606764787,-339.89579858046346,-1129.7260567986038,437.8143655655361,-0.2761837506712597,0.030092695137726534,0.015241095364344237,-364.10013010765175,-1320.5502052348957,767.1688516461456,-0.7238454407991742,-1.2377760660370178,-0.707533710854666,-592.2436012964462,-1285.3489151829554,272.10199652548914,1.654138631831541,2.9414318696634623,2.576572143925903,-637.3701743301272,-1221.65441208182,37.75617003119557,-0.25300859111083807,0.04905842215297793,-0.20897816627645335,-466.3765276017731,-1132.9515483492764,441.8740603704948,-0.538489986092991,1.3319667742465744,0.1828359785773198,-103.20075043719751,-1329.4180612819407,280.2554699199065,0.14759667919375058,0.22891965655904234,1.8122705148536995,-191.9890027917906,-1131.3112847552898,292.0874897716119,-0.3286043439717868,0.23002058537557377,-0.3172061113194794,-181.79274793012866,-1174.3492294252308,408.16052162136106,-0.3975589156070588,0.07115811974961099,-0.19352719608513327,-342.53865084723077,-1149.7086580055607,102.879677952552
944,0,-0.23581768144057327,0.08106318792636168,-0.1170723469156653,-339.63814952648096,-1134.8920019798095,438.9849781180654,-0.27357805904109345,0.03023149682677275,0.01662791460016476,-363.33110558584355,-1326.4732026849326,768.0349944114937,-0.7202348796187237,-1.2374956161714012,-0.7077102733282357,-591.5529042487973,-1290.849345401159,273.20775421805644,1.6658810516237925,2.9173068294587012,2.5892387697850974,-636.1284606235787,-1225.5891700276059,39.271123972528606,-0.2509751525947727,0.04959575726013326,-0.20597529218374597,-466.0890323088296,-1138.579771470794,443.10338996165353,-0.5419366221873646,1.3293285286106433,0.18850602621166845,-102.10696823537675,-1333.283631368575,281.0775559400414,0.15035634870532888,0.22972090342342424,1.8158597925747197,-191.43516787544172,-1135.5351749446245,293.3614653869665,-0.328868666914108,0.23045126396160112,-0.3133218331071537,-181.39719328951543,-1178.9589654647216,409.2318603978616,-0.39365577781943506,0.07074752178931894,-0.18895705102876473,-342.30479354799894,-1154.4465650984152,103.97651053151121
945,0,-0.23480177816091408,0.08105779900891481,-0.11369333632526421,-339.44843355260787,-1140.041647229625,440.03558460852634,-0.27097552162301747,0.030386638508799496,0.017996577222961673,-362.6416602759079,-1332.376244475261,768.7783512378318,-0.7169117906898383,-1.237001716133975,-0.7084543483629706,-590.9192391025474,-1296.2331882679212,274.14373738739494,1.678034990452671,2.892195767761998,2.6013624952320407,-634.8951897315206,-1229.437762199204,40.59483165362863,-0.24887895896334614,0.050051868760404905,-0.20311594183473708,-465.8686650232617,-1144.1743529551663,444.1998622713005,-0.5452011643858439,1.3267797021117624,0.19398980660885004,-101.15104754525427,-1337.1806437032476,281.7516460131603,0.15267243370291816,0.23000388397024218,1.8191913404746767,-190.95783361499647,-1139.763025481357,294.499648420586,-0.3292451448072558,0.23100833373008267,-0.30964779374214674,-181.07718489754998,-1183.5749828090989,410.18551686545635,-0.3899990255088582,0.07022359430870659,-0.18467219163870136,-342.1046993455978,-1159.1495483160406,104.95431548996206
946,0,-0.233656704217845,0.08099053175620362,-0.11048454609542938,-339.32373224215473,-1145.1789936999166,440.97596067310934,-0.26840667303489185,0.03058362590102545,0.019355470021710924,-362.02724716448256,-1338.258860981236,769.4120347495525,-0.7139016675505108,-1.2363058255402923,-0.7097465512205919,-590.340886297174,-1301.505204994781,274.9196655929385,1.690505024542361,2.8663781306457157,2.6127786285539982,-633.6756494998159,-1233.2220805826316,41.73277583417151,-0.2467411964842855,0.050416598217195366,-0.20039976948924096,-465.71327644932495,-1149.7369208994603,445.1730774320985,-0.5482480680869664,1.3243493249561706,0.1992114583107006,-100.33445217705376,-1341.1254366907724,282.2911536301369,0.1544979847305336,0.22979852976952492,1.8222545170295965,-190.5560893262187,-1144.0067536828624,295.5061443378454,-0.32968267729628,0.23167133789172206,-0.3062096483451582,-180.83006576882215,-1188.2025239360269,411.03214543288766,-0.38660564748859716,0.06958872092967269,-0.18070671699489663,-341.9349006475843,-1163.819318928581,105.82403490815862
947,0,-0.23237326135614836,0.08085792515192815,-0.10745501056638015,-339.2616985856159,-1150.3073093747603,441.8184567462173,-0.26590088333642137,0.03084211068950833,0.020714375299147676,-361.4846542795,-1344.1207950407131,769.9512472091076,-0.7112168940053312,-1.2354238264678294,-0.7115531655675763,-589.8169750888188,-1306.6716918183963,275.5481897703362,1.7031900954251347,2.8401310482418873,2.623351852561363,-632.4758338665191,-1236.9628064927263,42.69423569778368,-0.24458353292490154,0.050679464332416234,-0.1978245821675726,-465.6212904363653,-1155.26857598989,446.03524825061356,-0.5510430496895904,1.3220619420361828,0.2041023290355541,-99.6571765174117,-1345.1317936327073,282.71272255068106,0.15580442327255425,0.22914204731149257,1.8250444384926399,-190.22917972979724,-1148.276673743794,296.38906231102953,-0.33012525190179126,0.23241556436883531,-0.30303008789332425,-180.65362341372304,-1192.8457541928299,411.78520097301686,-0.3834824652399491,0.06884728513304107,-0.17709050675810042,-341.7926734686897,-1168.4565536263697,106.59905611196145
948,0,-0.23094436667848153,0.08065633321851556,-0.10461145566020741,-339.2605168886995,-1155.429169065752,442.57736965383896,-0.26348558229753516,0.03117542161188119,0.022084218198443244,-361.01194930904177,-1349.962050490204,770.4125845345513,-0.7088568482863328,-1.2343755201450661,-0.7138268394280581,-589.3474433858595,-1311.7404655780176,276.0443045788835,1.7159844245030367,2.8137244317551846,2.6329790265001014,-631.3022726794978,-1240.679185384186,43.49175645113567,-0.24242796625259438,0.0508299437290176,-0.19538667117817154,-465.59163980922807,-1160.7699704021543,446.80057137595,-0.5535542710751543,1.319937169240747,0.2086031142469794,-99.11769139008884,-1349.2107460041204,283.03547851846355,0.1565829796512959,0.22807798604770133,1.8275616459818627,-189.9764489192654,-1152.5813800022686,297.15998539335624,-0.3305143382331077,0.23321292489851292,-0.3001282551574373,-180.54604216437872,-1197.5078278502601,412.460265970673,-0.3806266171939145,0.06800553328486009,-0.17384846481807217,-341.67603991264446,-1173.0611235981987,107.29455553475486
949,0,-0.22936566579523485,0.08038214665881042,-0.10195851861209837,-339.31886163223305,-1160.5465095535571,443.26826497879205,-0.2611855002238926,0.03159037979790811,0.023476742457604647,-360.6083949799479,-1355.7829223683668,770.8133133626018,-0.7068085506794782,-1.233184022618995,-0.7165078597502952,-588.9329837665362,-1316.7207773321609,276.4247052637201,1.7287787956312177,2.7874162047317474,2.6415908317641725,-630.161862859038,-1244.3888270615919,44.140537840193495,-0.2402966348701906,0.050857777033998124,-0.1930812026708454,-465.6237016777557,-1166.2413979017492,447.48454835495977,-0.5557534525426205,1.317989397459855,0.2126656313100486,-98.71295736318945,-1353.3704671614098,283.28022612854005,0.15684540215303108,0.22665511195489393,1.8298115236959638,-189.79728192717988,-1156.9276842191716,297.8333445745489,-0.33079142892221103,0.2340329306801847,-0.29751918865547666,-180.50585935165105,-1202.1909785825999,413.07432584997173,-0.37802637215036994,0.06707134864860849,-0.17099990404520135,-341.58375661742275,-1177.632353150576,107.92679972747345
950,0,-0.2276360569579725,0.08003198958374684,-0.09949899980767853,-339.4358575562961,-1165.660698051579,443.90727225918266,-0.2590219576152021,0.03208739667513051,0.024904121590354867,-360.2743414420054,-1361.584006973166,771.1706458217976,-0.7050478251153733,-1.2318750754752683,-0.7195259745566508,-588.5749766857368,-1321.6231556536916,276.70710953280957,1.7414621545011468,2.7614478110625247,2.6491522372640546,-629.0617047792114,-1248.1075343242012,44.65776156569409,-0.23821158892268204,0.05075329207061283,-0.190902646612916,-465.7172355682155,-1171.6828924815827,448.10327922809506,-0.5576168695472351,1.316227674479653,0.2162541625450308,-98.43850435959227,-1357.616258943786,283.46861874849117,0.15662388533352312,0.2249261201489037,1.831803505096493,-189.69104592337973,-1161.320608291815,298.4257181760461,-0.33090060643082886,0.2348437203545757,-0.29521333162560737,-180.53192770577562,-1206.8966290866886,413.64501720045956,-0.37566223142131105,0.0660539429368663,-0.16855807353472596,-341.51529074323537,-1182.1692985207374,108.512426526563
951,0,-0.2257581025333388,0.07960288257720592,-0.09723411907310561,-339.6110429146034,-1170.7726117030775,444.5103759830468,-0.25701223543709373,0.03266084191232831,0.026378515258254163,-360.0111020686356,-1367.3661908646725,771.501036286888,-0.703540920835658,-1.230476290478561,-0.722802704256952,-588.2754122087422,-1326.4591848771934,276.90956582282354,1.7539234561904917,2.736040128984895,2.6556618148824755,-628.008947158112,-1251.8491629866796,45.061879411765716,-0.23619452760636542,0.05050773414727769,-0.18884522226920714,-465.87232721712013,-1177.0943325531964,448.6727520363257,-0.5591261932777079,1.3146557819615414,0.21934631402917398,-98.28857360122407,-1361.950630819075,283.6223295858873,0.15597019158192257,0.22294622782092588,1.833550114533497,-189.65703293472473,-1165.7634320559255,298.95508002295975,-0.33079101440147995,0.23561309656919827,-0.29321614706696986,-180.62338573675908,-1211.6255141936224,414.18987412561535,-0.3735082714927108,0.06496347507711811,-0.16652982720910714,-341.4707850975456,-1186.671036902342,109.06772985010117
952,0,-0.2237383106103187,0.07909236548465104,-0.09516375296881817,-339.8443374746451,-1175.8827254266255,445.0927254844811,-0.2551690550187484,0.03329965863954225,0.027911583346452256,-359.8208189130484,-1373.130618840132,771.8195232318936,-0.7022465190843058,-1.2290163498019806,-0.7262540576398282,-588.0368019496257,-1331.2412270457678,277.04976950414505,1.7660536764742054,2.7113899064229625,2.661149984011417,-627.0106431225377,-1255.6255160149162,45.371884984227414,-0.23426651327591508,0.050113591844266336,-0.18690333788929828,-466.0893403088116,-1182.4755474612139,449.2081515555883,-0.5602691442211621,1.3132725086982249,0.22193335738283923,-98.2563154037726,-1366.3734682602426,283.76225128387745,0.1549539682075154,0.2207716959498971,1.835065899067194,-189.69440584236378,-1170.257793993495,299.4400210656628,-0.3304191203044055,0.23630953069815666,-0.2915278782527872,-180.77963721989354,-1216.3778117240258,414.7255976122876,-0.3715336740401077,0.0638106100490325,-0.16491543181440174,-341.45101393237763,-1191.1369553727823,109.60797132158689
953,0,-0.22158727730125638,0.07849857577823627,-0.09328663611683362,-340.13601637527205,-1180.9912051251908,445.6679862259101,-0.253500191915643,0.033988194079604156,0.029513972855837206,-359.70632358621185,-1378.8786418325724,772.139137482925,-0.7011180319872009,-1.2275241865147428,-0.7297935454869823,-587.8620831848986,-1335.9820994215104,277.1444081468052,1.7777478895028491,2.6876668195583484,2.665676304522962,-626.0736194655975,-1259.4462741823831,45.60659225676777,-0.23244767805804034,0.04956490549509599,-0.18507200309365876,-466.3688778017811,-1187.8264229326167,449.7232097758198,-0.5610399398847037,1.3120721055874756,0.2240200463189885,-98.33403422699945,-1370.8822839871364,283.90774983294597,0.15366029176852714,0.21845833402050296,1.8363663090394353,-189.80214935184506,-1174.8038408293971,299.89896960145046,-0.329750671007842,0.23690310034169582,-0.2901434862814401,-181.00034027583496,-1221.1532754838283,415.26737170372803,-0.3697043877726507,0.06260603389411529,-0.1637085127134137,-341.4573308466587,-1195.5670294114389,110.14674094154331
954,0,-0.21931968846779146,0.0778202810775376,-0.09160051692567765,-340.48669035868676,-1186.0980030719788,446.2477535984912,-0.25200824211433615,0.034707206125646324,0.031194795057267407,-359.6709986132564,-1384.6117465656298,772.4703957615969,-0.7001060864900177,-1.2260281729718963,-0.7333353673699796,-587.7545173151574,-1340.694721949883,277.2085560326699,1.7889073055181655,2.665011242353802,2.6693259683887467,-625.204360481132,-1263.3189651801279,45.78394367478041,-0.23075694161248966,0.04885754478400403,-0.18334719446770614,-466.71175373903515,-1193.1470019865312,450.22961914564974,-0.5614395304943886,1.3110448943887296,0.22562392432704312,-98.51347065903933,-1375.4725426748646,284.0759961952467,0.1521865018098006,0.21606004561407682,1.8374665863385624,-189.97902766331546,-1179.40042023902,300.3494349640814,-0.328762262585816,0.23736633013737268,-0.2890527837344453,-181.28540585843663,-1225.9513651749314,415.8282484060756,-0.36798486636450606,0.061359944141258185,-0.16289613703649777,-341.4916101122779,-1199.9620810447075,110.69538737310073
955,0,-0.21695418719008194,0.07705686718997364,-0.09010226503629266,-340.89729217985524,-1191.20295217246,446.8410483421222,-0.25069055228909215,0.03543500048069232,0.03296111229937277,-359.71864347165,-1390.3314696063603,772.8208954524157,-0.6991610759724777,-1.2245553471475594,-0.7367976358498992,-587.7175849449288,-1345.3917507692706,277.25513671064,1.7994411579099365,2.6435327987325548,2.672205660922563,-624.4089071714767,-1267.2489725205082,45.920369452281086,-0.22921175935130117,0.04798944158419175,-0.18172615788314633,-467.11897557096955,-1198.437577813305,450.73652747595463,-0.5614756280768207,1.3101779923270243,0.2267741615107181,-98.78610860187729,-1380.1380468529726,284.28139600399305,0.15063841771194408,0.21362747366941215,1.8383807164189543,-190.22355065856777,-1184.0453092762868,300.80729851836213,-0.32744246833033336,0.2376749127268259,-0.288240768816887,-181.63500471403088,-1230.771368562401,416.41862074222513,-0.36633982808359894,0.06008153741981628,-0.16245903510036536,-341.5561826390459,-1204.3240073436796,111.26253612569761
956,0,-0.21451311971069417,0.07620828563531602,-0.08878793361196603,-341.3690682273966,-1196.3058557693744,447.4539100572096,-0.2495393188631507,0.036148648800290124,0.03481745530899065,-359.85334861824947,-1396.0392991667761,773.1950230741203,-0.6982356570895795,-1.2231307079493874,-0.7401054973879766,-587.754879864112,-1350.0852145958077,277.2944705352356,1.8092683303050388,2.6233097504766776,2.674438973543319,-623.6927720978225,-1271.2395848793096,46.03021800482736,-0.22782791905343705,0.04696076441150531,-0.1802076346421079,-467.59173608586855,-1203.698775197038,451.25013071875736,-0.5611625441587198,1.3094561082059777,0.22750997618483845,-99.14349480970927,-1384.8713691563732,284.53513419681445,0.14912606514236537,0.21120680194256372,1.8391204942492434,-190.5339505102647,-1188.73546974103,301.28617404300564,-0.3257924928787109,0.23780829321348376,-0.2876881495147483,-182.04958107326237,-1235.6125119440394,417.04580028048787,-0.36473598510979693,0.05877851735450407,-0.16237196171492724,-341.6537677014,-1208.655971008864,111.8537110738154
957,0,-0.21202217761212633,0.0752749669217639,-0.08765278375485293,-341.90357365046094,-1201.4065697062513,448.089102151893,-0.24854185369923373,0.03682523582787353,0.03676539266616036,-360.0793799328826,-1401.7365685874688,773.5937850739416,-0.6972870709969664,-1.221776609026339,-0.7431940110199844,-587.8700041854912,-1354.7861706138879,277.3339217387187,1.8183186236265985,2.6043892517414045,2.676161552093356,-623.0608696720773,-1275.292085726728,46.125275235184276,-0.22661940065587993,0.04577402169130005,-0.17879200225253605,-468.1314131272771,-1208.9316171942567,451.773376715644,-0.5605208592044768,1.3088623627419191,0.2278787106201554,-99.57755718924913,-1389.6643140007216,284.8448475880843,0.147759072201884,0.20883876345729843,1.8396947459356892,-190.90817064570444,-1193.4673206056796,301.7968571493788,-0.3238263443383467,0.23775010688739656,-0.2873720334947955,-182.52987055332113,-1240.4740557630946,417.713711915868,-0.36314369345666814,0.05745664578924177,-0.1626041984082013,-341.7874014533927,-1212.9625460569566,112.47107141980626
958,0,-0.2095099574395124,0.07425770789567632,-0.0866912806020893,-342.5026686458875,-1206.505073513565,448.7459380385712,-0.24768100768941453,0.03744308273715086,0.038803174245813275,-360.4010751354557,-1407.4243458713347,774.0147654358323,-0.6962791773794221,-1.220512275713496,-0.7460106542687477,-588.0664668536105,-1359.5043955029973,277.3776566301482,1.8265335813691126,2.5867884750295365,2.6775161593891297,-622.5174612803453,-1279.4058822103718,46.21438764138949,-0.22559830918001433,0.04443408244079795,-0.17748132409304035,-468.7395744587129,-1214.137573979007,452.3057895467344,-0.5595769526296782,1.308379086157326,0.227933641079004,-100.08090803141029,-1394.5083902827546,285.2144342237118,0.14664192722023894,0.206557897550045,1.8401087374338232,-191.3438688920404,-1198.2370168655234,302.34688034619546,-0.32157053948781966,0.23748846617117325,-0.2872667473811813,-183.07691907121935,-1245.3553730492945,418.4227147883007,-0.36153847734090383,0.05611935923200787,-0.16312019548026097,-341.9603631484208,-1217.249813114835,113.11327250994718
959,0,-0.2070074605196652,0.07315754325970955,-0.08589707114691168,-343.16851305659094,-1211.6015278899488,449.4202345270286,-0.2469357377277349,0.03798289485491318,0.04092546964707084,-360.8227528301447,-1413.1033239067026,774.4522103753653,-0.6951841060939145,-1.219353462022888,-0.7485173406897476,-588.3475876794992,-1364.2481255626749,277.42652106758516,1.8338668181044464,2.570496584097072,2.6786478188962075,-622.0661143018533,-1283.5786712931497,46.30320098776326,-0.22477488441423785,0.04294810508103408,-0.1762793050789704,-469.4179844742178,-1219.3185910628072,452.84342039255836,-0.5583624255262472,1.3079885494806682,0.22773161040103926,-100.64711871159437,-1399.3952759700942,285.6440039090602,0.14586931412704757,0.20439208466482645,1.840363790362733,-191.8384363159905,-1203.0407237979775,302.9401868624939,-0.31906337866523643,0.23701609851812225,-0.2873447396234058,-183.69209907274671,-1250.2560092174713,419.16955411385754,-0.35990238435534033,0.054767470318807396,-0.16388034915132418,-342.17609986604236,-1221.525400455463,113.77545496457948
960,0,-0.20454755507655392,0.07197561246765344,-0.08526295305739715,-343.90355607710114,-1216.6963162105455,450.10439419863997,-0.24628179786916202,0.038428784834931395,0.04312322082976872,-361.34863388717275,-1418.773716116912,774.8972362633714,-0.6939834528293586,-1.2183122557523383,-0.7506918545811594,-588.7164089149982,-1369.0238576231577,277.47804157611876,1.8402838296058794,2.555477497414862,2.6796991892361275,-621.7096738684569,-1287.8066401410567,46.39402266265427,-0.22415758367166239,0.04132536823257029,-0.17519115270693938,-470.16860899882863,-1224.4770946020747,453.37892691365613,-0.5569134490117967,1.307673592092028,0.22733057661872252,-101.27095340785063,-1404.3172555464607,286.12996963517566,0.1455217493098738,0.2023623729325859,1.8404571136145542,-192.38903270068752,-1207.8748756494224,303.5769325712946,-0.3163538450901494,0.23633034219712187,-0.28757751601448767,-184.37711912644886,-1255.1757225342756,419.9474445185672,-0.35822512995312583,0.05339897091014141,-0.1648419038805856,-342.43815045120954,-1225.7984686150644,114.44936251164043
961,0,-0.20216441997070395,0.07071303308009237,-0.08478084241827386,-344.7105176787094,-1221.7900686306102,450.7876141915643,-0.24569253206598402,0.03876912735478264,0.04538362521468447,-361.98277395169305,-1424.435162192876,775.3381530332726,-0.6926689699106893,-1.2173970316745766,-0.7525286349980079,-589.1756160934062,-1373.836219600908,277.5265505472337,1.8457613000131758,2.541673352716487,2.680806298081671,-621.4502461110471,-1292.0846967289938,46.48581195781149,-0.22375322671568393,0.03957700191280785,-0.1742233450655072,-470.9936142247854,-1229.6159723322392,453.9017791229119,-0.5552700694384713,1.3074181161964167,0.22678717296366288,-101.94855101491639,-1409.2676122761625,286.66527494577315,0.14566173121697684,0.20048309421104968,1.8403818494303716,-192.9926387796944,-1212.7364082617157,304.253421479458,-0.3135001956905321,0.2354330112033052,-0.28793655737765306,-185.13402295650354,-1260.114505230568,420.74628133752856,-0.35650499224314264,0.05200894907941907,-0.1659599631879129,-342.75006930361997,-1230.079638164583,115.12358484021264
962,0,-0.19989298497889532,0.06937079005638062,-0.08444174693142788,-345.5923584228252,-1226.8836683261582,451.4562145311059,-0.24513974368828867,0.03899720842832392,0.04769026132225899,-362.7290050711719,-1430.0866483088448,775.7608918095304,-0.6912427299003222,-1.2166125463306443,-0.7540388716114735,-589.72746941466,-1378.6879162862717,277.5634319763674,1.8502859582457571,2.5290085512885185,2.682094740638451,-621.289191649324,-1296.4067256352678,46.57429843794651,-0.2235671858242143,0.037715623744540384,-0.17338331030039125,-471.8953559166836,-1234.7385298637992,454.3985856687028,-0.5534754977623549,1.3072074284456345,0.22615437292146082,-102.67754660442554,-1414.2409591372239,287.2397478452442,0.14633058334602203,0.19876225166350045,1.8401273246626313,-193.64612433396533,-1217.6229561381547,304.96217635181637,-0.31056831552770514,0.2343301436235486,-0.2883941747282257,-185.9651743023464,-1265.0725857836528,421.55297240147024,-0.3547494219238941,0.05058962709034606,-0.16718858412624962,-343.1153506126662,-1234.380861940337,115.78391784032107
963,0,-0.1977683772483867,0.06794964782247365,-0.08423574988281254,-346.55223470640635,-1231.9782402923202,452.09407522711734,-0.24459461591335707,0.03911164110421509,0.05002336372659694,-363.5908838450282,-1435.72644579878,776.1495224426475,-0.6897167669493014,-1.2159601633449562,-0.7552499067816363,-590.3737464065235,-1383.5797523981469,277.57748029454126,1.8538530685417738,2.517394233274136,2.6836764238853803,-621.2271281730813,-1300.7658630932444,46.652224412332764,-0.22360359946107342,0.035754892353470555,-0.17267902603439225,-472.8763553840947,-1239.8484235342294,454.8535305153377,-0.5515754045856976,1.3070284193398123,0.22547934863456254,-103.45712639518901,-1419.2334949705128,287.84056783073993,0.14754613014711812,0.1972021477206371,1.8396794921245032,-194.34633016029773,-1222.5330059092548,305.69214215107326,-0.3076299064520164,0.23303164962677084,-0.28892426636643626,-186.87322457512002,-1270.0504133554468,422.35187919057273,-0.3529753380278449,0.04913052209924391,-0.168481921446547,-343.53735360677643,-1238.715244729307,116.41382989337325
964,0,-0.19582537832200977,0.06645008922558826,-0.08415200909789096,-347.5934371936567,-1237.075123764772,452.6831680480075,-0.24402865680997918,0.03911652913245864,0.05236024793444626,-364.5716431717677,-1441.352071695271,776.4868441152317,-0.6881122274702034,-1.2154381952316662,-0.7562039692771729,-591.1156960516996,-1388.5107312738269,277.5553611727354,1.8564646659510242,2.5067330146279674,2.6856469140402974,-621.2639411156218,-1305.1547846158521,46.70970339972037,-0.22386558538872126,0.03370899822666941,-0.17211855224669714,-473.9392593313318,-1244.9495724560484,455.24890640684015,-0.5496172353956864,1.3068695818478566,0.2248016020939632,-104.28801312990934,-1424.243175769817,288.4528290921902,0.14930130027888935,0.19580021112713264,1.8390215428308536,-195.09016086495882,-1227.4660000133008,306.4290161440581,-0.304760575125244,0.23155087606263317,-0.2895029516391557,-187.86106108824862,-1275.048625788692,423.1253529888726,-0.3512090879864049,0.04761872622369673,-0.16979537904653064,-344.0192293678029,-1243.096814966659,116.99501955148115
965,0,-0.1940978919029884,0.06487228346851208,-0.0841787741294281,-348.7193111656902,-1242.1758297640572,453.20416620392666,-0.24341464338166247,0.039021370591471344,0.05467587904686648,-365.6741446128859,-1446.9602738223348,776.7550302280233,-0.6864580858391431,-1.2150423459851756,-0.7569562939424876,-591.9540041110359,-1393.4782239435106,277.48215987103623,1.8581276658147645,2.4969238027852105,2.688083421871399,-621.3988016311264,-1309.5659979357367,46.73468257211126,-0.2243554287842929,0.031592119611222345,-0.17170951660329645,-475.0867815247363,-1250.0460535191191,455.5657284313185,-0.5476495531338803,1.30672088138483,0.22415143672851867,-105.17238186153469,-1429.2697949041276,289.06017988211806,0.1515637055552589,0.19454997489865253,1.8381346669921659,-195.8746845208402,-1232.422386546495,307.1556948375635,-0.30203787833779494,0.22990410470920722,-0.2901090661307179,-188.9317346188415,-1280.0680029493572,423.85434889972726,-0.3494860596973292,0.04603929799931403,-0.1710867213569909,-344.5638497452866,-1247.540254301646,117.50804711400116
966,0,-0.1926184201229143,0.06321608404051897,-0.08430342409722755,-349.93315866220064,-1247.281985577484,453.6371130774479,-0.2427275398392813,0.0388407040655409,0.05694357100857464,-366.9008285997224,-1452.5470423100462,776.936307391344,-0.6847895011039435,-1.2147662376831163,-0.7575727073269173,-592.8887690161291,-1398.4781999646373,277.3419998743923,1.8588519867096707,2.4878665008240066,2.6910434388868105,-621.6301913525208,-1313.9921336344148,46.713493661133164,-0.22507472351747432,0.029417876196236134,-0.17145857648587953,-476.32162525023614,-1255.1419837315234,455.7844085818028,-0.5457214082177905,1.3065734993943519,0.22354882301104587,-106.1137092672771,-1434.314970181374,289.6455156037268,0.15427619757647976,0.19344215341306095,1.8369989392744628,-196.6972344990422,-1237.4036135486065,307.8528244746729,-0.29953937611808396,0.2281100008388157,-0.2907245121740115,-190.08836615355287,-1285.1094075596868,424.51909833006044,-0.34784994303254774,0.04437575315349707,-0.17231709848979082,-345.17373888856116,-1252.0605918238878,117.93302036788006
967,0,-0.1914175458038278,0.061481057182347226,-0.08451252799460454,-351.23812350042556,-1252.3952682565846,453.9621295805501,-0.24194536679699996,0.03859351051037578,0.059135796249088886,-368.2536601567545,-1458.1076484899388,777.0136475258273,-0.6831459065932619,-1.2146020032270968,-0.7581267807873971,-593.9194874370772,-1403.5055084971214,277.118712254081,1.858648829164293,2.4794664086427556,2.694564017571335,-621.9559336818229,-1318.426225695031,46.63147386176281,-0.22602445001390603,0.027198815367128353,-0.1713708862112667,-477.64638672972825,-1260.241394487592,455.8854704414676,-0.5438817301891262,1.3064194818805674,0.2230026963963305,-107.11656255686046,-1439.3820397829115,290.1917014410403,0.15735835841638726,0.19246576638247645,1.8355943017526535,-197.55550826575066,-1242.412068360956,308.49943875160557,-0.2973407362821392,0.22618902841550395,-0.291334466478116,-191.33403383143957,-1290.1737159919603,425.0998188399446,-0.3463516483800854,0.04261063905755881,-0.173451946312385,-345.8510079064285,-1256.6728703515907,118.250313144377
968,0,-0.1905234197061254,0.05966654091912805,-0.08479192886929114,-352.63706144304723,-1257.5173294716828,454.16013864715944,-0.24104999971302127,0.038302394258130056,0.061225079015560596,-369.73406847356455,-1463.6367111665174,776.9714517970826,-0.6815689358012686,-1.2145409260225275,-0.7586966687046379,-595.0450484411156,-1408.5541959054924,276.7965344293061,1.857529247529964,2.471638135462671,2.6986616713666267,-622.373231566416,-1322.8619743246404,46.47363595909269,-0.22720498017987287,0.024945964397452048,-0.1714496006605056,-479.06344094802984,-1265.3481023238635,455.85028195568106,-0.5421787308833443,1.3062513318214684,0.22251070997386263,-108.18633666144463,-1444.4758729935977,290.68229946209186,0.1607088397673385,0.1916092597111978,1.8339016161713977,-198.44765765383687,-1247.4509650125178,309.07366478405254,-0.2955139280301876,0.22416284817563886,-0.29192745309786483,-192.67164226209326,-1295.2617417873178,425.57743910951655,-0.3450479008748068,0.04072617423434983,-0.17446173351699748,-346.5972931855973,-1261.3917926186575,118.4412943529963
969,0,-0.1899612543018404,0.05777173365675525,-0.08512685296081768,-354.13239885571477,-1262.6497143723586,454.213584747562,-0.24002787652377566,0.037992576346367046,0.06318494013969131,-371.3428794922627,-1469.1282892753238,776.7962053364731,-0.6801002944260052,-1.2145741060588038,-0.7593617595467426,-596.263735055828,-1413.617844815791,276.36081576877837,1.855503139179964,2.4643088524941184,2.7033328558989127,-622.8787117581359,-1327.2939837532053,46.225365261288786,-0.22861600789983788,0.022668477380140065,-0.17169544776771314,-480.57481261394224,-1270.4655806128235,455.6617836421106,-0.5406593068630012,1.3060615897469217,0.2220594481578558,-109.32895054345771,-1449.6026051383378,291.10227509627833,0.16420843151089495,0.19086157767592468,1.8319037557119036,-199.37236513460977,-1252.5241847443167,309.55347620340706,-0.2941255368434775,0.22205371482233205,-0.2924952947761462,-194.10377751943307,-1300.3741549178876,425.9343162388237,-0.34399954151205503,0.038704932076301324,-0.17532253915588383,-347.41369896591186,-1266.2313556028614,118.48904476667037
970,0,-0.18975282859653014,0.055795809628775665,-0.08550204452946766,-355.7259840913182,-1267.7937774339216,454.1071261441232,-0.2388705959603562,0.03769074195884567,0.06499085673277699,-373.08024164173827,-1474.5759989664402,776.4770823688413,-0.6787796889084912,-1.21469313059442,-0.7601992715892472,-597.5732320597118,-1418.6899190749323,275.7987067598818,1.8525787527138138,2.457420739061261,2.7085549827344377,-623.468475413806,-1331.7179683210913,45.873119922595926,-0.23025641199412322,0.02037339877631877,-0.17210640190887494,-482.18203614584337,-1275.5968365023562,455.3051894849611,-0.5393684290566441,1.305842448871956,0.22162509190804766,-110.55051505408066,-1454.769309075455,291.43865868784167,0.1677237199207715,0.1902131468148375,1.8295867052658712,-200.32890097696438,-1257.6360766728023,309.9174706291274,-0.29323522823262366,0.21988388896997885,-0.2930329589213337,-195.63255214365506,-1305.5113999997925,426.15492270260273,-0.34326958013595327,0.03653054662429596,-0.17601645426144452,-348.300744882305,-1271.2044816654993,118.37903903403698
971,0,-0.18991601156882823,0.053738056374516924,-0.08590192675140895,-357.4189365652674,-1272.950598519482,453.82827795996093,-0.23757538955180155,0.037423790690060674,0.06662119764403115,-374.945545888668,-1479.9731522292398,776.0064823975854,-0.6776429154705659,-1.2148907264236206,-0.7612809235319942,-598.9706389555074,-1423.764099420559,275.0998082996006,1.8487627839388618,2.4509325101158046,2.714287910300909,-624.1381546342217,-1336.130921018353,45.40511083334369,-0.23212406604309563,0.018065557033079375,-0.17267748694589083,-483.8860095679825,-1280.7442972211702,454.7686380925078,-0.5383485100403288,1.3055854489914704,0.22117451063830706,-111.85698573356318,-1459.9836179039632,291.68113937830225,0.17111118802746178,0.18965673863933583,1.8269406375752235,-201.3171568804521,-1262.7912271465218,310.1456476989639,-0.292894384020048,0.2176750780155687,-0.2935383164197355,-197.25944537597314,-1310.6736167582978,426.22648103198094,-0.34292105904293313,0.034188417766228364,-0.1765318095155221,-349.2583193272699,-1276.3226555994866,118.0997711455217
972,0,-0.19046431460707525,0.05159802743743681,-0.08631078875745873,-359.2114990647687,-1278.1209024497357,453.3679850270387,-0.23614545194199416,0.03721754322805832,0.06805809470774553,-376.9373423238033,-1485.3129133345042,775.3804794503907,-0.676720200716657,-1.215161369651499,-0.7626698036075932,-600.452487332172,-1428.8345957721967,274.2567580953807,1.8440610853956398,2.444819957478439,2.7204758517180565,-624.8829742517214,-1340.5312397313244,44.811937397097154,-0.2342156144854975,0.01574759264757331,-0.17340073001531003,-485.6868479956343,-1285.9097095853256,454.0437724237504,-0.5376387438673549,1.30528128642718,0.22066674135552639,-113.25381430393803,-1465.2533151689865,291.8225707728961,0.17422161314349324,0.18918818506648144,1.8239609297695307,-202.33765264892213,-1267.9942075178362,310.2201634180585,-0.2931449319632435,0.21544791823246695,-0.2940118324965363,-198.9851445469547,-1315.8605660240814,426.13952565101766,-0.34301479781868266,0.03166639317305937,-0.17686323737044923,-350.28563964162214,-1281.595577048148,117.64330280117109
973,0,-0.19140648566787,0.049375702094229715,-0.08671299866817474,-361.1028992500462,-1283.3049852366505,452.7211048623374,-0.2345901159754026,0.03709546069446448,0.06928821105727229,-379.05325648959155,-1490.5884686463166,774.5991681177716,-0.6760348667416184,-1.2155018284410004,-0.7644175498992143,-602.0147621725542,-1433.896423762103,273.26573232219505,1.8384799652980541,2.4390754902837553,2.7270496336664407,-625.6978179383113,-1344.9188077370027,44.08715621374876,-0.23652623587069999,0.013420116307454554,-0.17426527518579696,-487.58374295602334,-1291.0940561004447,453.12622756223686,-0.5372744192649591,1.304919766414969,0.2200548019499343,-114.74561238794237,-1470.5859097694838,291.859370622033,0.17690462541605498,0.18880692686904443,1.8206490808475417,-203.39151366371573,-1273.2493108045187,310.12603686407607,-0.2940183875531502,0.21322150885295263,-0.29445620917538334,-200.80939398887017,-1321.071564402119,425.88837318203383,-0.3436070985831519,0.02895540439925294,-0.17701158154920252,-351.38122027452215,-1287.0308379891942,117.00571574414862
974,0,-0.1927461597244396,0.04707164341247416,-0.08709324220590921,-363.0912265048649,-1288.5026498658192,451.88678295439377,-0.23292486108700625,0.0370774331570763,0.07030337111410415,-381.28990950603463,-1495.793204774692,773.6668923373636,-0.6756023725044348,-1.2159116146528905,-0.7665619404291948,-603.6529270885093,-1438.945635286433,272.1268426688157,1.8320280003867615,2.433706719883798,2.733929232459282,-626.5772975429218,-1349.2950263877362,43.22776100734298,-0.23904941238957228,0.011081985234274724,-0.17525765189476317,-489.57483409752115,-1296.2974904514892,452.0160077817078,-0.537286213799092,1.3044899110949713,0.21928777321357282,-116.33584026301433,-1475.988212979499,291.79180003790776,0.17901330315529462,0.18851638143159816,1.817013486704225,-204.4804182467702,-1278.5602880556567,309.8517862541004,-0.29553512539922355,0.21101300806564438,-0.29487599859851066,-202.73085801499354,-1326.3054305166647,425.47148484289096,-0.34474749544433714,0.0260500348751509,-0.17698366955511305,-352.542850130211,-1292.6336350018694,116.18745113890755
975,0,-0.19448158151549685,0.04468714620864759,-0.08743678597664935,-365.1733302261428,-1293.7131541676704,450.8687049030106,-0.2311711459062078,0.03717869168307328,0.07110102198465426,-383.64284669552336,-1500.9208896175364,772.5923456808023,-0.6754297610679912,-1.2163933217296945,-0.7691249747944694,-605.3619539235946,-1443.979495321743,270.84441173784234,1.824718239663426,2.4287341967901472,2.7410265036117774,-627.5158244779725,-1353.662799378939,42.23455417147066,-0.24177672119900026,0.008730680004778632,-0.17636217959798559,-491.65709981916615,-1301.5192944834057,450.7177366575989,-0.5376994838170831,1.303980222337461,0.21831307326971183,-118.02653229133415,-1481.4659345294335,291.62411148006703,0.18040869250324995,0.18832412193835982,1.813070027156641,-205.60651539115366,-1283.9300951869138,309.38997296879785,-0.29770389620715554,0.2088373002934821,-0.2952772055231226,-204.747004395377,-1331.5604454105062,424.89170720281476,-0.3464766328338737,0.02294899830369969,-0.17679196491700355,-353.7675803104181,-1298.40652577799,115.1935215977775
976,0,-0.1966054176505614,0.04222436723354112,-0.08772976369481486,-367.3447452815542,-1298.9351729310426,449.67521298044494,-0.22935605874404064,0.037408893829276806,0.07168450245395841,-386.1064797904497,-1505.9658505858968,771.3885352882291,-0.6755155205223413,-1.2169528285442164,-0.7721115100409309,-607.1363576020559,-1448.9965998506077,269.4271133487641,1.8165706363967897,2.4241884643853253,2.748248012436862,-628.5076819574608,-1358.026469418767,41.11239312056931,-0.2446976594112303,0.006362759637812133,-0.17756148019560866,-493.82627296786666,-1306.7578581045454,449.2407672790052,-0.5385335723193606,1.3033790849522509,0.21707883869283104,-119.81806912923099,-1487.0233136470035,291.3645587577843,0.18096414846987074,0.188241866043274,1.8088424204273084,-206.77231469947748,-1289.3606606360245,308.73763424071905,-0.3005216033305541,0.20670674299520847,-0.2956668957058687,-206.85401436297082,-1336.8343292682316,424.1563805421837,-0.3488243551356682,0.01965550748887021,-0.17645411572297046,-355.0517233588258,-1304.349238738984,114.03358463928568
977,0,-0.1991046754858914,0.03968643081982205,-0.08795948243372965,-369.5996497131009,-1304.166775996953,448.3192784477916,-0.22751178292591612,0.037771425966451354,0.07206310316824219,-388.67404789564796,-1510.9231442263085,770.0726054927925,-0.6758498456046899,-1.21759935242673,-0.7755084926536396,-608.9702374495517,-1453.9969322945535,267.8879684776383,1.807614517712814,2.420106635185051,2.7554978698746084,-629.5470969311596,-1362.3917094169349,39.870298246450275,-0.2477995122506946,0.003974369006503749,-0.17883706509446315,-496.07678703519326,-1312.0106829276988,447.5991436521296,-0.539801163985914,1.3026752829137054,0.21553631886744704,-121.70900499410952,-1492.6627994360529,291.0252665133954,0.18056940057674237,0.1882852781253642,1.804362305421115,-207.98055164563544,-1294.8526834219422,307.8965878030708,-0.3039733495863751,0.20463099886108982,-0.2960528246649647,-209.04672451772504,-1342.124236139081,423.277307477234,-0.35180808518132994,0.01617751594296463,-0.1759924149975522,-356.3908649273185,-1310.4585436387376,112.72187026309231
978,0,-0.2019607453058238,0.03707750413679585,-0.08811474444248746,-371.93085885054654,-1309.4054236332338,446.8183254111803,-0.2256748779634062,0.03826295774447676,0.0722519097083113,-391.33760215275936,-1515.7887115581657,768.665521488442,-0.6764152676456422,-1.2183453395269521,-0.7792848072175746,-610.8573263750195,-1458.9818582272353,266.2441921843723,1.7978908878047644,2.416528711891177,2.762680482250609,-630.6283106450223,-1366.7653713792527,38.52141363545838,-0.25106727258535705,0.0015617693492866935,-0.18016996325846,-498.40175732797724,-1317.274409860916,445.8114090638591,-0.5415077224810245,1.3018585899076625,0.2136421849271711,-123.69595624006196,-1498.3847930675151,290.62196105074656,0.17913424969242384,0.18847359521943344,1.799669021337365,-209.23403240818092,-1300.4054700803595,306.8735949332374,-0.3080327599191905,0.20261695560846005,-0.2964430985224007,-211.31860508050926,-1347.426767750458,422.27057847332617,-0.35543156185428365,0.012527817716857858,-0.17543318711442013,-357.7798885339429,-1316.7281896505078,111.27695988457911
979,0,-0.20514957969072242,0.03440283721987948,-0.08818617822783392,-374.32985885966093,-1314.6479800326676,445.1939069872891,-0.223885382561552,0.03887327475173764,0.07227142880800894,-394.0880185100403,-1520.5595137438863,767.1916180299385,-0.6771876033459585,-1.219206187107134,-0.783391741952505,-612.7910491987521,-1463.954060296988,264.5168917770843,1.7874543645831804,2.4134938679131093,2.7697031338275835,-631.7456468756096,-1371.1552970146927,37.08281667581685,-0.25448361819071813,-0.000878139854066857,-0.18154135734254861,-500.79300046149353,-1322.544870238339,443.9002623819656,-0.5436510483897411,1.3009203872717658,0.21136065366514567,-125.77355534657168,-1504.1874620333774,290.17356897236937,0.17659180425530124,0.1888290922666881,1.7948090679652988,-210.5354634625781,-1306.016817516755,305.68037214568943,-0.3126625782370661,0.20066873134589433,-0.2968458753918543,-213.6617778099072,-1352.7380068263237,421.1562553834012,-0.3596839968440694,0.008723994687208506,-0.17480611309052047,-359.2130137946774,-1323.1489156734315,109.72141892564572
980,0,-0.20864201933514376,0.03166876428888214,-0.08816657051320809,-376.78688142624134,-1319.8907452887333,443.4712398819151,-0.22218575161788864,0.03958540527820291,0.07214700659753073,-396.91504214927954,-1525.2336432122922,765.6780230141622,-0.6781371592441754,-1.2201997998133005,-0.7877640528577271,-614.7645909951165,-1468.9174172401088,262.7306215294086,1.7763745711285996,2.411036879218756,2.776478331892988,-632.8935770468838,-1375.57009470239,35.575178084222834,-0.2580289492844238,-0.0033473401276583976,-0.1829331950582853,-503.24109424881055,-1327.817159478159,441.8920688421084,-0.5462209952968597,1.2998542588459485,0.20866533190103378,-127.93447223206017,-1510.0666342041447,289.7016948095215,0.17290116541650424,0.18937640700515562,1.7898352480066908,-211.88727182910424,-1311.6829471034112,304.3334463559847,-0.3178155273377048,0.1987877598202582,-0.29726911232110126,-216.06707555974288,-1358.0535695615001,419.95791907321814,-0.36453969714255546,0.004788204911330506,-0.17414350655415656,-360.6838482098336,-1329.7085354988228,108.08129071473357
981,0,-0.21240426827095407,0.02888266460454897,-0.08805118842779738,-379.29101980899355,-1325.1295056692848,441.6786089766085,-0.22061964678586027,0.0403760461409272,0.07190805615198559,-399.8073659915275,-1529.8104060585265,764.1539707363036,-0.6792301197191508,-1.2213459896166299,-0.7923215917287306,-616.7709755952187,-1473.876832577122,260.91280442135417,1.7647368420988285,2.409184870855794,2.782925852325449,-634.066781657121,-1380.0188880181115,34.022279486881594,-0.2616814833970469,-0.005846284661509691,-0.18432874347531808,-505.7354786276344,-1333.085731744561,439.81623758221133,-0.5491993762317076,1.2986565138417576,0.2055406983741053,-130.16950262372373,-1516.0157766454072,289.22999343017773,0.16804947310053703,0.19014174820571794,1.784805513197211,-213.29142235924158,-1317.3984933989302,302.8538535488632,-0.32343540997298087,0.19697294776855193,-0.29772035939010505,-218.52414395587851,-1363.3686760703365,418.702092311538,-0.3699581832422436,0.0007468105772216112,-0.17347955164866413,-362.1854522900605,-1336.3920981153117,106.38546480964378
982,0,-0.21639851400753168,0.02605288311299602,-0.08783807899748573,-381.8303849289702,-1330.3596014189418,439.8466589518299,-0.21923060886702683,0.04121628074739155,0.07158711967330147,-402.75274434533407,-1534.2903724329813,762.6500244497242,-0.6804300425283178,-1.2226657362918891,-0.7969714486674083,-618.8031534089886,-1478.838019958029,259.09303651902735,1.7526421591747037,2.4079545127637,2.78897442996341,-635.2602076833234,-1384.5110415629701,32.45040128253498,-0.26541739919282265,-0.008373584982629823,-0.18571305750864764,-508.26459670074667,-1338.3445136922162,437.7044837827934,-0.5525600839496142,1.2973265944982992,0.20198315691238025,-132.46772107859644,-1522.0260611089889,288.78345720242856,0.1620532297535425,0.19115201280700775,1.7797815553868337,-214.7492387641851,-1323.1565487469368,301.2666865873469,-0.32945841835224055,0.1952208962856922,-0.2982065993531724,-221.0215840573174,-1368.678236754972,417.4175541761341,-0.37588481377283367,-0.0033701504428636617,-0.17284951431504333,-363.7104175265778,-1343.182120881826,104.66493820093923
983,0,-0.2205836801432796,0.023188613222161286,-0.08752833097046828,-384.3922985515456,-1335.5760106760317,438.0075950976663,-0.21806064999172772,0.042072570030614334,0.07121879815770198,-405.73814124187646,-1538.6753926809288,761.1972323434679,-0.6816993868539273,-1.224180331751249,-0.8016105469659984,-620.8540965630127,-1483.8072531171488,257.3022945837128,1.7402062930544704,2.407349772681269,2.7945630465988507,-636.4691217681585,-1389.0558704534121,30.88759887764131,-0.2692110171463112,-0.010925809851437224,-0.18707334086639293,-510.81607333791044,-1343.5870350088812,435.58999852330425,-0.5562694381039056,1.295867333262599,0.19800161407454583,-134.8166941615149,-1528.0865148754858,288.38764151560594,0.15495882672570038,0.19243383777837306,1.77482719763718,-216.26123532555656,-1328.9487627833514,299.60050348962505,-0.33581461092146453,0.19352617882512058,-0.298734128176304,-223.5471332080678,-1373.976951669417,416.13456701914396,-0.3822519063206998,-0.007529639363615071,-0.17228893931923966,-365.2509564458584,-1350.0588906472642,102.95199282264898
984,0,-0.22491629113529474,0.02029974609518753,-0.08712628251562252,-386.9635190130194,-1340.7734474041013,436.1943199871595,-0.21714881324055138,0.0429079840999847,0.07083858791530569,-408.7499114006286,-1542.9685781643748,759.8262449196329,-0.6830010035664609,-1.2259104372748915,-0.8061286175229366,-622.9168981404978,-1488.7910890833125,255.57207208171292,1.7275581923475487,2.4073603095209606,2.7996417834259453,-637.6891589143122,-1393.6623405703215,29.362890329865603,-0.2730350043456661,-0.013497403678705168,-0.18839918644402767,-513.3769271871186,-1348.8065730214976,433.506554131863,-0.5602867619079038,1.294285033156841,0.19361755479769827,-137.20274723887673,-1534.184252284829,288.0678552799712,0.14684221106346937,0.19401261132267242,1.770006645966229,-217.826966408609,-1334.7654936307767,297.8866129944318,-0.34242951050187465,0.19188166888202984,-0.2993084689662676,-226.0878796602397,-1379.2594191545245,414.884041293447,-0.38898032223425,-0.01169642086034366,-0.17183284678807803,-366.79900372800887,-1357.0008252532004,101.27931709516919
985,0,-0.22935142168136421,0.017396692680124608,-0.08663965759493848,-389.5304934083646,-1345.9464705425596,434.43953630440564,-0.2165297552805128,0.043683630492369716,0.07048166806847188,-411.7740101733772,-1547.1742469387639,758.5664247287501,-0.6842995248213201,-1.2278750876488276,-0.8104114709130148,-624.9848712055654,-1493.7960737752887,253.93347266582805,1.7148377107187267,2.4079605679992873,2.804172224183056,-638.9163661266305,-1398.3387674909952,27.90538281316984,-0.2768605938701316,-0.01608072431017741,-0.1896826916716717,-515.9338104530062,-1353.9963080224907,431.4875766042346,-0.5645651809540628,1.2925893543370697,0.18886461028590015,-139.61127635802785,-1540.3047789695295,287.84834532809884,0.13780764929398134,0.19591146533295017,1.7653826609688004,-219.4449009403053,-1340.5960053828355,296.15825929417167,-0.34922577613253974,0.19027890969064393,-0.299934309395456,-228.63050502922283,-1384.5202493584688,413.6966669853425,-0.3959814612602649,-0.015833973100467597,-0.1715149433491757,-368.3463270827202,-1363.9848853518915,99.67910253774959
986,0,-0.2338436969975739,0.014490186158289753,-0.08607961390481832,-392.0796287629877,-1351.0896009216603,432.774848518841,-0.2162324120822348,0.04436022495629851,0.0701816855825733,-414.796227302151,-1551.2978357196964,757.4449812219423,-0.6855625993872563,-1.2300906803404619,-0.8143444770745283,-627.0516424438226,-1498.8284394570926,252.4162930900763,1.7021927953086937,2.409109613580754,2.8081274168868213,-640.1472400846174,-1403.0925228543147,26.543368931074728,-0.28065781559730196,-0.018666194464446815,-0.19091845203802574,-518.4732694735749,-1359.1494852553715,429.5652192473131,-0.5690526268988026,1.2907929998083796,0.18378763411314886,-142.0270948000176,-1546.4323576362776,287.7515049449406,0.1279855704484919,0.19815026684751944,1.7610147048570788,-221.11232876659668,-1346.4287044921844,294.44973221345566,-0.3561248999225872,0.1887085164717243,-0.30061545132134965,-231.1615472920092,-1389.754177799012,412.60204273883693,-0.40315959117454037,-0.019905471989371714,-0.1713668636050719,-369.88464623377365,-1370.9870242587292,98.18214850343473
987,0,-0.238348305583204,0.011591073411400855,-0.08546068620449125,-394.5975735514329,-1356.1974419189255,431.229896996395,-0.21627880823957626,0.04489974331285843,0.06996958444735159,-417.80243795645947,-1555.3457808129622,756.4861638179756,-0.6867619305324406,-1.232569991058692,-0.8178161545952238,-629.1112347886716,-1503.8938037467253,251.04812909650934,1.6897762698941925,2.410751725134331,2.8114914226729613,-641.3787576320155,-1407.929757652204,25.303426440536292,-0.2843957428695725,-0.02124255627584494,-0.19210344307924287,-520.9820180017158,-1364.2595788297074,427.7694726935667,-0.5736930180942783,1.2889112044443705,0.17844132572018304,-144.4348021980069,-1552.5504213771621,287.7971367079976,0.11752950280623393,0.20074462120602285,1.7569571178839771,-222.8253051296028,-1352.2514059880082,292.79543261991984,-0.36304887862934726,0.18716059956610326,-0.30135476129465427,-233.66767591685482,-1394.9561739036835,411.6278347275066,-0.41041441968330833,-0.023874811341859925,-0.17141745720355978,-371.4057579484714,-1377.982661802388,96.81700853177671
988,0,-0.24282198332115415,0.008710104317339897,-0.08480061062039278,-397.07150010415063,-1361.2647994234146,429.83155732580536,-0.21668306714375732,0.04526708795713695,0.06987252377821467,-420.7788633291928,-1559.325371845023,755.710544915804,-0.6878740840211762,-1.2353212593314118,-0.820721763726775,-631.1581334376176,-1508.9968799694018,249.85353784901278,1.6777423386127732,2.4128177405962457,2.814258498128367,-642.6083977224908,-1412.8551524666736,24.20955603947668,-0.28804276572389037,-0.023797213004629614,-0.1932368074354387,-523.4472142353213,-1369.3204523924178,426.12734555250256,-0.5784275783015046,1.2869610443769743,0.17288846362308613,-146.81916270697985,-1558.6420180929517,288.00179819125975,0.10661215577256931,0.2037048957521357,1.753257380445471,-224.57863831173003,-1358.0516191669642,291.2289252653885,-0.3699218091179225,0.18562519477324052,-0.3021541120438124,-236.13596988055346,-1400.1215394997653,410.7989967180095,-0.41764380224550607,-0.027707615929964534,-0.1716921352380979,-372.9016645866449,-1384.9471669964921,95.60921048886202
989,0,-0.24722392720000425,0.0058577271094702186,-0.08412001817688121,-399.4893780489362,-1366.2867965110481,428.60323500408464,-0.21745067273012864,0.04543169974724509,0.06991292636429199,-423.7123321136437,-1563.2445831598,755.1344213844058,-0.6888810440493222,-1.2383473888719807,-0.8229667901880808,-633.1873302605094,-1514.141208627894,248.85328884579965,1.6662429182878384,2.4152271277798234,2.816431971970275,-643.8341535179079,-1417.8717047379391,23.282391248606046,-0.2915669047201087,-0.02631663601500376,-0.19431956851615123,-525.8567321296293,-1374.3265112729457,424.6621471175171,-0.5831962448740067,1.2849605984890689,0.16719783025061782,-149.16547771255537,-1564.690267836665,288.37825591092803,0.09542073700701002,0.20703527356485923,1.7499545230894409,-226.36592372001792,-1363.8168416002202,289.78201240398596,-0.37667135982546973,0.18409268564487655,-0.30301430747693026,-238.5541888671681,-1405.245992535909,410.1370804452455,-0.4247464716243802,-0.0313722029195241,-0.17221228751090656,-374.36470319589114,-1391.8563339549223,94.58057950933389
990,0,-0.25151659835562284,0.003043896727052505,-0.08344198937701491,-401.84022900206173,-1371.2589784316688,427.5642811864869,-0.21857802406699672,0.045369045521762935,0.07010769486625584,-426.5905335189942,-1567.1118885780631,754.7693581222869,-0.6897705043100422,-1.2416453068878364,-0.8244702017016213,-635.1943427632722,-1519.3289196149217,248.063731890696,1.6554238897027382,2.4178907277532162,2.8180228875210047,-645.054533618936,-1422.980562493761,22.538511994792536,-0.2949361791884711,-0.028786810210215452,-0.19535429519566025,-528.199417454374,-1379.2728410465097,423.39289886234036,-0.5879391113391037,1.2829280092786566,0.16144192324702672,-151.45993811174156,-1570.6788138856896,288.93506847832225,0.08415163286790225,0.2107328541181414,1.7470777544777016,-228.17962537030584,-1369.53484999897,288.4838612670419,-0.38323007712157736,0.18255420149476198,-0.3039349868729298,-240.91102792404573,-1410.3257319239483,409.65966140719127,-0.4316246745624695,-0.0348404495514931,-0.17299477968814772,-375.7876718185522,-1398.686835867979,93.74868789975412
991,0,-0.255666377315604,0.0002779011641163659,-0.08279146612495078,-404.11435323281404,-1376.177404136822,426.72954918068245,-0.22005231214860638,0.045061913746419116,0.07046762757927925,-429.4022521847746,-1570.9360657952689,754.6218909775112,-0.6905358896762059,-1.2452055231728258,-0.825167357559407,-637.1752054182526,-1524.5605344705466,247.4963057853588,1.6454213482315794,2.4207140917728367,2.8190484888483325,-646.2685518605543,-1428.1809124943452,21.989889356915477,-0.2981190398594188,-0.031193689560088812,-0.19634474248154313,-530.4653194583105,-1384.1553279449233,422.33389527109364,-0.5925978478417155,1.2808805042734894,0.15569455367292637,-153.68994142503558,-1576.5922482570486,289.676314670026,0.07300461627632666,0.21478683081017738,1.7446453837513347,-230.01120309591266,-1375.1939766449548,287.36021662672664,-0.38953649421064346,0.18100197465356235,-0.3049145074860187,-243.1963463120182,-1415.357480293884,409.37989977265784,-0.43818660900704964,-0.03808853065921708,-0.17405153673731982,-377.16394946054487,-1405.416643038813,93.12644997425113
992,0,-0.2596440396927493,-0.0024317915482061033,-0.08219452260781196,-406.30351993624134,-1381.0387215510464,426.10910427101913,-0.2218517344041994,0.04450145621338158,0.07099705943792291,-432.13757550073444,-1574.7259969850688,754.6933992728907,-0.6911761113899174,-1.2490119228549228,-0.8250124548967784,-639.1264331496363,-1529.8348174198607,247.1572052978828,1.6363579346796426,2.4236013043521227,2.8195306308925305,-647.4757056021556,-1433.469928575937,21.643483315841646,-0.30108486855511823,-0.03352363733362296,-0.197295491201749,-532.6458898245282,-1388.9707571982551,421.49442733122766,-0.5971170467828862,1.278833447213908,0.15002843164499577,-155.84436002945876,-1582.416493290852,290.60147627596547,0.06217677939621037,0.21917778983366726,1.7426641141738377,-231.85128119346203,-1380.7833606633142,286.4327261616168,-0.3955360197969085,0.1794296412185925,-0.3059498085982075,-245.4013622032044,-1420.3385026048948,409.3062498402304,-0.4443485712011377,-0.04109749772510136,-0.17538921639505772,-378.4876061343697,-1412.025392875031,92.72187287356196
993,0,-0.26342502883656327,-0.005077665614737807,-0.08167750286034908,-408.4011140416842,-1385.8402248582008,425.7080920804907,-0.2239460469639265,0.043687922338962966,0.07169374672046676,-434.78806448336996,-1578.490472160198,754.980151001908,-0.6916950657320234,-1.25304181544526,-0.8239804047985578,-641.044958858949,-1535.1486830255465,247.04721724972106,1.628339337652142,2.4264591536132736,2.8194941929790325,-648.6759428664279,-1438.8427833800868,21.501008716053164,-0.3038045380318481,-0.03576383219947057,-0.19821160521686668,-534.7341417448911,-1393.716886156569,420.8786743802381,-0.6014454486397219,1.276799486655867,0.1445128374076884,-157.91374871256065,-1588.1391228737587,291.70547924964296,0.0518564167459375,0.22387718659188977,1.7411287755711042,-233.68985194694676,-1386.2931643679199,285.71840129145,-0.4011815942954666,0.17783247135507843,-0.30703626391857847,-247.51880618870243,-1425.2665998491138,409.4423250332145,-0.45003674344564104,-0.04385368041138088,-0.17700897410520414,-379.7534995358305,-1418.494702207078,92.5379674657721
994,0,-0.26698951316353653,-0.007653271069328595,-0.081266039464588,-410.40223413049307,-1390.5798929841199,425.52676377955646,-0.2262974379106193,0.04263104402289971,0.07254900570114371,-437.34688052779103,-1582.238001526848,755.4735167806411,-0.6921008936878397,-1.257266247735941,-0.8220680468748951,-642.9280488636675,-1540.4971669601312,247.16172984017481,1.6214510778430447,2.4292014751898208,2.818965571323776,-649.8696189947735,-1444.2927239589749,21.558877591921334,-0.30625101548428507,-0.03790262924329059,-0.19909831736883557,-536.724763355323,-1398.3924898721423,420.4857625914082,-0.6055370119223672,1.2747878584675512,0.13921147269001558,-159.89048253955087,-1593.749609789132,292.97889003775504,0.04221710342610457,0.22884706222673132,1.7400225433402925,-235.51650574305972,-1391.7147462760072,285.22923001626435,-0.4064341124593627,0.17620751819310124,-0.30816753280084663,-249.54302818902943,-1430.1400784131117,409.78691919132433,-0.45518857750481867,-0.046348900836447736,-0.17890631934922854,-380.957355235803,-1424.8084151803012,92.57281698736664
995,0,-0.270322229047398,-0.010153322021616581,-0.08098397504240495,-412.3037379634107,-1395.2564091070233,425.56065045546137,-0.2288616874179736,0.04135004260630525,0.07354810632240606,-439.80886202243016,-1585.9766424860186,756.1603418966708,-0.6924050276677391,-1.2616505712326263,-0.8192946315885136,-644.7732017933602,-1545.8734645461152,247.4909129668596,1.615755707891146,2.43175346201759,2.817971319462667,-651.0574437216753,-1449.8112092418844,21.808319040613743,-0.30839998593424833,-0.039929872167781974,-0.19996074594561478,-538.6141814746588,-1402.9973776485297,420.30998175163904,-0.6093517999898965,1.2728038816470348,0.13418058302575772,-161.76881960113084,-1599.2394893888957,294.4082573730345,0.033412218849268836,0.23404006267237656,1.7393176646493325,-237.32067840627502,-1397.040784225851,284.9719517131458,-0.4112626210035084,0.17455367856671766,-0.30933542360967825,-251.47005424765717,-1434.9576969419538,410.3341790405762,-0.45975375288491344,-0.048580499827092435,-0.18107106280861335,-382.09582774137544,-1430.9527830228917,92.81979537795279
996,0,-0.273412123843208,-0.012573782911629246,-0.08085221587977848,-414.1042342227597,-1399.8691614556922,425.80087390163476,-0.2315895644839324,0.03987324468948421,0.07467091183764851,-442.1705469107616,-1589.7138461353472,757.0234593104367,-0.6926210608080835,-1.2661552398271294,-0.8157015242379696,-646.5780376861295,-1551.269039256009,248.02006137156656,1.6112905781768767,2.434055710515093,2.8165369955804564,-652.2404197662595,-1455.3881051747585,22.235671167978033,-0.3102304672087018,-0.0418371582822558,-0.20080363346032065,-540.4005735781526,-1407.5323798355469,420.3411463696931,-0.61285666625531,1.2708486683881786,0.12946743332720445,-163.54488735776948,-1604.6024340413412,295.97658370919237,0.025570155906066493,0.23939981539123598,1.7389766823045518,-239.09190596101823,-1402.2653443565737,284.94799742687957,-0.41564430648071404,0.17287166398098922,-0.31052978438221585,-253.2975917640481,-1439.7185937253437,411.07391717862237,-0.46369471165881465,-0.050551182837414846,-0.18348735422920204,-383.1665403708264,-1436.9165749956571,93.26792225815018
997,0,-0.27625182661678177,-0.014911944948261539,-0.08088755526308011,-415.80402125345256,-1404.4182259357726,426.23457686548437,-0.2344283968505075,0.038237310211128125,0.0758927444229757,-444.43013968770566,-1593.4563271645914,758.0423205197305,-0.6927634842102104,-1.2707368034410473,-0.8113511124907091,-648.3401846728653,-1556.6738003339938,248.7300868853002,1.6080663147122751,2.4360677755083584,2.814686262348879,-653.4197742040348,-1461.0119314296244,22.82283332398794,-0.31172538533653993,-0.04361806056784409,-0.20163109202619958,-542.0838280810623,-1411.9993049104294,420.56508251562667,-0.6160257289227425,1.2689190525916583,0.12510920320758886,-165.21659570322052,-1609.834237360777,297.66390521042337,0.018790428270837743,0.24486170424208287,1.7389541168915172,-240.82007720939765,-1407.3838944483994,285.15359331662427,-0.41956429240147913,0.1711638855011476,-0.3117384365402145,-255.02498389703007,-1444.4221986406699,411.9920498171863,-0.46698679075724064,-0.05226870099992474,-0.18613381186159433,-384.168102550894,-1442.6911225670253,93.90233714510927
998,0,-0.27883698535071044,-0.01716649281334483,-0.0811015128492532,-417.40497574556053,-1408.9043313081281,426.84545239444367,-0.2373237419715695,0.03648609399397367,0.07718544541913819,-446.5874238765696,-1597.2099599768208,759.1937163161637,-0.69284634705762,-1.275349058640621,-0.8063249308080627,-650.0571707294582,-1562.0763453011264,249.5981409115408,1.6060661216848091,2.437771034169687,2.8124402687882504,-654.5968839936876,-1466.6701517320719,23.547860948849138,-0.31287207736383443,-0.04526831047863351,-0.20244633879391188,-543.6654550862288,-1416.400867733233,420.96421802410094,-0.6188406365497383,1.2670077283164094,0.12113234544062554,-166.78348415397568,-1614.9327118212655,299.44795503632355,0.013140846361091736,0.2503540609928623,1.7391985397256422,-242.4956751721934,-1412.3932630906838,285.58001964913154,-0.4230152668549493,0.16943426090144453,-0.3129471667172288,-256.65311601849726,-1449.0681344845652,413.0711391663848,-0.4696179876902384,-0.05374538937647909,-0.1889837455198619,-385.10010383485445,-1448.2703011621786,94.70487188024873
999,0,-0.2811655176918577,-0.019337558878361572,-0.08149924526170273,-418.91039634695244,-1413.3288077563648,427.6143494775625,-0.24022108284074745,0.034669180235393046,0.07851858801486196,-448.64362358209434,-1600.979702760296,760.4525561482997,-0.6928819033122977,-1.27994431517564,-0.8007210501405791,-651.7263275829373,-1567.4642597052925,250.5983437955803,1.6052459633225953,2.4391707048605618,2.8098173262669586,-655.7731970615442,-1472.3494979901873,24.385680110654636,-0.313662688939942,-0.04678594122357238,-0.20325141303268887,-545.1484516031899,-1420.7405908391902,421.51825081590454,-0.6212906352079614,1.265103581802947,0.117552423993597,-168.24651433834393,-1619.8975077546702,301.3048817924566,0.008655879420207343,0.2557997642309332,1.7396549439198843,-244.10999943528947,-1417.2915490818373,286.2140129201291,-0.4259969642227555,0.1676879561832043,-0.31413978966969514,-258.18427907260275,-1453.6561130549335,414.2910170411215,-0.4715884059363639,-0.05499758929639985,-0.19200547619483227,-385.9630846154887,-1453.650455615767,95.654697540323
1000,0,-0.2832368269862084,-0.021426758742101232,-0.08207859121820117,-420.3248090290732,-1417.693519750692,428.51993083538486,-0.24306747268572032,0.032840146968714616,0.07986079089894872,-450.60122010021155,-1604.769550125638,761.7926733372866,-0.6928793157163963,-1.2844747352620238,-0.7946508188946808,-653.3447130699853,-1572.824463462034,251.70259416504103,1.605535613337017,2.4402969185481456,2.8068328737439874,-656.9501502790094,-1478.0363167114344,25.308894556594673,-0.31409443819255595,-0.048171385646669215,-0.20404688039322383,-546.5371268443942,-1425.0226816572792,422.2048682468254,-0.6233724557284623,1.2631921961420696,0.1143744214465926,-169.60782186557793,-1624.7298656773023,303.2099935736462,0.005336262717042885,0.2611182058306142,1.7402673001726483,-245.65536264484524,-1422.0779880950022,287.03829422428987,-0.42851552765332557,0.1659310768881456,-0.31529829169036194,-259.62199635596005,-1458.1858315918184,415.62946419098955,-0.4729094317890409,-0.05604498432477947,-0.19516275545290504,-386.758484143563,-1458.8302766944637,96.72902045355379
1001,0,-0.2850510366696847,-0.02343719856401997,-0.08282932001057838,-421.65374253526363,-1422.0007842214702,429.53935846751557,-0.24581305639322926,0.031054632936072437,0.08118107463368604,-452.4637316472428,-1608.5825138429136,763.1876237938064,-0.6928434915766878,-1.2888936994917684,-0.788235078488924,-654.9090571548678,-1578.1435907528669,252.88142890585974,1.6068405022682117,2.4412047903830185,2.80349971221866,-658.1290855509835,-1483.7169250157303,26.288655067222255,-0.31416972571536195,-0.04942751855998943,-0.20483154327361464,-547.8368945639164,-1429.2518894857385,423.0004897126668,-0.6250900448420194,1.2612565038294032,0.1115934821703503,-170.8704434604425,-1629.4323171146905,305.13849802234887,0.003149850272092022,0.26622755582169727,1.7409811698666324,-247.12525570230423,-1426.7527857402733,288.03220293582507,-0.4305827823053698,0.16417032777968932,-0.3164030591142824,-260.97082148159114,-1462.656875157984,417.06291900664735,-0.47360269594334703,-0.05690987993385371,-0.1984152874922707,-387.4885670490511,-1463.810636785657,97.90380137837604
1002,0,-0.2866082950946948,-0.02537344294622596,-0.08373265231363988,-422.9034832796763,-1426.2532753426474,430.6489832611106,-0.2484124038945526,0.02936829112526276,0.08245019887190584,-454.235465931528,-1612.4206302012492,764.6114479972861,-0.6927741235131074,-1.293157150834613,-0.7816000095449863,-656.4157354904908,-1583.4083887886393,254.1049032532766,1.6090442543286203,2.44197348355789,2.799828476034786,-659.3111651602034,-1489.3779631301454,27.295559196459905,-0.31389608172283745,-0.050559633188313066,-0.20560218441465414,-549.0540404895995,-1433.433346806914,423.88100525402126,-0.6264541666625484,1.259277558207905,0.10919603867810722,-172.03803584054432,-1634.0083513650598,307.06621018458065,0.0020336587234864724,0.27104723242450696,1.7417462424172494,-248.51447755839158,-1431.3169275755854,289.17241130894655,-0.43221545172827625,0.1624126620880009,-0.317433190928359,-262.23611607470974,-1467.0686302542376,418.56718954527236,-0.4736988715631026,-0.057616455748870095,-0.20171935584552844,-388.1563300966775,-1468.5943931415766,99.15447238004731
1003,0,-0.2879082003164399,-0.027241433320294006,-0.08476111489902899,-424.08081951941693,-1430.4539178021512,431.8250163661873,-0.2508256019793843,0.027834719841273683,0.08364191838331933,-455.921256426463,-1616.284991617034,766.0393695191905,-0.6926650008932822,-1.2972248679352016,-0.7748727887580128,-657.8607729086542,-1588.6061198036673,255.3434605150556,1.6120117883129086,2.4427042959706586,2.795828299599081,-660.4972875600849,-1495.0067305427933,28.300549095326094,-0.313285953813741,-0.05157534542046577,-0.20635337309391472,-550.1954736105513,-1437.5724000597245,424.8224845420412,-0.627481901063538,1.2572353910247278,0.10716125431507506,-173.11460221015102,-1638.4620668084976,308.970202552515,0.001896998826271623,0.2755004677760642,1.7425186671115829,-249.8192268332723,-1435.7719773109422,290.4336930220466,-0.43343434994380964,0.16066494281298438,-0.3183668889462376,-263.42381606026873,-1471.4202144279232,420.1181441251779,-0.4732363570273475,-0.058190016831008405,-0.20502855539421533,-388.7653913980344,-1473.1861670104008,100.45662738023186
1004,0,-0.2889493897127948,-0.029048350745929003,-0.08587877592401119,-425.19278447128613,-1434.6057712490824,433.04416199268104,-0.2530190661984175,0.026503462301670586,0.08473409926695415,-457.52619373748206,-1620.1757993824865,767.4484079197026,-0.6925036442508112,-1.301061621286097,-0.7681772491115132,-659.2398776073843,-1593.7249504000836,256.56876211395127,1.6155928577680638,2.4435178330957723,2.791507632226007,-661.6880049824689,-1500.5914937865584,29.27577599956358,-0.3123563508414252,-0.05248442560746904,-0.20707736076855482,-551.2684703391357,-1441.6744353190038,425.8018332443357,-0.628196063675351,1.2551099214163697,0.10546270559821677,-174.10424057038276,-1642.7978253991791,310.8293753812039,0.0026255482441270585,0.27951685230961293,1.7432630615517464,-251.0371537178327,-1440.1198744387575,291.78971722455844,-0.43426357940991794,0.15893363780157374,-0.3191819142416935,-264.54019526265427,-1475.710425853672,421.6923579333223,-0.4722598868713194,-0.05865626729821865,-0.2082946284785374,-389.31986476854706,-1477.59210666803,101.78666464570138
1005,0,-0.2897293311077626,-0.03080242210279444,-0.08704188714913749,-426.2464073742444,-1438.7119094559291,434.2841937160515,-0.25496605245121273,0.025418159263106244,0.0857096436661431,-459.0553633517357,-1624.0924339049768,768.8178890298518,-0.6922712970008972,-1.3046381703307692,-0.7616297364282878,-660.5485051306491,-1598.7543127873325,257.75445082473976,1.6196259164420739,2.4445503587818203,2.7868751507622584,-662.8834444807718,-1506.1217549599294,30.1954020213362,-0.31112836908595654,-0.053298563353986084,-0.20776408698277243,-552.280420390364,-1445.7447044448563,426.79737718859525,-0.6286245690409198,1.2528818822347194,0.10407022168836023,-175.01092551167255,-1647.019927952882,312.62492996101474,0.004086183521011568,0.28303474122337163,1.7439540979894304,-252.167371695918,-1444.3627418867766,293.2138394464064,-0.43472976052883805,0.15722456722566447,-0.3198560950170752,-265.59163450414974,-1479.9377158687334,423.2676960179001,-0.4708191092832735,-0.05904062603273389,-0.2114684010761864,-389.8242223730136,-1481.8196418678256,103.12236248046112
1006,0,-0.2902443392278939,-0.03251267313331985,-0.08819993602338715,-427.2484804459321,-1442.7752984220397,435.5244592601952,-0.25664686620893035,0.0246149275790462,0.08655718154825905,-460.5136003389505,-1628.0335384496664,770.1298410973346,-0.6919432881012564,-1.3079320656917015,-0.7553353436214789,-661.7819495983891,-1603.6852235290478,258.8768232000241,1.6239422089378361,2.4459494400335307,2.7819407182322724,-664.0832343101002,-1511.588471576123,31.036313008199052,-0.3096266353493899,-0.054031075126289456,-0.20840130788847894,-553.2385826954684,-1449.788157167737,427.7893587487102,-0.6287997541491672,1.2505337322368997,0.102951796323183,-175.83833202891256,-1651.1323259108474,314.34073275242736,0.006132361992284464,0.2860034133725236,1.7445775931652274,-253.21042963367395,-1448.5027131410707,294.6798617475703,-0.43486131263310773,0.15554271717190998,-0.3203678688937477,-266.5844035362197,-1484.1001862850892,424.82381653254197,-0.4689671635094768,-0.059367600589281116,-0.21450081076130342,-390.28314923782807,-1485.8772366134829,104.44337292042617
1007,0,-0.29048982404009677,-0.03418863498833667,-0.08929708552856704,-428.2053483770018,-1446.798678082611,436.74630199047823,-0.2580487839231503,0.024121023144689627,0.08727150097881042,-461.9052703060794,-1631.997112260409,771.3692707202027,-0.6914897575744902,-1.3109282285126715,-0.7493846816030594,-662.9354581433114,-1608.5105470790138,259.91539115506157,1.628369999259261,2.447869022237176,2.7767163355158595,-665.2864378060701,-1516.9842202049197,31.778720286190154,-0.3078787065503064,-0.054696567492772685,-0.20897485006701916,-554.149858837731,-1453.8092843612471,428.7603342194176,-0.628757674502284,1.248050525826529,0.10207548866236085,-176.58970646869605,-1655.1383825937512,315.96356378198317,0.008609827600895166,0.28838488452318745,1.7451310542498188,-254.1682458127379,-1452.541786746271,296.16273654509996,-0.43468780038025623,0.15389212721061782,-0.3206968414442923,-267.5244620354827,-1488.1956120588293,426.34258198285374,-0.46675928628038316,-0.05966023187930824,-0.217344011995638,-390.70139358509493,-1489.7741464789,105.73162211380291
1008,0,-0.2904607573381732,-0.0358400132243086,-0.09027395409662371,-429.1227255655209,-1450.7844524625848,437.93339088250656,-0.25916571490469065,0.02395383141773847,0.08785370257381263,-463.23408420418406,-1635.9806089843908,772.5243176666769,-0.6908767152160239,-1.3136192880298043,-0.743851314518077,-664.0043632257593,-1613.2251936098946,260.85331739575196,1.6327388599710482,2.4504640875718624,2.7712170313294857,-666.4914971213049,-1522.303298561559,32.40663392826263,-0.305914465578703,-0.05531057049810433,-0.2094689827979399,-555.0205903673404,-1457.811977527654,429.6954653661225,-0.6285373799742113,1.2454207142948506,0.10141123346861318,-177.26778623982187,-1659.040693736023,317.4832480605325,0.011362408854715778,0.29015529233610954,1.7456236611109162,-255.0440065436924,-1456.4817142729357,297.63919150950426,-0.4342393538578531,0.15227585379408595,-0.32082434220906647,-268.41728460638524,-1492.2214886612373,427.80837032422414,-0.4642514734364779,-0.05993961874745461,-0.21995253607384588,-391.08361722162493,-1493.5201859887636,106.97161011240279
1009,0,-0.29015232351815234,-0.0374763302861214,-0.09106966333434509,-430.005544811972,-1454.734593016063,439.0719543896681,-0.25999764259399,0.02412021381855334,0.08831107811443444,-464.5029525762308,-1639.9810365466221,773.5862923978927,-0.6900673826746384,-1.3160056680035346,-0.7387899493889812,-664.9842264667828,-1617.8262433606785,261.6777146226472,1.6368839506572672,2.4538850621322146,2.7654616343637968,-667.696189281955,-1527.541763063507,32.90819556941429,-0.3037655480330359,-0.05588915608810331,-0.20986689362313946,-555.8563849546252,-1461.7994092403721,430.5827026530841,-0.6281801740884969,1.2426368535062093,0.1009324875029369,-177.87476660097548,-1662.840973531854,318.892673725166,0.014237681784359716,0.2913057895876229,1.7460756922051315,-255.84203296703052,-1460.3239258484844,299.0882566950378,-0.43354616572114135,0.15069600559730534,-0.3207339592459209,-269.2677133290547,-1496.1751023290592,429.2082819049031,-0.4614992215345979,-0.06022452807554111,-0.2222844728735505,-391.4342503641124,-1497.125510871691,108.1506068218237
1010,0,-0.2895607031288086,-0.039106554592255885,-0.09162405996442823,-430.85783972767115,-1458.6505595066972,440.15091724591196,-0.26054989179507215,0.02461622423484741,0.0886567267272401,-465.7138826649481,-1643.9950549879477,774.5496042594797,-0.6890237522759556,-1.3180954215825658,-0.7342354294700661,-665.8709868634122,-1622.3129928949495,262.3798039536007,1.6406502132763532,2.4582721487069543,2.7594733722616542,-668.8975970037123,-1532.6974013530892,33.275864435310645,-0.3014648248295928,-0.056448555746750506,-0.21015124555715234,-556.6619747933256,-1465.7739387945123,431.41286175399904,-0.6277288586341583,1.23969619325597,0.10061764747732585,-178.41230985855324,-1666.5400087963321,320.1877049556043,0.017092283950416107,0.29184290454651013,1.7465174273110655,-256.56762038002637,-1464.0694952678307,300.4916795804907,-0.4326380644172974,0.149153841850049,-0.320412033540597,-270.07983996434814,-1500.0536203144256,430.5322422869593,-0.45855637408516586,-0.06053109253002459,-0.22430263019353905,-391.7573552763921,-1500.6004193208582,109.2587447105771
1011,0,-0.28868392643749413,-0.0407387310754338,-0.0918800031956619,-431.6826616554084,-1462.533242167253,441.16194262070786,-0.2608322732312056,0.025427196526076896,0.08890893406523444,-466.86791961368675,-1648.0190692662163,775.4115918195197,-0.6877082843577031,-1.3199038221317432,-0.7302025398800026,-666.6611057313693,-1626.686922165176,262.95493346920705,1.6438964012820838,2.46374977382566,2.7532802471225013,-670.0920965024083,-1537.7696418836874,33.50645581969433,-0.29904595359770053,-0.057004789743905895,-0.21030478928790888,-557.4411091100573,-1469.737046504268,432.179598734486,-0.6272269656453148,1.2366011236534071,0.10045118466265197,-178.88158984619733,-1670.1376803956182,321.367001316082,0.019796685528415386,0.29178835180925583,1.7469875847044294,-257.22685483840866,-1467.7191446169595,301.83421877881284,-0.43154415913660116,0.1476499208115981,-0.3198480954926853,-270.8569185649968,-1503.854197356994,431.77300476241464,-0.45547409725299715,-0.06087259465806103,-0.22597561614539025,-392.05650289848364,-1503.95517570764,110.28901243994395
1012,0,-0.2875227301381471,-0.042379629029982324,-0.09178560245302411,-432.482030455261,-1466.3829281366286,442.09938502729307,-0.26085815878664975,0.026528191229569988,0.08909035015523187,-467.96513091874937,-1652.0493145916785,776.1722696548433,-0.6860856593249292,-1.3214527247680747,-0.7266865963047842,-667.3517005081931,-1630.9515849002426,263.4024628905802,1.6464988412721797,2.4704213473510097,2.746915147552392,-671.2753640965951,-1542.759405360581,33.601036432618564,-0.2965429997544638,-0.05757331783870671,-0.21031099965537714,-558.1964811698205,-1473.689298985292,432.879292644825,-0.6267179800718763,1.2333594546586182,0.10042445176899284,-179.28336280904827,-1673.6330479910482,322.4317578661848,0.022239249510834207,0.2911783017868262,1.7475313726390824,-257.82641191290384,-1471.2732863440747,303.10381252435764,-0.4302925498400184,0.14618428324820326,-0.319035227175389,-271.60130800179405,-1507.5740939256739,432.92605976852263,-0.4523000087294671,-0.061259333069246864,-0.2272787847458301,-392.3346662155246,-1507.1998593972082,111.23715676048782
1013,0,-0.28608135249875366,-0.04403442322271048,-0.09129629416618504,-433.2569171341314,-1470.1992943385135,442.96016191582476,-0.2606435401066011,0.02788477781195236,0.08922700954765243,-469.0046314368482,-1656.0819324905806,776.8340079819764,-0.6841245005383653,-1.3227697203048625,-0.7236647546780931,-667.9406597427368,-1635.1124282674994,263.72552488504397,1.6483548078618044,2.4783645357015427,2.7404156732789073,-672.4424027467965,-1547.668905483171,33.56468568400834,-0.29399011833686883,-0.058168718226557455,-0.21015470306736314,-558.9296888233256,-1477.6303464924777,433.51084704213844,-0.6262445583033842,1.2299845080393617,0.10053612919890667,-179.61805491720128,-1677.0244914539928,323.3853821355873,0.024329445120650054,0.2900621415632684,1.748198253819859,-258.37334246142507,-1474.7320988915053,304.2916232940712,-0.428910094639484,0.1447566552352845,-0.3179703360616326,-272.31444282691433,-1511.2108013679988,433.98946127185195,-0.44907747951409377,-0.06169856438251871,-0.22819498800253996,-392.59413343324894,-1510.3442403362865,112.10150276153901
1014,0,-0.284368208533481,-0.045706423357913153,-0.09037665850919485,-434.00725511940004,-1473.9814279479172,443.74355400443955,-0.2602061199726958,0.029454118289761105,0.08934724270930254,-469.984644697878,-1660.1130364334706,777.4011628611235,-0.6817989882577089,-1.323887110223335,-0.721097952420002,-668.4267322823181,-1639.17655072841,263.9306771981672,1.6493853819876523,2.487627243574736,2.7338236693057123,-673.5875889070422,-1552.5014088693133,33.406136059442986,-0.2914212813252498,-0.05880439833837882,-0.20982266291640933,-559.6412264262266,-1481.558952079357,434.0754240672484,-0.625847749782011,1.2264950077686883,0.10079229068902665,-179.88585660578957,-1680.3099000804157,324.23312497784053,0.026000116036433752,0.2885007835680271,1.7490395348670897,-258.87485023279163,-1478.0956304514082,305.39196474462767,-0.42742222676444946,0.14336665559553657,-0.31665432845968283,-272.9968299738085,-1514.7621689584273,434.9635824516824,-0.4458451212617551,-0.06219451377638495,-0.2287150893612665,-392.8364431398597,-1513.3976819639872,112.88270478741434
1015,0,-0.28239639532148136,-0.047396865076214136,-0.08900189424001469,-434.7319760904199,-1477.7278743420627,444.45094613797096,-0.25956448030041956,0.031186309293442613,0.08948052996522535,-470.90259506985984,-1664.1387664971835,777.8796752557265,-0.6790902919887897,-1.3248407378564124,-0.7189333699626442,-668.8095848530488,-1643.15240935241,264.02746270345125,1.6495376636563073,2.4982244857392444,2.727184490090652,-674.7047392795291,-1557.2609660656224,33.13730932797002,-0.2888700325563622,-0.05949233824484827,-0.20930409460023064,-560.3305048995152,-1485.4730510961876,434.57612608710565,-0.6255662313946124,1.2229147641071576,0.10120608271341278,-180.08681469714418,-1683.4868989941863,324.98168252155403,0.027208745971938775,0.2865646004914626,1.7501058986893472,-259.33806611043144,-1481.3639242117952,306.40212135112,-0.42585281415108406,0.14201399535172501,-0.31509217424674124,-273.64806804401337,-1518.2265279171468,435.8508146260202,-0.44263646293130754,-0.06274844711010749,-0.22883820988873568,-393.06234263327457,-1516.369070888042,113.58344197119574
1016,0,-0.280183987605833,-0.0491047727790482,-0.08715888929074277,-435.429065703817,-1481.436711055723,445.0855217472514,-0.25873736306857953,0.033025932699890785,0.0896563486508241,-471.75522448504614,-1668.1553331228433,778.2766570093954,-0.6759877579083755,-1.325668716594568,-0.717107285007555,-669.0898238256223,-1647.0494895249826,264.0278966230913,1.6487862227029262,2.510136311937136,2.720546036269456,-675.7871962988847,-1561.9521269447737,32.77276834981143,-0.28636925283941256,-0.06024286525509383,-0.20859108948875163,-560.9958958529769,-1489.3698383970116,435.0176405990738,-0.6254355673092261,1.2192721558918898,0.10179702777617967,-180.22091463617954,-1686.553100918011,325.6387859724553,0.02793770584386907,0.2843310830661377,1.7514449957438907,-259.76982384091014,-1484.537157672618,307.3220746054679,-0.4242240562122283,0.14069865930307351,-0.31329285885709496,-274.2668853768047,-1521.6028077374988,436.6552243184713,-0.4394798115126611,-0.06335879795656313,-0.22857169608130384,-393.27176958344694,-1519.2667718244388,114.20807332405987
1017,0,-0.2777540954506441,-0.050826900849988844,-0.08484684539288131,-436.095634263071,-1485.1056449269042,445.6519247196341,-0.2577430914088525,0.034913759515821804,0.08990306074417682,-472.5387269520547,-1672.1590505581262,778.5999808303645,-0.6724897991813209,-1.3264101001759596,-0.7155481819690132,-669.2689788205254,-1650.8779509618876,263.94590168860066,1.6471336943066393,2.5233069227450144,2.7139576226271642,-676.8279304214167,-1566.5796543516171,32.329106568246786,-0.2839509207021598,-0.06106445695735407,-0.2076789356460043,-561.6347951275533,-1493.2458796034928,435.40586413529434,-0.625487510083011,1.2155994242727328,0.10258997914773577,-180.28814692702886,-1689.5063708691725,326.2127949367098,0.028193507154454924,0.2818823291535949,1.7530992016834879,-260.1764421445846,-1487.6157882544042,308.15415230943324,-0.4225564141320043,0.1394210629329119,-0.31126922375505356,-274.85119277076956,-1524.8906405748176,437.38218367726233,-0.43639828392557173,-0.06402134293007264,-0.2279308144471129,-393.46385627805955,-1522.0986055940807,114.76226764193115
1018,0,-0.27513466953591365,-0.05255775535549301,-0.08207743679494156,-436.7279973890584,-1488.7321284371196,446.1559026622863,-0.25659914795992567,0.03678854745044414,0.0902468827479917,-473.2488939179174,-1676.1463610045084,778.8578897034978,-0.6686044499039384,-1.3271035428019877,-0.7141799763015876,-669.3494477544909,-1654.648264209202,263.79671287849595,1.644610457738664,2.5376450788465785,2.7074687432720728,-677.8196565595466,-1571.1482495043897,31.82429869835069,-0.2816458584998753,-0.06196356933252008,-0.20656633026049329,-562.2437008748066,-1497.0972418913555,435.7475203703313,-0.6257493615659577,1.2119318004931157,0.10361377302710588,-180.2885537389192,-1692.345091331836,326.71230833967593,0.028005124365516627,0.27930247634208394,1.755103635935602,-260.5635181273135,-1490.6006974753116,308.90261933966036,-0.4208685722345027,0.13818218093799317,-0.30903770218538756,-275.3981466565046,-1528.0904499728028,438.0379891677698,-0.4334099914219497,-0.06472941843581832,-0.22693819197032425,-393.63695493906977,-1524.8718475068054,115.2526231872615
1019,0,-0.2723580559414116,-0.05428969318288814,-0.07887450618571035,-437.32176205881024,-1492.3134902582165,446.6039451992628,-0.25532191704434987,0.03858886944684452,0.09071097275996812,-473.88126366492514,-1680.1138508079025,779.0586388712537,-0.664349558033198,-1.3277859977564663,-0.7129252181439136,-669.334404788438,-1658.3708514112614,263.59627351686385,1.6412733745670844,2.5530258573824076,2.7011277981091073,-678.754961307125,-1575.6623014786912,31.277036574615387,-0.2794834586222525,-0.06294448655904557,-0.205255484138636,-562.8183013861351,-1500.9196390594861,436.0497865865517,-0.6262434138620192,1.2083065004892872,0.1048996409702926,-180.2222534626765,-1695.0684160188105,327.1458050449984,0.02742148442640929,0.2766751859991143,1.7574845198629867,-260.935736852195,-1493.4933263864489,309.5732292578232,-0.4191774280070647,0.13698364612479877,-0.3066179619785634,-275.9042187143684,-1531.2035207963263,438.6294826308887,-0.4305283541989957,-0.06547417177918984,-0.22562303251280147,-393.7886820357357,-1527.5932432076097,115.68629124068379
1020,0,-0.2694603206602349,-0.05601309019805887,-0.07527332504010474,-437.8719139938927,-1495.8470742238353,447.002930172097,-0.2539265869182596,0.040254908495731725,0.09131466209927866,-474.4312682889147,-1684.0582602205866,779.2101807729276,-0.6597526086162081,-1.328491502127289,-0.7117081509650983,-669.2276742915878,-1662.0557441878602,263.3606438792629,1.6372036043518228,2.569293745167009,2.6949808369307773,-679.6264369773326,-1580.1256712631273,30.7060736129122,-0.2774913893928259,-0.06400918971544885,-0.2037521228360871,-563.3535682674649,-1504.7085851839265,436.319941147919,-0.6269864910503884,1.2047616283311962,0.10647945792187799,-180.08944267708597,-1697.6765013615911,327.5213240785859,0.02650825323007032,0.2740812759141984,1.7602579349177683,-261.2967017477511,-1496.2957956653734,310.172756304231,-0.417498107436706,0.13582781877980205,-0.30403247098473923,-276.36526836833747,-1534.2320478719826,439.16368751859085,-0.4277625223752566,-0.06624483962425272,-0.2240201467566623,-393.9159791598927,-1530.2690389703114,116.07061628034715
1021,0,-0.26648038320721096,-0.05771656492797566,-0.07131946969637239,-438.3729032614827,-1499.330380372734,447.35978947277323,-0.2524271988353859,0.04173015399685423,0.0920728508829172,-474.8943723788974,-1687.9764883248506,779.3199002922285,-0.6548501853619669,-1.3292500918682522,-0.7104575169060982,-669.0335753710717,-1665.7122701209248,263.1054420379075,1.6325035607926888,2.586266981180969,2.689070368412373,-680.4268179461798,-1584.541518532083,30.129599973099182,-0.27569528430807855,-0.06515724285151768,-0.20206539250135586,-563.8438511639672,-1508.4595510226443,436.5650427471807,-0.6279896111186606,1.2013350369524998,0.10838390844312978,-179.890376541038,-1700.170706263385,327.846192051811,0.025344075002645277,0.27159658352592503,1.763429020875766,-261.6487901996474,-1499.0110047094895,310.70852669780993,-0.4158440012818599,0.13471782708234287,-0.30130600327816087,-276.7766152215842,-1537.1791614959154,439.6474714846394,-0.42511787966870135,-0.06702904690825803,-0.2221688376766347,-394.01518785112955,-1532.9050234567667,116.41280383114004
1022,0,-0.26345901573395836,-0.059387240265053626,-0.06706738582335871,-438.8187260094644,-1502.7612014445556,447.68120475665125,-0.2508368213585278,0.04296293804474351,0.09299557892258292,-475.26619828895076,-1691.8655946636316,779.3944045670482,-0.6496870954489461,-1.3300868857806245,-0.7091090196302127,-668.7567427770925,-1669.348777707349,262.8453345463224,1.6272931185123916,2.6037429781326713,2.6834342741290294,-681.1491143806677,-1588.9121766159615,29.56466838931677,-0.27411842125567276,-0.06638569689787541,-0.20020768138893774,-564.2829710255321,-1512.1681175348674,436.7916500338443,-0.6292577843819532,1.1980631974370997,0.11064065646324404,-179.62533006846456,-1702.5537523336288,328.1268030285332,0.024016440001118872,0.2692901243206376,1.7669916323860917,-261.9930381941211,-1501.642705182655,311.1879668483608,-0.4142268175689351,0.13365757942968065,-0.2984651059073773,-277.1331092788832,-1540.0489286495033,440.0872446223715,-0.42259660749415245,-0.06781311921229212,-0.22011168543128332,-394.0821357334192,-1535.5065780707635,116.71962503638495
1023,0,-0.260437774990114,-0.061011023926470925,-0.06257872809916502,-439.2030013482422,-1506.1377483854317,447.9733414806172,-0.24916782156861442,0.04390775742713374,0.09408777580053246,-475.5426338486411,-1695.722798998419,779.4393686944474,-0.6443151985175944,-1.331021369341769,-0.7076073766495974,-668.4019311037923,-1672.972407749748,262.5935918072115,1.6217052276583717,2.621504579777685,2.6781048628081963,-681.7867381614968,-1593.2390783988094,29.026687886082613,-0.2727814004030642,-0.06768901455691623,-0.19819437013694402,-564.6643098332111,-1515.83012135561,437.0055879348884,-0.6307899599083696,1.194980127475716,0.11327260285515857,-179.29454399624484,-1704.8298386824974,328.36845370950965,0.022617367534394136,0.26722259166821416,1.7709284497734652,-262.32905726944296,-1504.1955456860144,311.61818416710344,-0.4126566462867073,0.13265175027095957,-0.29553754671267085,-277.42919767465025,-1542.8463294619542,440.48870059925264,-0.4201982891402461,-0.06858240110215105,-0.21789327562151872,-394.11223141286695,-1538.07873318398,116.99716485312553
1024,0,-0.2574579359688409,-0.06257288984116541,-0.057920565232481555,-439.51904337586166,-1509.4587591414243,448.2416276381705,-0.2474321998923405,0.04452633858790911,0.0953491875116815,-475.7199194569759,-1699.545480431023,779.4594360961723,-0.638791994948069,-1.3320669000948009,-0.7059079153846791,-667.9738101176162,-1676.5889170951314,262.3617197300188,1.6158811344115878,2.639326860856752,2.6731080961185225,-682.3336157589584,-1597.522733247715,28.5289993605634,-0.27170183088467226,-0.06905902236099978,-0.1960435249464681,-564.9808957325192,-1519.4417877573592,437.2117646665997,-0.6325791259642022,1.1921164259798136,0.11629631061510216,-178.89815989496856,-1707.0047072494094,328.57523445151224,0.021239094641607614,0.26544522602061565,1.7752115187327029,-262.6549863101302,-1506.67508548329,312.0055937552433,-0.41114203363115204,0.1317057421458578,-0.29255176316869097,-277.6589875384653,-1545.5772091618023,440.85660583564163,-0.41792053565387643,-0.06932157224767618,-0.2155589134418101,-394.10056573740405,-1540.6262276657885,117.25061857541532
1025,0,-0.25455948822164987,-0.06405714689731293,-0.05316353334541994,-439.75992915002513,-1512.7235862172638,448.4905813274132,-0.24564195248577494,0.0447884165682341,0.09677447174771796,-475.79471266375697,-1703.3311768951305,779.4581701993244,-0.6331790398837798,-1.3332304459560143,-0.7039776894601344,-667.4767596657681,-1680.2025584693783,262.159175775986,1.609965431519972,2.656984155160614,2.6684630125722055,-682.7842830955824,-1601.7627526754734,28.082543441663116,-0.27089403766657155,-0.07048489888731645,-0.1937755474471706,-565.2254835617532,-1522.9998474885697,437.4140411999212,-0.6346125648952068,1.1894984547862362,0.11972066947524124,-178.4361497220343,-1709.0856564719202,328.74997442394715,0.019969955064760785,0.263999064045843,1.7798031747442833,-262.96747990812275,-1509.0877764510321,312.3556014958937,-0.4096900645807272,0.13082562755830335,-0.2895363299886753,-277.8163055068583,-1548.2482064538287,441.1946398065524,-0.4157596166713549,-0.07001495273449132,-0.21315336350889397,-394.04201717845564,-1543.1535692892026,117.48413926384528
1026,0,-0.2517802421906597,-0.06544768689001487,-0.04838000759143754,-439.9185640373957,-1515.9322599328318,448.723689050929,-0.24380942465586766,0.04467221300882783,0.09835344943719887,-475.7641294533364,-1707.0775857565031,779.4380524876362,-0.6275402573872473,-1.3345125568501803,-0.7017961125357196,-666.914672867923,-1683.8160179656848,261.9931739489924,1.6041011672587617,2.6742570010104476,2.664181369042168,-683.1339580953974,-1605.9579202853456,27.69562728807695,-0.2703688014163337,-0.07195320997763961,-0.19141279342750253,-565.3906317103463,-1526.5016348198978,437.61515287908327,-0.636872257270733,1.1871477004760096,0.12354586043915866,-177.90824520843913,-1711.081502861644,328.89423731808097,0.018890618096150204,0.26291456296017895,1.7846572928339401,-263.26173414111224,-1511.4409135944784,312.6723511272836,-0.40830645365443874,0.13001807456714098,-0.2865194597131355,-277.89475513169924,-1550.866659931277,441.50528759702877,-0.41371108053991307,-0.0706467895581162,-0.2107196512716037,-393.93135922847097,-1545.6650937013337,117.70073670648193
1027,0,-0.24915507760846164,-0.0667282084612376,-0.043642347308846106,-439.9877463111367,-1519.085525779527,448.9433345729267,-0.24194762074875364,0.04416461159851336,0.10007149614911187,-475.62576242346296,-1710.7825659706914,779.4005209188787,-0.6219402327923664,-1.3359075594650034,-0.6993551252420475,-666.2907761388973,-1687.4304095865464,261.8685799234544,1.59842522464993,2.6909387149785666,2.660267509758339,-683.3785876412949,-1610.106299694992,27.373793207046504,-0.27013314588736437,-0.07344800224479062,-0.18897917035548387,-565.4687769706882,-1529.9451650199844,437.8166811013671,-0.6393354242238556,1.1850803403402337,0.12776266601880093,-177.3138723948762,-1713.0024917703051,329.0083626008355,0.018070833212589583,0.2622115826395323,1.7897207922304903,-263.53154971829514,-1513.7425555327693,312.95853989516877,-0.40699564449306036,0.12929025940100328,-0.2835285466420389,-277.88777395030553,-1553.4404947614537,441.7897840940786,-0.41177034882617897,-0.07120151814009365,-0.20829795720711755,-393.76336781884845,-1548.1650197390047,117.90222683077326
1028,0,-0.2467153513210554,-0.06788241772967302,-0.03902125613100482,-439.9602330843279,-1522.1848556115453,449.1507763640887,-0.24007044024609472,0.043261041764165016,0.10191005327498966,-475.3776768798612,-1714.4441419495597,779.3460421778029,-0.6164425598192659,-1.3374039557074042,-0.6966589262596237,-665.6074740326251,-1691.0453241599073,261.7878944229481,1.5930641533755754,2.7068413357985825,2.6567184618457866,-683.5148669275852,-1614.2053726623888,27.119788318410816,-0.2701901887391672,-0.07495096496955374,-0.18649972165065148,-565.4523094684738,-1533.3291902190797,438.0190715070088,-0.6419751904091596,1.183307027226847,0.1323521542694166,-176.65209635908178,-1714.8601602712383,329.0915463889541,0.017566796053324063,0.26189969793352375,1.7949353187511885,-263.769431560933,-1516.0014172951085,313.21530453045773,-0.40576091957540794,0.1286497682689094,-0.2805897610115289,-277.78869223486174,-1555.9780924347704,442.048107716876,-0.4099332710661251,-0.07166399555212356,-0.2059246299562195,-393.53292687025265,-1550.6574989546893,118.08922906824856
1029,0,-0.2444884685225835,-0.06889420930903255,-0.03458428567315948,-439.8288096363494,-1525.232433536377,449.3461702033176,-0.23819281623281685,0.041965093128715096,0.10384723577864674,-475.0183866045353,-1718.0605090011818,779.2742111840128,-0.6111083121060763,-1.3389849983570574,-0.6937233115420642,-664.8662259712858,-1694.6589280113528,261.75132021558636,1.5881306025113149,2.721800715108134,2.653524246246106,-683.5402305635081,-1618.252198601939,26.933631113808357,-0.27053907204893923,-0.07644166763181451,-0.1840002049980075,-565.333649859037,-1536.6532331922404,438.22169401247214,-0.6447613429545267,1.181832898544123,0.13728574544565142,-175.921580740154,-1716.667156542324,329.1419555867099,0.017419216684128883,0.2619788054801816,1.8002390256045147,-263.96672304999885,-1518.2267385811017,313.44217673045046,-0.40460452183642637,0.12810448930370266,-0.2777276973764597,-277.59079546306754,-1558.488146823129,442.2790204092122,-0.40819662664724454,-0.07201970536785501,-0.2036313396020697,-393.23513019804767,-1553.1466573244472,118.26120805677161
1030,0,-0.24249760989253846,-0.06974783372796817,-0.03039450013127177,-439.58636394538814,-1528.2311182681515,449.52863239703146,-0.2363307403434612,0.04028789435838129,0.10585851127403088,-474.546811786254,-1721.6300399539662,779.1838715905589,-0.6059946974841273,-1.3406294126063223,-0.6905746763124327,-664.0674606825983,-1698.2681050716,261.7569056911361,1.5837204659320407,2.735680569027777,2.6506683842323504,-683.4528161127437,-1622.2435861346903,26.81276778993959,-0.27117498734162804,-0.0778978758307761,-0.18150667296450063,-565.1053308152044,-1539.9175990585845,438.422939226304,-0.6476611550946302,1.1806578043772387,0.14252565145732005,-175.1205660869905,-1718.437021319916,329.15686891413446,0.017652134308419182,0.2624399827513509,1.805568375869344,-264.11377239136795,-1520.428131329827,313.63710516539334,-0.40352778994546096,0.12766249465420074,-0.2749650785086875,-277.2873924127672,-1560.9795101402667,442.48014975470204,-0.4065585620019027,-0.07225493706303972,-0.2014443877524463,-392.86537809208266,-1555.636627269466,118.41655524279156
1031,0,-0.24076159823154078,-0.07042805889733784,-0.026509310171725302,-439.2259678539069,-1531.184384371073,449.6963383207639,-0.2345011669183157,0.03824730015479519,0.10791742468163042,-473.9622223644258,-1725.15129237597,779.0732515683395,-0.601153939317719,-1.3423122295440557,-0.6872487423219015,-663.210532682067,-1701.8686347416,261.8007559645625,1.5799108141227578,2.7483753479751707,2.6481285731372752,-683.2514019479771,-1626.176267299503,26.752308712795685,-0.2720893063939702,-0.07929594277747552,-0.17904506580943516,-564.7600844777753,-1543.123365309045,438.62034528109183,-0.6506402387368502,1.1797767377757162,0.14802566229079003,-174.24687033870222,-1720.1839379048627,329.1328387404651,0.018272485004685292,0.2632665517818224,1.8108598966970846,-264.2001278036745,-1522.615411013889,313.79653934271136,-0.40253130839247664,0.12733191235473193,-0.27232251379449135,-276.87189052425106,-1563.4610326113357,442.64810852388274,-0.4050189525564768,-0.07235694513521582,-0.19938418700838373,-392.41946695167115,-1558.131568355069,118.55270539710489
1032,0,-0.23929488241011637,-0.07092033407122417,-0.02297947827499468,-438.740965820332,-1534.0962452610622,449.84665056327316,-0.23272179760675277,0.035866938634227574,0.10999634361102813,-473.2641707960736,-1728.6230156671288,778.940109884297,-0.5966324140576854,-1.3440056969334002,-0.6837890771775473,-662.2937234778152,-1705.455396888269,261.8773008655901,1.5767586473308741,2.7598118343144247,2.6458775005618937,-682.9353223563951,-1630.047065550761,26.745333282841738,-0.27326982327376165,-0.08061126809558596,-0.17664082695370767,-564.2909370448967,-1546.27235097464,438.8107488601441,-0.6536633902035754,1.1791804375889492,0.15373224088649773,-173.29791385941292,-1721.9224579323202,329.06586809521843,0.019270391720801822,0.26443529598297283,1.816051825121382,-264.21475750715473,-1524.798416518426,313.9155694091532,-0.40161507231784305,0.12712078769880655,-0.26981830956901764,-276.33787980210235,-1565.9413997221252,442.77864669751926,-0.4035796798963391,-0.07231409423331184,-0.1974649186556773,-391.89367038499887,-1560.6356753362606,118.66628274589546
1033,0,-0.23810761380229523,-0.07121096456962228,-0.019848293897658763,-438.12507166576916,-1536.971161079922,449.97627081571704,-0.2310107555639026,0.033175177148780835,0.11206720124781579,-472.45241891737777,-1732.0441572382779,778.7818880968287,-0.5924700587360913,-1.345680233333861,-0.6802454730194853,-661.3142884169496,-1709.0225948061848,261.97960806931513,1.5743004680029078,2.7699494368245055,2.6438837640556114,-682.5043638194485,-1633.853049610151,26.783249809517386,-0.27470110541033027,-0.08181881157380923,-0.17431855013606823,-563.6913110708423,-1549.36706612259,438.99045416341306,-0.656695398623766,1.1788561234211365,0.15958587770038704,-172.27077036713703,-1723.6672107478137,328.95159775404466,0.020620110378789063,0.2659177757545546,1.82108559686225,-264.14628978849504,-1526.9868237672943,313.9881150746168,-0.40077866528256473,0.12703693411660222,-0.26746832846322904,-275.67922603686367,-1568.4289708398805,442.8668309591161,-0.4022448154689182,-0.07211599640559307,-0.1956943738564252,-391.2848102052568,-1563.1531725826467,118.75327129701797
1034,0,-0.23720579050360974,-0.07128730433029354,-0.017150914886463066,-437.37247311100845,-1539.8139346409318,450.081409739508,-0.22938616551229332,0.030204066557202734,0.11410221513136706,-471.5268640300231,-1735.413866991826,778.5958655526657,-0.588700047191993,-1.3473053931170398,-0.676672249132006,-660.268548310822,-1712.563986858738,262.099728997274,1.5725526370712757,2.7787792121748054,2.642112862602784,-681.9586473584257,-1637.591666516748,26.8561958082102,-0.2763649427337062,-0.08289364710731945,-0.17210166427503862,-562.9551353342143,-1552.4106432086674,439.15541371820154,-0.6597017953941422,1.178788315886821,0.1655226466635274,-171.1622438218285,-1725.432604757958,328.78549884873973,0.022281535758510055,0.26768168768873035,1.8259071414192625,-263.9832677662664,-1529.189958405784,314.00715621975445,-0.4000214460466194,0.12708777371202268,-0.2652858955146659,-274.8901735193288,-1570.9316228107787,442.90724669687694,-0.4010207032746598,-0.07175364521923067,-0.1940739802853085,-390.59031581355316,-1565.68829431329,118.8092039538987
1035,0,-0.23659144691945488,-0.07113797122183271,-0.01491387127121176,-436.47794323507185,-1542.6295985982533,450.15796930487704,-0.22786566211799053,0.026988321261928728,0.11607456150026488,-470.48746951964097,-1738.731499379164,778.3793146791721,-0.5853487202994979,-1.3488508119750726,-0.6731265383057032,-659.1520232417874,-1716.0731178156632,262.2290649177619,1.5715124495151698,2.7863217008663343,2.6405282266907664,-681.2985027523532,-1641.2608487231907,26.953463487336332,-0.27824087498300015,-0.08381154069975023,-0.170012158372479,-562.0769613121873,-1555.4067521563818,439.3014152559118,-0.6626495329474241,1.1789596937396407,0.1714758950935595,-169.96896994576682,-1727.232529460402,328.56306703686204,0.02420214972415437,0.26969221360127243,1.8304679580287708,-263.71441291767417,-1531.416612831816,313.96499733628315,-0.3993427381574274,0.12728016774261885,-0.26328174986839686,-273.9654567193829,-1573.456601873364,442.8942175863522,-0.3999159358374943,-0.07121954940222056,-0.1925990131096133,-389.80827059169116,-1568.2452504747218,118.82936509403471
1036,0,-0.23626287005526384,-0.07075308717070371,-0.013154728764948885,-435.43695730935355,-1545.4232968438678,450.20173245165626,-0.22646585404397063,0.023564385187674057,0.11795898609602405,-469.334205183364,-1741.9966124261807,778.1296547084912,-0.5824357442725087,-1.3502871053514116,-0.6696666104870922,-657.9596043170822,-1719.5435415717866,262.35874083690027,1.5711598403487914,2.792623714683636,2.6390922548429065,-680.5243411895196,-1644.8590917320562,27.063935171348668,-0.2803067693666437,-0.08454953525042752,-0.16807034495457712,-561.0520843980024,-1558.3595014059608,439.42426929667323,-0.6655075892690405,1.1793519412768392,0.1773779933868389,-168.68753967966293,-1729.0800669019377,328.28001488606293,0.026319284660166618,0.2719133098740883,1.8347259571658703,-263.3288909826982,-1533.6748726844432,313.8535576773616,-0.3987420141497831,0.12762023780559156,-0.26146404163732545,-272.9004196437001,-1576.0103869000745,442.8220377700975,-0.39894122046227953,-0.07050786634379028,-0.19125898613437312,-388.9374441705351,-1570.8281784766841,118.80900138979635
1037,0,-0.23621482845290281,-0.07012454177329407,-0.011881911522526807,-434.24581280888003,-1548.2001629177066,450.20855530885046,-0.22520177431824903,0.019969623370462927,0.11973233392107292,-468.067002025478,-1745.2089632879702,777.844602357588,-0.5799744626803633,-1.351586696103716,-0.6663502795015372,-656.6857576437683,-1722.9690278288529,262.4799752718485,1.571459614169644,2.797754252845031,2.6377673260653838,-679.6365333946549,-1648.3855004860052,27.176514017199842,-0.2825394157750322,-0.08508652363749812,-0.16629465702852245,-559.8766671570135,-1561.2733275118078,439.51999257665324,-0.6682474997735685,1.1799465435030656,0.18316206897193008,-167.31464067319945,-1730.9872210063966,327.9324597306872,0.02856257609038496,0.2743088945891278,1.838646061331806,-262.81657358428936,-1535.9719575592321,313.66467880520617,-0.39821906481220937,0.12811317952793563,-0.2598383733741426,-271.6911408140328,-1578.5985666080683,442.68521150208636,-0.39810913621343563,-0.06961453367761933,-0.1900382151245572,-387.9773098104408,-1573.4410813519323,118.74353573193547
1038,0,-0.23643880479902937,-0.06924627442059575,-0.01109468607528767,-432.90174980525234,-1550.9651979667253,450.1745575523114,-0.2240863490297471,0.016241666324886713,0.12137398286954824,-466.68572560777864,-1748.3685001126782,777.5223180870815,-0.5779724020390509,-1.3527245524425453,-0.663233429722698,-655.324753522668,-1726.3437463460082,262.58443482787044,1.5723640809399495,2.801799753957219,2.6365167597024177,-678.635300412974,-1651.8398044290495,27.280536549600313,-0.2849151065027807,-0.08540379065669058,-0.16470147100802202,-558.547861295328,-1564.152876051381,439.5849829992903,-0.6708438197525789,1.1807254925060882,0.1887636538860985,-165.84721193740793,-1732.9646725573482,327.5171047442285,0.030856487802075366,0.27684389904893963,1.8422005672486943,-262.16828885293074,-1538.3140802429434,313.3904410911539,-0.3977741434134428,0.12876307196897846,-0.2584078844670556,-270.3345610613259,-1581.2257329919544,442.4786949172793,-0.39743378594021456,-0.0685373955093682,-0.18891654028850458,-386.92804663101947,-1576.0877532595227,118.62877917343671
1039,0,-0.2369232284505368,-0.06811456629081292,-0.01078331003744318,-431.403068434972,-1553.7231505444777,450.0963067479031,-0.22312991574102084,0.012417921058647991,0.12286616961270737,-465.1901711435127,-1751.4753502554966,777.1615463815286,-0.5764318874323268,-1.3536788221192342,-0.6603686902562034,-653.8709128850396,-1729.6624235081238,262.6645636217365,1.573815977689648,2.8048589103872748,2.6353056968840676,-677.52062401192,-1655.2223427279916,27.36615511808233,-0.2874101717727394,-0.08548550438896985,-0.16330494672540247,-557.0639246760476,-1567.0028766198382,439.61618235403006,-0.6732745188530165,1.181671876126158,0.19412218459042085,-164.28260603584204,-1735.021566666219,327.03141123621305,0.03312280775526652,0.27948516051046524,1.8453692792205074,-261.3760545559026,-1540.7063281653977,313.0234806725556,-0.3974080748512748,0.1295726873973405,-0.25717337485232533,-268.828610655007,-1583.8953928486442,442.19813435799847,-0.3969303518337252,-0.06727631875526333,-0.187870188918113,-385.79052705560247,-1578.7716936603479,118.46113585550424
1040,0,-0.23765370904341435,-0.0667283301142944,-0.010929349652426597,-429.7492397443033,-1556.4784003367029,449.9709927276392,-0.22233982040160086,0.00853524939972082,0.12419420051044101,-463.58008243211526,-1754.529805173073,776.7617480685913,-0.5753507233290882,-1.354431353289361,-0.6578042753331826,-652.3188623852167,-1732.9204672633464,262.7138789107247,1.5757515585150315,2.8070372811624353,2.6341018812781964,-676.2921830909564,-1658.5340224749345,27.424680191647965,-0.29000144888856644,-0.08531913933128202,-0.16211687511306605,-555.4243295960213,-1569.8280146237544,439.6112235663087,-0.675521304955142,1.1827703286596656,0.19918230380498367,-162.61875263767806,-1737.1653383767334,326.47376015793964,0.035283031685803275,0.28220214317072956,1.8481394298173708,-260.433287690765,-1543.1525700713735,312.5572984435541,-0.3971223202012052,0.13054330732823402,-0.2561334621745361,-267.172331732189,-1586.609898897556,441.84009544938806,-0.39661456713961457,-0.06583329444267509,-0.18687275307465961,-384.56629057817594,-1581.4960119747848,118.23779592562374
1041,0,-0.23861327640877278,-0.06508938265002738,-0.011506169304074975,-427.94100596266253,-1559.234847754296,449.79658819867603,-0.221720117068041,0.004629801846477193,0.12534654527366246,-461.85519549044494,-1757.532302621562,776.3232220792054,-0.574722895528361,-1.354968096141593,-0.6555830018589831,-650.6637893242605,-1736.114057957398,262.72722567999716,1.5781037409924075,2.8084419394986058,2.63287632128522,-674.9493215944833,-1661.7762537240164,27.448874293172924,-0.2926666690462913,-0.08489581751676052,-0.16114652428147194,-553.6298585388117,-1572.6328025689509,439.5685596784368,-0.6775698700489048,1.1840073321957971,0.20389492585990807,-160.85431691101525,-1739.4015807201192,325.84360047189864,0.037260571891129156,0.2849674837480417,1.8505054089277835,-259.33498515167724,-1545.655390132235,311.9865528780468,-0.39691898814084886,0.13167455147216056,-0.2552847643052691,-265.36599160348027,-1589.3704016480208,441.4022768600251,-0.3965021202972092,-0.06421251828368627,-0.18589625180467184,-383.257505764746,-1584.2633250455278,117.95691151398597
1042,0,-0.23978263468785277,-0.06320268257169476,-0.012479593804440886,-425.9804661627484,-1561.9958112636298,449.57199190178005,-0.22127138864333185,0.000736984045376902,0.12631481629753386,-460.015306400417,-1760.483407048381,775.8472133299477,-0.574539252952093,-1.3552793823565845,-0.6537414888838994,-648.9016876796022,-1739.2402041953283,262.7009843145333,1.5808052036314293,2.8091763815723234,2.6316038209738086,-673.4910522426604,-1664.9508659382661,27.433191222409352,-0.2953847510220184,-0.08421055925420468,-0.16040047601286736,-551.6826837073467,-1575.421453608033,439.4875721089583,-0.679410047003207,1.1853713655718245,0.20821803880701995,-158.98884613288624,-1741.73395809553,325.14158144131085,0.03898274933044906,0.2877573661233335,1.852468325915956,-258.077870845821,-1548.2160508579536,311.30732884283975,-0.3968007863974547,0.13296422637694,-0.25462209733969815,-263.4111823187649,-1592.1768228315705,440.8837024255874,-0.39660801052961314,-0.06242044385615075,-0.18491224307391016,-381.86692316350843,-1587.0756502404718,117.61775089190569
1043,0,-0.24114043953531702,-0.06107651514383926,-0.013808740792592469,-423.871143329894,-1564.7639343203841,449.29715072305555,-0.2209906996285935,-0.003108476099269914,0.1270936417967572,-458.06036152258764,-1763.383789280862,775.3360026967456,-0.5747881326532599,-1.3553600821347451,-0.6523095391283616,-647.0295869085402,-1742.2967644621053,262.63322678998173,1.5837913349652788,2.8093359040838943,2.630263372641304,-671.9160989759598,-1668.0600108474555,27.373955972598214,-0.2981359962268475,-0.08326244046809904,-0.15988244754877606,-549.5864268072168,-1578.1977602577117,439.36865601581326,-0.6810358646742547,1.1868529054620738,0.2121172281329616,-157.02289805946253,-1744.1641663443565,324.36966512111303,0.040382546123512435,0.2905517366194888,1.854035432600636,-256.6605054750009,-1550.8344852527327,310.51737502654595,-0.39677090881028776,0.13440820006050627,-0.25413867829021625,-261.31090188889897,-1595.0278508977124,440.2848851147069,-0.39694587576387047,-0.06046580021303837,-0.1838929474971012,-380.3978223886922,-1589.9342975233876,117.22082600608653
1044,0,-0.24266360662094624,-0.05872260486042244,-0.015447016075786918,-421.6180290831092,-1567.5411038192658,448.9731572339625,-0.2208716842002015,-0.006872399151471188,0.12768044575885273,-455.9905668813193,-1766.2342067504653,774.7929744730269,-0.5754558975621493,-1.3552096412817705,-0.6513096991488756,-645.0457558473698,-1745.2824366631107,262.5238180636591,1.5870029404272563,2.8090036302805657,2.628838409520993,-670.222979391154,-1671.1060568552336,27.26948240488695,-0.30090218616740294,-0.08205465753321455,-0.15959309781178313,-547.3461957901796,-1580.9649813750027,439.2132808108688,-0.6824454900323823,1.1884442906736858,0.21556591878760187,-154.9581450477164,-1746.6919393445871,323.53121452539136,0.04140011164367144,0.2933343776377101,1.8552194370907482,-255.08335609415207,-1553.5093177081649,309.6163031664679,-0.3968328567422561,0.1360003081129856,-0.2538263220183509,-259.06961277395993,-1597.9209587550733,439.6079562721569,-0.39752731506400113,-0.058359564274141414,-0.18281234404889754,-378.8539569446461,-1592.8397642379973,116.76798872227403
1045,0,-0.24432765744314505,-0.05615613825924112,-0.017343259147228573,-419.22760265828396,-1570.328382045539,448.6023192160926,-0.22090476538490197,-0.010521004558912882,0.1280751518159811,-453.8065122754153,-1769.0354855289352,774.2226563807674,-0.5765273637027367,-1.354832003591812,-0.6507569917903411,-642.9498749248471,-1748.196718906851,262.3744605578475,1.5903886196312154,2.8082473294720556,2.627316922379702,-668.4101266626445,-1674.0914799952054,27.120127311420543,-0.3036665908642927,-0.08059450288457062,-0.1595298220973421,-544.968595577067,-1583.7257406418503,439.024024052407,-0.6836410498048551,1.1901394663591602,0.21854534522410551,-152.7974486565315,-1749.3151004062845,322.631052291398,0.04198402806987014,0.2960928621215433,1.856037739797513,-253.34882353328666,-1556.2379121820866,308.6057429102205,-0.3969901972278295,0.13773229601529863,-0.253675623481863,-256.69327364801944,-1600.8524436121083,438.8567537794078,-0.3983612288598648,-0.05611487784480497,-0.18164719737894283,-377.23950030584257,-1595.791636622798,116.26249140245562
1046,0,-0.24610710501246516,-0.05339568144844266,-0.019443019298485402,-416.7078212677873,-1573.1259541880222,448.18819785798587,-0.22107749403795224,-0.014020782672475201,0.12827983108092453,-451.5093045824762,-1771.788505380505,773.6307272170533,-0.5779861014135913,-1.3542354259338871,-0.6506588119825661,-640.7431710259176,-1751.0398457667711,262.18868082156825,1.5939067354994871,2.8071171363807457,2.625691448165601,-666.4760485479833,-1677.0187560578431,26.92828097631809,-0.306413903531027,-0.07889325663335449,-0.15968654354840875,-542.4617101919866,-1586.4819398784603,438.8045771073468,-0.6846283301154494,1.1919336296177063,0.2210442732211883,-150.54490048193068,-1752.0296552533143,321.67548434091646,0.04209235010320102,0.298818414007406,1.8565116228574645,-251.46122684138916,-1559.0164453082716,307.48944692582205,-0.39724626418708664,0.1395938021476094,-0.2536761188300323,-254.18934101472453,-1603.817488430606,438.03686329334266,-0.39945320124578104,-0.0537469002167828,-0.1803779772478947,-375.5589963750232,-1598.7885021900054,115.7090079405669
1047,0,-0.24797587756745024,-0.050462980509078506,-0.021689934782743222,-414.0680795770361,-1575.9330935125001,447.73561154889705,-0.22137498987919685,-0.01733842709468928,0.12829831574259623,-449.1007038822207,-1774.4941888508993,773.0239876271107,-0.5798146031032269,-1.3534321945326873,-0.6510149746697265,-638.4285106317899,-1753.812704978693,261.97175864649614,1.597526908195957,2.805644236396254,2.6239589425161802,-664.419519168167,-1679.8902579691255,26.698295750939568,-0.30913012109549615,-0.07696600200291613,-0.16005351209144134,-539.8350542979603,-1589.2346904132633,438.55972117911085,-0.685416359977852,1.1938228018354535,0.22305851103162502,-148.205826270492,-1754.8299219937192,320.67228319167293,0.041693438357128215,0.30150569982019304,1.8566654227439414,-249.426745079068,-1561.8400012619495,306.2733417993112,-0.3976038131325658,0.14157238628617444,-0.25381642190905224,-251.56673796711434,-1606.8102441535718,437.155607601762,-0.40080494934576844,-0.051272590180946424,-0.1789896330412099,-373.81731676801246,-1601.8278771032947,115.11361211395187
1048,0,-0.24990777336941214,-0.047382638106804625,-0.024027178617750406,-411.31913677351946,-1578.7481462660726,447.2506026096842,-0.2217804612056763,-0.020440860090335737,0.12813580087591442,-446.5832554890413,-1777.153495126199,772.4102903243313,-0.5819943180262293,-1.3524382510488502,-0.6518179018465105,-636.0104482514695,-1756.5167400258695,261.7306001263243,1.6012309802671192,2.803840542839797,2.622120551175266,-662.2397974497848,-1682.7081618903062,26.436355524392326,-0.3118023913854185,-0.07483137562082945,-0.16061712159550837,-537.0994928389291,-1591.984265444462,438.2952726016474,-0.6860168922402733,1.1958033560727097,0.22459025907443028,-145.78675183697771,-1757.7086922676629,319.63062624684903,0.040766606794210986,0.30415257351769004,1.8565257132623276,-247.25331802919632,-1564.7026845119087,304.96552135744724,-0.3980646440104531,0.14365360908185637,-0.25408433609193953,-248.83578825468223,-1609.8239315035792,436.22198039694223,-0.40241386490114955,-0.04871041554162276,-0.17747219037310205,-372.0196264869183,-1604.90615259889,114.48371108192121
1049,0,-0.25187693376266196,-0.04418166673087237,-0.026398925013405575,-408.47301053133384,-1581.5685382737408,446.74036495814505,-0.22227577542742938,-0.023295375705908377,0.12779845657043598,-443.96041079970405,-1779.7674190140349,771.7984273331136,-0.584505562539121,-1.3512727367463528,-0.653052934535193,-633.4952285655626,-1759.153844239257,261.4735574360726,1.605013414171606,2.8016993541096067,2.620181298170647,-659.936864508977,-1685.4743648989818,26.150290306592378,-0.31441884639946,-0.0725112665547125,-0.161359754984091,-534.2671283359452,-1594.7300758501892,438.01799676216285,-0.6864438027597238,1.1978715297328926,0.2256473557067756,-143.29533088721644,-1760.6574167594033,318.5609855676399,0.039302601758904564,0.3067597907370009,1.8561205227225677,-244.95050866972736,-1567.597746067997,303.57618034955857,-0.39862921102696736,0.14582116847151394,-0.2544669447740528,-246.00811483356904,-1612.850960761324,435.24652242917034,-0.40427267252482474,-0.046079993138761266,-0.17582114249209888,-370.17135849355157,-1608.018564297765,113.82793310059199
1050,0,-0.25385831513162904,-0.040888927908097346,-0.02875178051627997,-405.5428380863763,-1584.3908049949907,446.21313165670864,-0.2228420496447304,-0.02586991575415973,0.12729307112568639,-441.2366300453775,-1782.3369949449902,771.1979734955198,-0.5873273224501271,-1.349957462891272,-0.6546987552015402,-630.8907420590922,-1761.7262518504763,261.21019950745136,1.6088810998812721,2.799196943102235,2.6181497102109645,-657.5116708999313,-1688.1904165448982,25.849341440785583,-0.31696843761495885,-0.0700304794431478,-0.1622596667717397,-531.3511563185848,-1597.4706712805087,437.73549068580934,-0.6867124346287679,1.2000229533940987,0.22624248082915618,-140.74023641955787,-1763.6664075157596,317.474967263741,0.03730392387319428,0.30933070069132795,1.855478605151552,-242.5293314982595,-1570.51771852452,302.1174879355836,-0.3992962421208682,0.14805709848007476,-0.2549506869452099,-243.09650322075836,-1615.883067525399,434.24114004893164,-0.40636922723454855,-0.043401667321242024,-0.17403761646107202,-368.27819654059186,-1611.1591879192854,113.15597004554014
1051,0,-0.2558281342057576,-0.03753447638467735,-0.03103611580328892,-402.54270565393637,-1587.2106464778872,445.67802258599903,-0.2234602293746231,-0.02813348346425393,0.1266267437085061,-438.41746058277613,-1784.863305394597,770.619087517222,-0.5904369721642896,-1.348516316073881,-0.6567279064841456,-628.2064351928136,-1764.2364309454522,260.95103929241697,1.6128525691190394,2.7962949991617148,2.61603739641063,-654.9663835806004,-1690.85746606541,25.543884212702242,-0.31944078407090415,-0.06741637698650273,-0.16329091396462433,-528.3656903819102,-1600.2037676107236,437.4560352388522,-0.6868389188264136,1.2022522256947341,0.22639237860887554,-138.13101887885642,-1766.7250491002292,316.3851006833122,0.03478499482759346,0.3118709156960359,1.854628781232726,-240.00205193749207,-1573.454555130806,300.60340215631925,-0.4000623934870004,0.15034203404336405,-0.2555214264525038,-240.11473123118014,-1618.9114620338312,433.21886853842125,-0.4086864707095545,-0.040696039585576854,-0.17212830272564084,-366.34606446013663,-1614.3209643881034,112.47837713176061
1052,0,-0.257764257866488,-0.03414883663438602,-0.03320723170913589,-399.4874485877267,-1590.0230080506667,445.1448541702142,-0.22411162445629462,-0.030056688865791038,0.12580664161291297,-435.5095852430911,-1787.34749262793,770.0722741574417,-0.593809942385383,-1.3469746086624068,-0.6591073929458826,-625.4531773547569,-1766.6869825872527,260.70722491674235,1.61695663381984,2.7929438142368967,2.61385860034427,-652.3046217028418,-1693.4762265906436,25.24511582310391,-0.32182603747158706,-0.06469851596810469,-0.16442334875915038,-525.3255594595295,-1602.9263009317103,437.1884191073995,-0.686839505373637,1.2045525611612278,0.2261171551426875,-135.47793562289394,-1769.8220106118365,315.3045800110912,0.03177216014688438,0.3143879512960566,1.8535993605307004,-237.38196301125052,-1576.399768297806,299.0494284779865,-0.4009219654558306,0.15265554249418198,-0.2561645246232261,-237.07736801211496,-1621.9269892195098,432.1935852981033,-0.41120256099688646,-0.037983466639163035,-0.17010514650423744,-364.3811190797113,-1617.4957565821578,111.8063342416153
1053,0,-0.25964651061023064,-0.030762244454431355,-0.03522630020707971,-396.39242601683554,-1592.822186607701,444.6239151322318,-0.22477837437731887,-0.03161240943576675,0.12483983326408311,-432.52083643956854,-1789.790772218857,769.5681136745345,-0.5974193729163669,-1.3453583869437054,-0.6617993535792915,-622.6430879668297,-1769.0805495539223,260.4902036863635,1.6212304886992728,2.789086080120166,2.6116297385549267,-649.5316699505388,-1696.046957244176,24.964717840568397,-0.3241147620122825,-0.06190828920630278,-0.16562268857410556,-522.2460811039082,-1605.6345071956694,436.9417381614023,-0.6867299396221805,1.206915532647914,0.2254396967847714,-132.7917575023654,-1772.94545106777,314.2469636048004,0.028303508174376074,0.31689082530525614,1.8524176527553529,-234.6831462060486,-1579.344563370754,297.4723275494098,-0.4018667044969253,0.1549765186823278,-0.256864925851195,-233.99954665006115,-1624.9202963068665,431.1796807749043,-0.41389118389636087,-0.03528354790380889,-0.1679848103066094,-362.38974315255666,-1620.674438958167,111.15137542211339
1054,0,-0.26145688013351664,-0.027403888523264322,-0.0370610374254509,-393.27327513476854,-1595.6019610060919,444.12571455035106,-0.22544382097019633,-0.032776539829025765,0.12373320354276271,-429.46017316219854,-1792.194446449732,769.1169671574147,-0.601235788796937,-1.3436937121575272,-0.6647617938335791,-619.7893282075155,-1771.4197371518069,260.3113695395736,1.6257173410074297,2.7846611428265664,2.6093689368152573,-646.6546581566441,-1698.5694636154042,24.71450332755018,-0.3262978220263673,-0.05907858293721116,-0.1668506798149004,-519.1428158215357,-1608.3240255147716,436.7251754033168,-0.6865249164726774,1.2093309229666764,0.2243852412033108,-130.0835594232178,-1776.0832115988776,313.22583925287495,0.024428476678336163,0.3193896021773938,1.8511095725684052,-231.9202238835224,-1582.2799641517524,295.88977940793023,-0.40288571201422996,0.157283636673872,-0.25760726469910955,-230.89671595047827,-1627.882004464798,430.19169781886905,-0.41672204568148613,-0.03261462552169033,-0.16578792888325256,-360.37853423306467,-1623.8470199864844,110.52509525826689
1055,0,-0.2631796116283345,-0.024101186345694404,-0.03868608714508797,-390.1456516989443,-1598.3557435662258,443.66071077828906,-0.2260927744444913,-0.033528796248814836,0.12249345308011803,-426.3376195973172,-1794.5599155135474,768.728668684091,-0.6052268366450906,-1.3420059320131594,-0.667949366842871,-616.9058628429875,-1773.7070474307654,260.1817059914482,1.630463654481747,2.779609543340473,2.607095572951814,-643.6826963462034,-1701.043116600928,24.506059759375482,-0.3283662696457857,-0.05624345434841537,-0.1680653714564523,-516.0313087264652,-1610.990022072986,436.54776823074957,-0.6862376409670647,1.2117866923362866,0.22298111730775444,-127.3645026142483,-1779.222989300062,312.25446629919634,0.020207213170530668,0.3218948699578375,1.8496993397986097,-229.10811075462013,-1585.1969275206254,294.3200134238757,-0.40396547429113006,0.15955584665903488,-0.25837600113858755,-227.78437821201757,-1630.8028808291924,429.24395270198113,-0.41966153581881727,-0.029993319878766397,-0.16353819124281252,-358.35428535770444,-1627.0027957440152,109.93884278780551
1056,0,-0.26480119141643205,-0.020879126668397335,-0.04008311488057232,-387.02496446015573,-1601.0767481555404,443.2390317575801,-0.22671166826169556,-0.0338535347290996,0.12112717811961754,-423.16416582668273,-1796.88868447201,768.4122170871103,-0.6093571142828126,-1.3403189622945921,-0.6713141940648126,-614.0071986192798,-1775.9448269627972,260.1114376800625,1.6355161179079645,2.773877660704591,2.604829832898409,-640.6269551978176,-1703.4668890402972,24.35039951054064,-0.3303112277449446,-0.05343782726908848,-0.16922151347466155,-512.926825858766,-1613.6273306890541,436.4181710130642,-0.6858795168392541,1.214269060632617,0.2212566532490161,-124.6456169037172,-1782.3524893305946,311.34540799541395,0.015709654385858425,0.32441714030043406,1.8482092746946939,-226.26177174651536,-1588.0864455399405,292.78141516576846,-0.40509001996482635,0.16177290110879416,-0.2591555878298889,-224.67782085172533,-1633.6740071057493,428.35015305136807,-0.42267353487874476,-0.027434122069065446,-0.16126129872625886,-356.3239537579915,-1630.1305312281168,109.40341516617374
1057,0,-0.26631022883571326,-0.017759706372510554,-0.04124063203735905,-383.92611204572717,-1603.758168950732,442.8701985802199,-0.22728860831271014,-0.033740538732787075,0.11964102256463785,-419.9516327992262,-1799.1823641996061,768.175481188814,-0.6135881213996617,-1.3386546003813218,-0.6748067152412729,-611.1081065462251,-1778.1352273331865,260.1097040493877,1.640918468950613,2.7674222633743253,2.6025922847865908,-637.5006832280856,-1705.8394088737728,24.257629921010214,-0.3321237691285464,-0.05069719629847596,-0.170271093637939,-509.84409338780006,-1616.230605124618,436.3444218473247,-0.6854599755844013,1.2167626966123835,0.2192432349669026,-121.93759154743067,-1785.4595538525728,310.5101692255734,0.01101429526881429,0.3269661673819825,1.846659685572304,-223.39599308176437,-1590.9396345857267,291.2921229506463,-0.406241202228441,0.16391588960128137,-0.2599306699434281,-221.59185049275285,-1636.4869409635712,427.52302913835126,-0.4257203279430242,-0.024949062451686585,-0.15898386136088538,-354.2946146713849,-1633.2186641005069,108.92876416050203
1058,0,-0.2676972512852248,-0.014761484120740617,-0.04215358597851572,-380.86323117359444,-1606.3933628073382,442.56286459019293,-0.22781333122308195,-0.03318573031314829,0.11804188905797647,-416.7125054338713,-1801.4426650533096,768.0249324550366,-0.6178783528294901,-1.3370318955038831,-0.6783765559881677,-608.2233361860892,-1780.2801767861736,260.18426828194396,1.646708318453291,2.760214768202552,2.600403474371565,-634.3191538199056,-1708.159026710558,24.236654627653085,-0.3337947992118104,-0.04805732224131369,-0.1711640241455658,-506.7970484707637,-1618.7944771797115,436.3337226973121,-0.6849864481179586,1.219251000351264,0.21697448250939447,-119.25058298744258,-1788.5322684941098,309.75885561344757,0.00620662891851402,0.3295501889936811,1.8450688435382547,-220.52517255951793,-1593.7478122430136,289.86962792968876,-0.4073990931029745,0.16596775775716538,-0.26068631408443,-218.5405385108812,-1639.2338665376467,426.7739950302295,-0.42876357032501167,-0.022547471881623662,-0.15673230261139542,-352.27339861477805,-1636.2555238163764,108.52372849433509
1059,0,-0.268954431126308,-0.011899266059580273,-0.042822764562466566,-377.8494649168712,-1608.9760273438812,442.324581692949,-0.22827709452967745,-0.03219176065269088,0.11633719151691302,-413.4597392061429,-1803.67138268397,767.9654179943993,-0.6221835491335692,-1.335466603750158,-0.6819733981887319,-605.36733070811,-1782.3813611224086,260.3412732535665,1.6529141277193689,2.75224500453758,2.5982835443084724,-631.0995375407782,-1710.4238947187034,24.294916833026022,-0.33531495476955403,-0.04555389578443023,-0.17184898665427595,-503.7986106138169,-1621.3137136212747,436.3922418198987,-0.6844644699454849,1.2217164604452921,0.21448649869325573,-116.59404730293258,-1791.5590490758832,309.09986971564393,0.0013772567549714231,0.33217510280711454,1.8434530359532875,-217.66313391672116,-1596.5025638425275,288.5303919409137,-0.4085424676150044,0.16791378342684496,-0.26140825871370754,-215.53698697556814,-1641.907730584273,426.11285483676727,-0.4317652442209629,-0.020235848971958053,-0.15453184125465416,-350.26741213593135,-1639.229557637969,108.19580391131113
1060,0,-0.27007526522608655,-0.009183931287630146,-0.04325407164425104,-374.8967590505985,-1611.5003665539707,442.16160389849557,-0.22867252688897813,-0.03076843972635444,0.11453512779990681,-410.20654680927726,-1805.8703761397712,767.9999848095207,-0.6264571111546183,-1.333970757214021,-0.6855478341885481,-602.553951910849,-1784.4402119194137,260.58505414071504,1.659552490696401,2.7435242854884017,2.5962518801899863,-627.860697989267,-1712.6320526710197,24.43819347230759,-0.33667453479745874,-0.04322214306008942,-0.1722744396886277,-500.86048187989655,-1623.7833643833064,436.5249464248127,-0.6838978996856091,1.224141064957233,0.2118181354072865,-113.97660399606644,-1794.5287131513392,308.5396583689968,-0.003380307105293812,0.3348436027481393,1.8418266874849052,-214.82296881571318,-1599.1958014649767,287.2894968565715,-0.4096493482550042,0.1697419836800894,-0.26208317476188187,-212.59312335942647,-1644.502361186634,425.5475666432035,-0.4346885448600618,-0.018017842141475022,-0.15240560808453507,-348.28364385133756,-1642.1295541073048,107.95096060324904
1061,0,-0.27105422894574804,-0.006622397202614391,-0.04345773189587964,-372.015693333381,-1613.9612361757543,442.07873570701213,-0.22899346825374756,-0.028932970610192198,0.1126449486316977,-406.9661723988981,-1808.04153909021,768.1297634971215,-0.6306506754865191,-1.332552374024998,-0.6890521821805541,-599.7962245512169,-1786.457900334941,260.9180145994261,1.66662586406264,2.7340876013499034,2.5943267879004597,-624.6229125811496,-1714.7815159068875,24.670446961779056,-0.33786348052133397,-0.04109634752776853,-0.17238978566448282,-497.99298320302154,-1626.1988945641574,436.73547202030346,-0.6832892205376282,1.226506745244631,0.20901121747055149,-111.40593612954005,-1797.4305422543534,308.08252236331316,-0.007972082128710681,0.33755431385648954,1.8402025357161589,-212.01690854284817,-1601.8198188655358,286.16033767223325,-0.4106975764963695,0.1714434297540826,-0.2626989228867668,-209.71953129937268,-1647.0125663802344,425.08407298733994,-0.43749864294998525,-0.015894348885880507,-0.15037393813199762,-346.3288592582872,-1644.944854374117,107.79351464781543
1062,0,-0.27188642665677754,-0.004217717795868637,-0.04344747897883091,-369.2153530137892,-1616.354262250043,442.0792301470448,-0.22923482764437672,-0.026709961295897332,0.1106771980604589,-403.7516614842152,-1810.1867655406227,768.3539165506597,-0.6347148366021559,-1.3312153286924093,-0.692441239456679,-597.1061090457307,-1788.435335038616,261.3405703463698,1.6741208707725763,2.7239947731889798,2.592525209356001,-621.4075231099746,-1716.8703590745852,24.993738564880715,-0.3388714196716582,-0.039209268591118666,-0.17214668558924773,-495.2049324957531,-1628.5562936820033,437.02603305510485,-0.6826398859162456,1.2287958343253487,0.20611066277112725,-108.88872978126385,-1800.2543414210681,307.730495823737,-0.012306227884597953,0.34030097745648413,1.838591847558081,-209.25622601307074,-1604.3673459508507,285.154369174988,-0.4116653792618795,0.17301245358539374,-0.26324479366011094,-206.9253230993013,-1649.4342106230051,424.72620245730195,-0.440163284478354,-0.013863727319245685,-0.14845386069185337,-344.4094891514435,-1647.6655424396906,107.72605677929768
1063,0,-0.2725672603495272,-0.001969302133495048,-0.0432397720661556,-366.50324406732005,-1618.6759281744946,442.1647384410746,-0.22939248044662058,-0.024131195897160694,0.1086439017928551,-400.57563468168286,-1812.3079117786122,768.6696532601454,-0.6385999903082804,-1.3299593915200825,-0.695672953943275,-594.4943108078792,-1790.3731630937968,261.85116059698026,1.6820072776517752,2.7133304390694306,2.590862486486206,-618.2365243995063,-1718.8967890188878,25.40820453254622,-0.33968778532120386,-0.03759144824999893,-0.17150049845296275,-492.50356831962205,-1630.8521573926207,437.39737740034866,-0.6819506654178736,1.2309915251425427,0.20316444067517445,-106.43065348192061,-1802.990502433945,307.4832986004464,-0.016295686621583327,0.3430717500091706,1.837004662680706,-206.55116723736288,-1606.8316060961706,284.2809128897421,-0.41253190313889154,0.17444673768864674,-0.263711718641289,-204.21805767817693,-1651.76426761035,424.47564277598184,-0.44265320615966763,-0.01192210791616857,-0.146658792655717,-342.5315173382034,-1650.282606821372,107.74943857022042
1064,0,-0.2730921364261536,0.00012676371630127945,-0.04285307409725506,-363.8852538393658,-1620.9236278187898,442.33531058333057,-0.22946321940369244,-0.021235158045159477,0.10655868266022442,-397.4500732725888,-1814.4067564933118,769.0723099891031,-0.6422572649224528,-1.3287804338631721,-0.698709002223442,-591.9701330537026,-1792.2717727970241,262.44632425714536,1.690237717987081,2.7022027922516134,2.5893521856805433,-615.1321026644131,-1720.8592002624937,25.912093150616133,-0.3403020124426451,-0.03627041093905825,-0.17041181051141455,-489.894520798822,-1633.083739183795,437.8487849742862,-0.681221946829691,1.2330783174948903,0.20022331859174375,-104.03637598768135,-1805.6300763086467,307.33836111767556,-0.019860714338794126,0.3458486869420902,1.835450050048493,-203.91091006035094,-1609.206378719326,283.54702746842463,-0.4132776958274956,0.17574728832157147,-0.26409244287833344,-201.60370548607716,-1654.0008484663406,424.3319820285628,-0.444942362235612,-0.01006378782776695,-0.14499842657334863,-340.70037367532416,-1652.7880681730255,107.86281313686835
1065,0,-0.27345622839762534,0.00207730992711061,-0.04230721271535424,-361.3656570289398,-1623.0956845357684,442.5894436442501,-0.229444764752267,-0.018066311858878577,0.10443678689110981,-394.3861238059539,-1816.4849610504682,769.5554913823241,-0.6456395032041483,-1.3276707845494102,-0.7015152721540974,-589.5413778372579,-1794.1312975306553,263.12083430194156,1.6987481992440057,2.6907410496008204,2.5880059960466384,-612.1161380641147,-1722.7562073088998,26.501857837341266,-0.3407038067279096,-0.03526977619626162,-0.16884800825638235,-487.38182937236354,-1635.2489720649862,438.37810848367485,-0.680453954467436,1.2350424442479755,0.1973403591786198,-101.70961865558894,-1808.1648588894184,307.2909178212201,-0.022931148027129058,0.34860748550041265,1.8339363630270442,-201.3435467620456,-1611.4860682232627,282.9574421676288,-0.41388512098129276,0.1769182987992253,-0.2643816519981949,-199.08665977075805,-1656.1432047983612,424.29281164428204,-0.447007973861011,-0.008281686858777552,-0.14347879374768752,-338.9208382547948,-1655.1750697465425,108.06372488583044
1066,0,-0.27365431017822833,0.0038916100363632655,-0.04162283291955231,-358.94716536760495,-1625.1913378745428,442.9241724658784,-0.22933583003741037,-0.014674159273563903,0.1022950103668998,-391.39392791312,-1818.544031814188,770.1112649855534,-0.6487022596183172,-1.3266197131900284,-0.7040622579975674,-587.2142975046997,-1795.9516196023264,263.86788085195724,1.70745940565758,2.6790916971746284,2.58683371368171,-609.2096881943198,-1724.5866494917243,27.172298823011776,-0.3408834710104542,-0.03460831746592099,-0.1667848385513274,-484.968005052515,-1637.3464625812312,438.9818520457377,-0.6796468532226241,1.2368722672672128,0.19457014786477023,-99.45323702828337,-1810.5874911944993,307.3341626600311,-0.02544827289571991,0.3513175563700118,1.8324714777296829,-198.8560861799914,-1613.6657788543607,282.5145499599353,-0.4143386984724961,0.17796691492080613,-0.26457604930975903,-196.6697916746848,-1658.1917065152054,424.35388238667895,-0.4488304246936886,-0.006567843221178303,-0.14210247457203137,-337.1969619172983,-1657.4379299651423,108.34824070880313
1067,0,-0.2736806712373855,0.0055808596743795,-0.040820940329326705,-356.6310179423229,-1627.210701303014,443.3351957545484,-0.22913623179723694,-0.011112105321196889,0.10015152018512923,-388.4824821535377,-1820.585286208382,770.7303991173577,-0.6514047820731143,-1.3256140091531559,-0.7063253838798258,-584.9935959248555,-1797.7323729024572,264.6792914765094,1.716278774264598,2.667413635088792,2.5858433198118744,-606.4324708190584,-1726.3495662349044,27.916744080927966,-0.3408322661239554,-0.03429901249607637,-0.16420789047914325,-482.65413318889784,-1639.3754612959847,439.6552816513836,-0.6788007204669472,1.2385586318469293,0.19196775156631746,-97.26932510080795,-1812.891573573067,307.45945795895454,-0.027366185671695336,0.35394248070750317,1.8310629990851548,-196.45447054784316,-1615.7413934210563,282.2184544514981,-0.4146253669872077,0.17890291768504074,-0.2646743802137353,-194.35454507428486,-1660.1477947564817,424.50930297026594,-0.4503930350733583,-0.004913927891099622,-0.1408689232902389,-335.53200726949643,-1659.5721585584638,108.71111358495496
1068,0,-0.27352912117024003,0.007157623357945379,-0.03992252661830774,-354.4171078632651,-1629.154695251471,443.81702957186343,-0.22884702451054395,-0.007436173667043276,0.09802557328021119,-385.65953122809935,-1822.609823935229,771.4026318956539,-0.6537109526389622,-1.3246386210543015,-0.7082852760727987,-582.8824760449247,-1799.4729431212602,265.5457763749503,1.7251032888968734,2.6558724210320155,2.5850411530630977,-603.8023649467298,-1728.0441431785323,28.72725923411184,-0.340542777112443,-0.034348140744068396,-0.1611139263025761,-480.4400113707528,-1641.3358150425902,440.3925602775354,-0.6779153834901462,1.24009516644233,0.18958743319562704,-95.15933513709169,-1815.0717900529569,307.65658661487794,-0.028652590655593013,0.3564408868488218,1.8297184203410086,-194.14360238775635,-1617.7096523988314,282.06706328222754,-0.4147346695979998,0.17973833994474347,-0.2646774027855657,-192.14106584067085,-1662.0139108380647,424.7517700593631,-0.4516817523221503,-0.003311757704634305,-0.1397748723893338,-333.92841314005403,-1661.57443951784,109.14596889964064
1069,0,-0.27319308734798425,0.008635264775200859,-0.03894826435061596,-352.3041398694016,-1631.0249603577868,444.36317992718295,-0.2284706379080684,-0.0037036221376935564,0.09593714020715038,-382.9314964113768,-1824.618504438708,772.1169582625234,-0.6555901664755909,-1.3236773208810448,-0.7099280054654502,-580.8827278059243,-1801.1724643425057,266.4571862247728,1.7338228990777578,2.644633884754514,2.584432166569705,-601.3349493365519,-1729.6696323857657,29.5948760484947,-0.340009253985455,-0.034754489994690885,-0.15751198428371974,-478.3243160292116,-1643.2279067032825,441.1869000614188,-0.6769901370929455,1.2414785133890673,0.18748117037508089,-93.12420575829229,-1817.12403675734,307.9140367782738,-0.02928900777199824,0.35876775072394557,1.8284452248558645,-191.92737748839747,-1619.5682288946036,282.0562200412072,-0.41465886542305724,0.18048703374050032,-0.26458780476848737,-190.0283592580902,-1663.79340280632,425.0728183164985,-0.4526847964820477,-0.0017537883471424988,-0.13881478274061232,-332.3877840365266,-1663.4425854829358,109.64550394337031
1070,0,-0.27266580521784833,0.010027375421832282,-0.03791825662395539,-350.28981249936237,-1632.8237560173573,444.9663265220071,-0.22801099249081366,2.8488435396358523e-05,0.0939064480668164,-380.3034396704738,-1826.611931342438,772.861921745355,-0.6570181315860574,-1.3227133592124827,-0.711245318688453,-578.994848480474,-1802.82981115269,267.4027714264465,1.742324430875682,2.633857445106565,2.58402025104441,-599.0430966410715,-1731.225252476879,30.509829628869102,-0.33922789876211196,-0.035508737208156255,-0.15342417480278508,-476.30479049795696,-1645.0525881040505,442.03072427646794,-0.6760233721741988,1.242708476676954,0.18569704802625453,-91.16449124231703,-1819.0455462467496,308.21930800224567,-0.029270412991008563,0.3608760880993054,1.8272509241556882,-189.80872106087284,-1621.3157943655513,282.1798667907402,-0.4143929717226697,0.18116420434066552,-0.2644100684607584,-188.01446864080137,-1665.490411972,425.46307976694453,-0.4533922996525327,-0.0002335690371796844,-0.1379813090094919,-330.9109047648039,-1665.175469045429,110.20169190208954
1071,0,-0.2719405965073904,0.011347216335910446,-0.03685182691463791,-348.37101766523097,-1634.553849298867,445.61851055406055,-0.22747357076317895,0.003704718891040788,0.09195346145491873,-377.7790627138078,-1828.5904442284384,773.6258985340422,-0.6579775737628453,-1.3217300829301042,-0.7122348701327563,-577.2181862499916,-1804.4435860120002,268.37143299697954,1.7504958172904812,2.6236894971817826,2.5838085968080087,-596.936639643984,-1732.7100767715235,31.461795359600746,-0.3381970760462795,-0.03659306704001508,-0.1488860941066257,-474.37844674577286,-1646.8111109468443,442.9158327642482,-0.6750121590934434,1.2437880749497352,0.18427761106904605,-89.28048546254739,-1820.8349983674973,308.5592281519755,-0.028604369794482856,0.36271896779964347,1.8261430330630923,-187.78962537110934,-1622.9520699118204,282.43022986224986,-0.4139347411949525,0.1817859261319927,-0.26415028617486375,-186.09666772704682,-1667.109742582992,425.91254289181774,-0.45379597355765133,0.0012538584418874473,-0.13726575519019085,-329.49777904967095,-1666.7729368734972,110.8059830060981
1072,0,-0.27101122598931865,0.01260718779903409,-0.03576733588621874,-346.54404990160066,-1636.2183990471058,446.31132068947693,-0.22686542566347398,0.0072726200633915165,0.09009732386900147,-375.36073916434196,-1830.5541177815837,774.3973631570425,-0.6584588310199798,-1.3207114935079323,-0.7129004581618922,-575.5510974017055,-1806.0121025273188,269.35195727155696,1.7582304410290954,2.6142572437765623,2.583800061762115,-595.0221234733363,-1734.1229191414345,32.44011784192454,-0.3369174313406209,-0.03798108537575933,-0.14394678788281765,-472.5417727423627,-1648.5050597091983,443.8335657948766,-0.6739518374823413,1.2447234916893573,0.18325827368345113,-87.47233458985313,-1822.492607816833,308.92027107500957,-0.02730974428447475,0.364251737038384,1.8251289905287826,-185.87118834122282,-1624.4778583415343,282.7980224768051,-0.4132845793943258,0.18236865483828563,-0.2638159301853643,-184.27165920945438,-1668.6567185108177,426.410803389674,-0.4538888346543157,0.002711632129739397,-0.136658501616302,-328.14768984446664,-1668.2357125754047,111.44949715857416
1073,0,-0.2698723225689936,0.013818341826943846,-0.03468201439460048,-344.80481727141114,-1637.8208396106709,447.03607268170106,-0.22619511324134706,0.01068400046080602,0.08835578417776677,-373.04957716734106,-1832.502768023811,775.1651274289424,-0.6584603200152112,-1.3196427315691783,-0.7132522578862658,-573.991107864853,-1807.5333663864071,270.3332286857775,1.765431358709503,2.6056633214813467,2.583997508850223,-593.3026543034003,-1735.4622281053637,33.434025505960015,-0.3353919087823946,-0.039638074558544005,-0.13866821033138657,-470.7909374978819,-1650.1362893073642,444.7749628400649,-0.6728356667468585,1.2455239196423655,0.18266588428792657,-85.74013355367994,-1824.0201791752565,309.2888660584061,-0.025415122712813334,0.36543431906823304,1.824216042099227,-184.05365371599734,-1625.895052943597,283.27265878374885,-0.4124454075499171,0.18292875010819865,-0.2634155824873945,-182.5357718013945,-1670.1370314027008,426.94730027824147,-0.45366500956999134,0.004140827137627005,-0.13614939148713442,-326.85927810698536,-1669.5652939037993,112.12320410130731
1074,0,-0.26851984548690233,0.014989951711395052,-0.03361180530862259,-343.14904593649555,-1639.364768145851,447.7839794958831,-0.22547254328603322,0.013896055933379994,0.08674463382794143,-370.8455090012992,-1834.4359651173859,775.9185471604305,-0.6579888541504465,-1.3185104812535546,-0.7133070308607569,-572.5350707976717,-1809.0050569056657,271.3044170640855,1.7720151694706487,2.5979815203109142,2.5844040764564595,-591.7778509785282,-1736.7259995913087,34.43282620125975,-0.33362566736134464,-0.0415216217191814,-0.1331241438667443,-469.1219862168901,-1651.706869208468,445.73091423014495,-0.6716545891795489,1.2462013022128164,0.18251754032208373,-84.08400229421642,-1825.421121493784,309.65169137099554,-0.022957064047212386,0.3662334262786769,1.8234111045792354,-182.33645431696948,-1627.2066198984141,283.8424749605231,-0.411422476652578,0.1834820220941818,-0.26295863133675396,-180.88514855143876,-1671.5565851367774,427.5115327749816,-0.4531196364283877,0.005540308437615528,-0.13572807089692246,-325.6306361784422,-1670.7638493356242,112.81808880750698
1075,0,-0.26695157195025304,0.016129151707489145,-0.03257121090582034,-341.57247076962796,-1640.8538388843897,448.5463100525035,-0.2247087490339447,0.016872331355913525,0.08527718065812892,-368.7474036465282,-1836.3530520359154,776.6476940537617,-0.6570597905865727,-1.3173032952940653,-0.7130882803801998,-571.1793134141487,-1810.4245131837733,272.2551379008947,1.7779153072991896,2.5912538231026176,2.58502334905564,-590.4439013709265,-1737.911717658061,35.426080869434415,-0.33162590153788746,-0.04358263167908826,-0.12739856999837304,-467.53101867058115,-1653.2190347147075,446.6923049332488,-0.6703971503986925,1.2467699799319751,0.18281973484322353,-82.5041390183354,-1826.7004164841467,309.99594563397443,-0.019978318838380364,0.36662453268276957,1.8227206337260762,-180.71826049211703,-1628.416552435745,284.49495397334107,-0.41022313922477344,0.1840433150072981,-0.26245494340423287,-179.31591970359887,-1672.9213415706454,428.09325506336154,-0.4522488700640263,0.00690668688113375,-0.13538428096104835,-324.459411528397,-1671.834118325896,113.52530118713898
1076,0,-0.26516757919414347,0.017240658298359256,-0.0315731471476364,-340.07100509115315,-1642.291667129722,449.3145357280956,-0.22391558479863347,0.019583491410029016,0.08396378439449675,-366.7531977773293,-1838.2531682855704,777.3434929293287,-0.6556969828851156,-1.3160118473534113,-0.7126263118065286,-569.9197680153707,-1811.7887295149262,273.1755859948985,1.7830845742685406,2.585488905053064,2.585859403181813,-589.2937204377663,-1739.0163303605632,36.4037542783753,-0.32940157834125666,-0.04576671136355582,-0.12158351290874662,-466.0143447523231,-1654.6751453832558,447.6501506131767,-0.6690496097258175,1.24724625462259,0.18356789919048644,-81.0008489427918,-1827.8645367523459,310.30959229998496,-0.016526130336590856,0.3665934676262973,1.8221505119095158,-179.19703596933897,-1629.5297961565886,285.21695140215195,-0.4088565854481941,0.184626139604204,-0.2619145223282466,-177.82435424213958,-1674.2371724694208,428.682647529351,-0.45104999151060665,0.008234382814626958,-0.13510810372647813,-323.3429164876655,-1672.779318698852,114.23629027902695
1077,0,-0.2631706922568895,0.018326582429177476,-0.030628810382222843,-338.6408836247285,-1643.681745080963,450.08046448218295,-0.2231053674627356,0.022007883741223196,0.08281147678085127,-364.86004029214456,-1840.1352778006487,777.9978266623147,-0.6539325183001229,-1.3146291209180812,-0.7119581528992222,-568.7520840743118,-1813.094364857569,274.0566444003221,1.7874967845957297,2.580662143276055,2.586916714773871,-588.3172022818924,-1740.0362651451608,37.35634357525067,-0.326963108534937,-0.048015884106931916,-0.1157764133875288,-464.56861220548285,-1656.0776499609644,448.5957266667056,-0.6675962572603844,1.2476478872764127,0.1847463841599818,-79.57454829063431,-1828.9213131704573,310.58157406535486,-0.01265070890536289,0.36613752252373677,1.8217059664423023,-177.77010295317797,-1630.5521463084758,285.9949203516705,-0.4073335504153598,0.18524236504665564,-0.2613471663206486,-176.4069853221788,-1675.5097221426681,429.27046428243307,-0.44952161474227625,0.009515797813681833,-0.1348901652561622,-322.2782396341359,-1673.6030637694219,114.94292385980322
1078,0,-0.26096686884871745,0.019386339729470462,-0.029747565174016402,-337.278774044123,-1645.0273708971276,450.836362916536,-0.22229048313575178,0.024131882980108856,0.08182368558771308,-363.0644452992158,-1841.9982001263722,778.6036127598906,-0.6518062238920723,-1.313150543680469,-0.7111272907142437,-567.6717200407588,-1814.3377707360548,274.8899718941028,1.7911474478730351,2.576717098628378,2.588199927086911,-587.5015544417041,-1740.967485126327,38.27498689612733,-0.3243219742791396,-0.050270561114938744,-0.11007713168238487,-463.1909027023797,-1657.429056737995,449.52069115968146,-0.6660199370987424,1.2479935480183184,0.1863288978914391,-78.22574453300847,-1829.8797532549843,310.8019955012278,-0.008403941152015102,0.36526599847059077,1.8213915227739765,-176.43421761781394,-1631.4901191690678,286.81513389209437,-0.40566599953964033,0.1859019785683878,-0.260762139023174,-175.06070602440502,-1676.7442847412874,429.84815772605737,-0.44766397675431086,0.010741590697655314,-0.1347217998893975,-321.2623546796115,-1674.3092909348375,115.63759481788912
1079,0,-0.2585654948146067,0.020416663015982158,-0.028936863587628606,-335.98185398430775,-1646.3315917285938,451.57506676257873,-0.22148298312546058,0.025950008720780994,0.08100007653781344,-361.36244844871936,-1843.8406440255599,779.1548562968363,-0.6493649332805173,-1.3115740739179906,-0.7101831887734779,-566.6740151482379,-1815.515041003168,275.6680729224752,1.7940534768819347,2.5735683524845294,2.589713491974329,-586.8316994511595,-1741.8055847435367,39.151555285736244,-0.3214903394139589,-0.052471666750783935,-0.1045847208410456,-461.8787938238645,-1658.7319078524422,450.4172025071934,-0.6643027595305236,1.2483022380063393,0.18827939323907175,-76.95499499569706,-1830.7498151698073,310.96227346344364,-0.003838364546280351,0.3640001605195797,1.8212109911027714,-175.1856562954164,-1632.3508009866239,287.66390371265925,-0.4038667997810437,0.18661291894180687,-0.2601678686548176,-173.7828332289496,-1677.9456994154114,430.4079816016538,-0.4454792908646096,0.011901049357036777,-0.13459517959189993,-320.2922230082473,-1674.9022026784191,116.31331573464202
1080,0,-0.2559795680146694,0.021411718237570616,-0.02820220640241963,-334.74785204313304,-1647.5971607821316,452.290080280829,-0.22069419350818187,0.027464815282709956,0.08033652099385644,-359.7497616525047,-1845.6612426941251,779.6466839796976,-0.6466615158003212,-1.3099002423608483,-0.7091805592338281,-565.7542428299549,-1816.6220854952774,276.3843542155231,1.7962519573904623,2.5711055132219998,2.591461209608934,-586.2907266157245,-1742.5459208634802,39.97873163237257,-0.3184806700636128,-0.05456279010118468,-0.09939414882816293,-460.63038601472454,-1659.9887558869564,451.27803235585344,-0.6624269703661532,1.2485927038002504,0.19055337186864515,-75.76284694708811,-1831.5421445412503,311.05525583157805,0.00099359078523697,0.3623726021639333,1.8211674805154383,-174.02031173153915,-1633.1416790905566,288.5277937535207,-0.40194938518007606,0.1873809868647152,-0.25957169025127336,-172.57113881898474,-1679.1182656727678,430.9430742977484,-0.4429721375553648,0.012982545274356903,-0.13450341187106618,-319.36488643338754,-1675.386220200736,116.96380292764997
1081,0,-0.25322575473310016,0.022363321517716084,-0.027547155685061244,-333.57505298882035,-1648.8265078782931,452.97566485302235,-0.2199343602821423,0.028686556650487822,0.07982519084744413,-358.22192155152226,-1847.4585898351327,780.0753635444961,-0.6437536817587569,-1.3081321503000338,-0.7081783781682618,-564.9076483468841,-1817.6547279045315,277.03317194754356,1.7977980630619512,2.569198154376763,2.593445701382859,-585.8603759980891,-1743.1837734642988,40.75008020150922,-0.3153053920271796,-0.056492225417793,-0.09459316484250432,-459.44429517525725,-1661.2021411469295,452.0966734415385,-0.6603759333486291,1.2488828646206003,0.19309954819868455,-74.64976311756892,-1832.2677835026154,311.07530978344823,0.006040116944186571,0.36042605957095336,1.821263431475439,-172.93379784915942,-1633.870460764148,289.3938275212706,-0.39992742601599446,0.18820983201693098,-0.25897964431946324,-171.4238488341425,-1680.2656803691577,431.4475243038656,-0.4401498622950913,0.013974053065849324,-0.13444060915418593,-318.477547253336,-1675.7659492353762,117.5835508104339
1082,0,-0.2503243100717584,0.02326125126597712,-0.026973406157862218,-332.462268986982,-1650.0217224446233,453.6269166570018,-0.2192123478653318,0.02963263655809614,0.07945477612172559,-356.77442755646996,-1849.2312759148658,780.4383116817146,-0.6407025903562032,-1.3062754224328108,-0.707238646948049,-564.1294738961914,-1818.6088263427116,277.60987255558194,1.7987622378582706,2.56770141182564,2.595667857427741,-585.5215367040227,-1743.7145286210994,41.46010972269417,-0.31197660767563473,-0.05821477361730283,-0.09025949360218655,-458.3196130610652,-1662.3745682405904,452.86744135488533,-0.6581351721906458,1.249189272071233,0.1958617954155232,-73.61603722548242,-1832.937863123283,311.0183811430525,0.011250344172472714,0.35821174717396054,1.8215006552700117,-171.92156059957608,-1634.5448862073451,290.2496875950232,-0.39781451161583503,0.18910101265856194,-0.25839634266930467,-170.33961253104388,-1681.3909968721118,431.9164195298106,-0.43702294611251463,0.014863713041336282,-0.13440193190515826,-317.62763325937584,-1676.0461570120676,118.16789687808831
1083,0,-0.24729886091902703,0.024093645764515146,-0.026480920001414276,-331.40878007614697,-1651.1845475080293,454.23983278372094,-0.2185354032653423,0.030326860755560823,0.0792108157482439,-355.4028658679419,-1850.9779239987004,780.7340924149186,-0.6375712988362059,-1.3043381112817691,-0.7064249185081486,-563.4149748207589,-1819.480413247842,278.11082923999305,1.7992268009186163,2.566461951915457,2.598126303901771,-585.2547425028237,-1744.1338755596955,42.104331948404464,-0.3085058898700518,-0.05969320306805005,-0.0864585044609451,-457.2558389917636,-1663.5084808763652,453.5855683475794,-0.6556934124163747,1.2495266204465252,0.198781279589487,-72.66170445415102,-1833.563291489444,310.8820263962706,0.016574516610952796,0.3557873120289759,1.8218803679062845,-170.97899174270867,-1635.1725423588796,291.0839055025588,-0.39562385729117705,0.19005411953938037,-0.2578249088591877,-169.31744451398342,-1682.4966061178545,432.345881855902,-0.43360531317517803,0.01564041107952857,-0.13438360717934592,-316.81284594489136,-1676.231758798147,118.71307700181632
1084,0,-0.24417605610316986,0.024847473439845773,-0.026068126231181935,-330.4142483040888,-1652.316383034351,454.81136457812323,-0.2179089924291518,0.03079851523908853,0.07907612788263418,-354.10301654587596,-1852.6972246322673,780.9624065197868,-0.6344231008287761,-1.302330549350067,-0.7058006231824652,-562.7594306078137,-1820.2658496299355,278.5334749052136,1.799282153841946,2.5653240246097067,2.6008169356490582,-585.0406493769295,-1744.4380089968167,42.679316284876656,-0.3049041647962441,-0.060899301081978004,-0.08324145379258302,-456.2527874555406,-1664.6062340962208,454.24728667001006,-0.6530435601093625,1.2499073237605982,0.20179867732615417,-71.7864519114623,-1834.1544501069507,310.6654188086782,0.021964094709878396,0.35321452233027156,1.8224032060017898,-170.10154183918735,-1635.760684454709,291.88603971046547,-0.39336804572105327,0.1910669522365295,-0.25726699688863625,-168.35664413092366,-1683.584238567684,432.73308779035364,-0.42991454106828036,0.01629434776344624,-0.1343829239328906,-316.03119077390977,-1676.3278119854829,119.21627007162573
1085,0,-0.24098509303004112,0.025509060336531292,-0.025732181835023182,-329.4786108700506,-1653.41829691674,455.33945646336264,-0.21733670979936187,0.03108129999004762,0.07903132288765745,-352.87094141533436,-1854.3879692899088,781.1240713196327,-0.6313198078063846,-1.3002651459831387,-0.7054272437707575,-562.1581541778133,-1820.9619872769845,278.8763309915504,1.7990227854078855,2.5641353323916607,2.60373255654582,-584.8604815738512,-1744.6238278163528,43.18273964226444,-0.30118169008933626,-0.06181447985862032,-0.08064435191448414,-455.3104770221101,-1665.670063507022,454.84989845036574,-0.6501835550661357,1.2503411730702416,0.20485636823772566,-70.98953392756418,-1834.7209109876892,310.3693297695324,0.027371852492840916,0.3505568150981616,1.823069213549276,-169.28482838697468,-1636.3160719542198,292.64683896196834,-0.39105881197770304,0.19213573361395925,-0.25672288767932727,-167.45669716216415,-1684.6549854851316,433.07627555197513,-0.4259719440875682,0.016817568360567605,-0.1343982063310381,-315.28098900322465,-1676.3395153072995,119.67563043673375
1086,0,-0.23775713365386647,0.026064657149147297,-0.025469287800157416,-328.60195829656135,-1654.4910420164967,455.82306812364175,-0.2168202573985538,0.031212152317002754,0.07905537960653855,-351.70305134135015,-1856.0490819552806,781.2209891618448,-0.6283200303531691,-1.2981561283027991,-0.7053624025422438,-561.6065025573153,-1821.566331529429,279.13903042015056,1.7985432715541996,2.5627524732622797,2.6068626625413778,-584.696434985069,-1744.6891213496187,43.61342921845461,-0.2973481289358442,-0.062429929701245904,-0.07868746523077903,-454.4290065535805,-1666.702051505112,455.3918287858737,-0.6471170398251461,1.2508350844806424,0.2079004965160282,-70.269696669668,-1835.2711858268,309.9960861036715,0.03275203286450418,0.34787682939797987,1.8238777911302668,-168.524734915112,-1636.8448248720842,293.35838766331614,-0.38870687914563384,0.19325534727567978,-0.2561916586597937,-166.61716544346518,-1685.7093375068912,433.37473833999337,-0.421802507157496,0.017204427017192513,-0.13442876651131855,-314.5608712292213,-1676.2722104891488,120.09030612531348
1087,0,-0.23452462537160948,0.026501026497748544,-0.025275049279060387,-327.78440407914457,-1655.5350778739767,456.26217773681765,-0.21635948598857568,0.03122999729866786,0.07912626370745375,-350.59615215563275,-1857.6796484254037,781.2561021644877,-0.6254775165674242,-1.296019229051752,-0.705657933209839,-561.0998914329987,-1822.0771966356895,279.32233182648685,1.7979344581289942,2.561045751318071,2.6101933915966575,-584.532029087814,-1744.6327351081693,43.971394663746764,-0.2934127143127752,-0.06274633879941001,-0.0773754304995597,-453.6084250620374,-1667.7040910238093,455.8726585309169,-0.6438537934653528,1.2513929445280199,0.21088280584047916,-69.62511604480194,-1835.8125171818983,309.54950371277374,0.038060613158462896,0.34523404514003025,1.8248276031755446,-167.8174969581482,-1637.3523056455238,294.0142295412103,-0.38632184807515557,0.19441958345623075,-0.25567141765489754,-165.83757044958216,-1686.7472381609375,433.628803071776,-0.41743465694322396,0.017451962137097578,-0.13447483860790815,-313.8697535520182,-1676.1313834776681,120.46044053929802
1088,0,-0.23132054484754397,0.026806029903067626,-0.025144865601960657,-327.02595243189006,-1656.5505959888474,456.6577640114449,-0.2159524879991725,0.03117446518589273,0.07922156573347493,-349.5474692486083,-1859.278942935884,781.2333304875949,-0.6228396045426362,-1.2938713278306542,-0.7063580180145366,-560.6338153283141,-1822.4938455489978,279.4281214707843,1.797279992775453,2.558903188642814,2.6137076517613593,-584.3524011583136,-1744.454708680031,44.25784511933625,-0.2893844900446476,-0.06277322262724955,-0.0766979307278696,-452.8486017250831,-1668.6778479293787,456.293133279597,-0.6404098895626127,1.2520155556694814,0.2137621672520649,-69.05335225716018,-1836.3507196277396,309.0347975793715,0.04325571686151967,0.34268263471133853,1.8259164439405746,-167.15977116711395,-1637.8430305022605,294.60946546319906,-0.3839121404010655,0.1956213803043431,-0.2551595886278537,-165.1172770101656,-1687.7681497770604,433.8397935310833,-0.4128998662852568,0.017560164815571027,-0.1345374962367235,-313.2067979930272,-1675.9226623526706,120.78715527088548
1089,0,-0.22817758523450607,0.02696919320762012,-0.025074332728285027,-326.32637066033993,-1657.5375478738408,457.0117651234115,-0.21559572994456624,0.031084616882821593,0.07931913615546392,-348.55465153073277,-1860.8464516873737,781.1574914551194,-0.620445845102638,-1.2917300552004876,-0.7074974736393989,-560.2038742722099,-1822.8166063197687,279.459398751697,1.7966533444050243,2.556233616309844,2.6173854251266033,-584.14453891122,-1744.1563795546163,44.47518611977954,-0.28527260781715813,-0.06252792570423021,-0.07663086124530298,-452.1491025209643,-1669.6247237641,456.655145323289,-0.6368075507917571,1.2527006807354568,0.21650573830734693,-68.55132368683809,-1836.8900765703163,308.45846793297983,0.04829818707231736,0.3402696169335284,1.8271410684103924,-166.54868435211333,-1638.3206129477426,295.1408212186573,-0.3814849892148871,0.1968530496846861,-0.2546532339431106,-164.45538323134642,-1688.7711291181818,434.0099767262123,-0.40823209776180797,0.0175321278818169,-0.13461855609064452,-312.5713595185534,-1675.6518091161092,121.07251191392832
1090,0,-0.2251273096475128,0.026982229212530507,-0.025059638160361577,-325.6850723522378,-1658.4956753757597,457.32701326368704,-0.21528421092043204,0.03099771861983356,0.07939769532923113,-347.6157561017824,-1862.3818928096061,781.0341973118786,-0.6183268493306842,-1.289613371106874,-0.7091002694240481,-559.8058069118475,-1823.046957965171,279.42024118722185,1.7961154176775485,2.552968769563038,2.621204232671681,-583.8974500515579,-1743.7404478491512,44.62699140686974,-0.28108665287912266,-0.06203437280181627,-0.07713789987807022,-451.509079643639,-1670.5458209860512,456.9616859997438,-0.6330746881448611,1.2534431818025464,0.21908971215085368,-68.11530196762703,-1837.4332958732266,307.82816230558615,0.05315231443575869,0.33803338178211756,1.8284969996793146,-165.98185997934888,-1638.7877405412353,295.60668126555856,-0.37904646782106177,0.19810647936563835,-0.2541493958661146,-163.85062234979617,-1689.7549100178164,434.1424913453684,-0.40346710217747406,0.017374069093906572,-0.1347204707956103,-311.96292266285275,-1675.3247027980822,121.31945125069213
1091,0,-0.22219929566768074,0.026839497217886282,-0.025097926557652653,-325.10101699121503,-1659.424543003612,457.60714436662107,-0.21501163348286817,0.030948105526175076,0.07943739786825628,-346.7292155353015,-1863.8852322334749,780.8697301862185,-0.6165034116783814,-1.287539130228801,-0.7111783569201892,-559.4355291507796,-1823.1875798287012,279.3157451312468,1.7957128375153182,2.549064362140318,2.6251397340663534,-583.6022693416567,-1743.2109983019118,44.71794538113864,-0.27683696666885055,-0.06132165471742073,-0.0781723864300776,-450.92717928160164,-1671.4419131147695,457.216766887428,-0.6292441306369211,1.2542352461691153,0.22149963639113868,-67.74092930714562,-1837.9815248315665,307.1525133907958,0.05778668917777937,0.3360026316532848,1.8299783288734703,-165.4574205370184,-1639.246184659915,296.0070849964824,-0.3766015448173149,0.19937330667133732,-0.2536454389984854,-163.30128165847233,-1690.7179903264835,434.2412575380782,-0.39864159826816203,0.01709522798974107,-0.13484621459414095,-311.38103127946465,-1674.9473117863195,121.531708960163
1092,0,-0.21942029705459495,0.02653838090000987,-0.02518761361041985,-324.57263078992423,-1660.3235721872989,457.8564836396004,-0.21477057373381672,0.030966170997559824,0.07942033348395973,-345.8937901794728,-1865.3566948650137,780.6708938736413,-0.6149859524899788,-1.2855246475098783,-0.7137308810867964,-559.08917665708,-1823.2423599209644,279.1519393661989,1.7954769454977682,2.5445001658698714,2.6291664279454405,-583.2523055917841,-1742.5734775324665,44.75375318987664,-0.2725349323730377,-0.060422534762098336,-0.07967941362345705,-450.40147251017976,-1672.3134222440065,457.4253097024384,-0.6253525713971493,1.2550666896700309,0.22373030337371122,-67.42325827433429,-1838.5344224924984,306.44095315144784,0.06217512579093168,0.33419576243888816,1.831577526989136,-164.97396520908362,-1639.6968415381393,296.3436829826703,-0.37415415369486427,0.20064506209149094,-0.2531393751988333,-162.80514283359364,-1691.6587205367223,434.3108678496543,-0.39379237021784574,0.01670764165613766,-0.13499916556822586,-310.8252153549831,-1674.5256540178855,121.7137079915918
1093,0,-0.21681345015067507,0.026079568298950695,-0.025328626385246966,-324.09775253796613,-1661.1920774954226,458.07990872136884,-0.2145526387482475,0.031077514610785593,0.07933094957547884,-345.10850828820503,-1866.7967703826664,780.4448433168969,-0.6137743134346539,-1.283586277338146,-0.7167438306188455,-558.763149036499,-1823.2163594626327,278.9356699704462,1.7954235167576693,2.539279170811422,2.633258412121563,-582.8430324373275,-1741.834626434939,44.741017161262306,-0.2681931897702399,-0.059371956260483943,-0.08159803390212277,-449.92941300132867,-1673.1604062534473,457.5930064035522,-0.6214392766858331,1.255925325035653,0.22578523467769432,-67.1568135090742,-1839.0902849860731,305.70350451416823,0.06629759211114136,0.33262068670147293,1.8332852898151444,-164.53052341804684,-1640.1398015911204,296.6196519113551,-0.37170726708400004,0.20191328462671482,-0.2526301531814566,-162.35944698796376,-1692.5753915616997,434.356459965386,-0.38895532811818273,0.016225810120899915,-0.1351829879023851,-310.29491906048065,-1674.065744656604,121.87042894385797
1094,0,-0.2143975539734796,0.02546722042455035,-0.0255225503971366,-323.6736071002422,-1662.0293048496226,458.2826936155662,-0.21434860155290003,0.031302276015028746,0.07915638445360294,-344.3725971211005,-1868.2062129258713,780.1988941293731,-0.6128579262159956,-1.2817390191756703,-0.7201901683694992,-558.4541531213539,-1823.1157327068886,278.67445640150214,1.795553174373762,2.533425942689778,2.6373901591459297,-582.3720278957685,-1741.0023695221134,44.687080215493914,-0.2638257490478098,-0.0582056203486363,-0.08386349286352963,-449.50782403998795,-1673.9825577754168,457.7261527324482,-0.6175446227720817,1.2567973804744064,0.22767580211054653,-66.93567407078427,-1839.6462174495573,304.95055318586657,0.07014106377518031,0.3312750826818226,1.835090437169448,-164.12648597485696,-1640.5744429528716,296.83956849789627,-0.36926296926688,0.20316961349897814,-0.25211789637973525,-161.96088661137298,-1693.4663192760443,434.38357292147464,-0.38416458154363037,0.015666266973059662,-0.13540151715149065,-309.7894342628154,-1673.5735320395972,122.0072611182289
1095,0,-0.21218645430365485,0.024709018086486567,-0.025772667165909677,-323.29680792391935,-1662.8344716701015,458.4703378882489,-0.21414850666122892,0.03165467595620277,0.07888670381394457,-343.6854083829227,-1869.5860339252586,779.9403161865654,-0.6122163599900344,-1.279996160508165,-0.7240304626943986,-558.1592426815653,-1822.947602998011,278.37632050462156,1.7958524502262734,2.5269843224513493,2.6415372601160287,-581.8388685689644,-1740.0856648559197,44.599838842721006,-0.2594479799428743,-0.05695868980595717,-0.08640940869913001,-449.1329159783997,-1674.7792165507167,457.8314600457352,-0.6137085388987279,1.2576679519383887,0.2294200440235995,-66.75357440695825,-1840.1983443417653,304.19260352079704,0.07370022146352252,0.33014703701877995,1.836979885903588,-163.761516748535,-1640.9995443263683,297.0092444362974,-0.3668225250676707,0.20440586300403296,-0.25160407483788033,-161.6056252789739,-1694.3299235842624,434.397989523659,-0.3794515769341316,0.015047074857439632,-0.13565865070945732,-309.3078435628274,-1673.0548238996812,122.1298382520861
1096,0,-0.21018856216968818,0.023816080142449812,-0.026083871233917116,-322.9633885756646,-1663.6068086748855,458.64838684536267,-0.21394174259626783,0.032142778617524716,0.07851503679393787,-343.04634150577226,-1870.9374873631693,779.6761171329813,-0.6118202372006308,-1.2783689651327528,-0.7282140170645515,-557.8758519066561,-1822.7198978921588,278.04959211796194,1.7962954180570918,2.5200146255120495,2.645677089094414,-581.2449850127499,-1739.0943197342006,44.48753017517445,-0.2550764624831903,-0.05566466061570505,-0.08916982640684615,-448.80033379121113,-1675.5493961955171,457.91585172297613,-0.6099689414402226,1.258521472505099,0.23104124873777424,-66.60402119142454,-1840.7420485176099,303.44002385586816,0.07697791219973447,0.3292160358858722,1.8389387125815302,-163.43544887118404,-1641.4134116914809,297.1355263016677,-0.36438644772208895,0.20561408847546445,-0.25109159990744395,-161.28934466585676,-1695.1647999637726,434.4055688004823,-0.3748443454938612,0.014387268458508108,-0.13595824482005076,-308.8489765698988,-1672.5152070329764,122.2438641685144
1097,0,-0.20840653497083364,0.022802750653667377,-0.026462462812684676,-322.6688620071434,-1664.345602759179,458.822249392553,-0.2137170817689066,0.03276848196134091,0.07803761153750735,-342.45476830072926,-1872.2620468706268,779.4128234715204,-0.6116324919571514,-1.2768664120731652,-0.732680469544325,-557.6018202190043,-1822.4411480466783,277.7026970150927,1.7968458060058117,2.5125904987385366,2.649789343530989,-580.5934852198959,-1738.0387785489193,44.358499595059875,-0.2507286983420285,-0.05435442934236509,-0.09208108501210586,-448.50523287695967,-1676.2918255706988,457.9862516169206,-0.6063602449996467,1.2593421840591912,0.23256638576475722,-66.4804226010277,-1841.2722284505542,302.7027882346509,0.0799853069134888,0.3284542485691819,1.8409503166308752,-163.14817045910223,-1641.8140131587863,297.22606607416844,-0.361954571457085,0.2067866514291439,-0.25058483436329887,-161.00731705749615,-1695.9697816443238,434.4120733553599,-0.3703669005993205,0.013706269445885459,-0.13630401872746567,-308.41138254376085,-1671.9599645509338,122.3549346058877
1098,0,-0.20683714364966235,0.02168625764909371,-0.026915821269695217,-322.4083049945482,-1665.0502400339055,458.99702095236944,-0.21346269240530927,0.03352773478101547,0.07745369351815237,-341.90996240739423,-1873.5613742848655,779.156268504913,-0.6116099302311232,-1.275494988756844,-0.7373618078918062,-557.3354063385699,-1822.120256467758,277.3439349281127,1.7974594815348899,2.504795586503318,2.6538564244220195,-579.8889533106451,-1736.9298902473702,44.220957159357546,-0.2464226966730322,-0.05305557164111355,-0.09508344546012037,-448.24237978318416,-1677.0050039560297,458.04937292938655,-0.6029120312013952,1.2601145991168783,0.23402446983289157,-66.37622602156758,-1841.783562513227,301.99022286112387,0.08274170372478191,0.32782803907865893,1.8429966883893345,-162.89950559429258,-1642.1991162920322,297.28906950064055,-0.3595261353122297,0.20791629100794212,-0.2500895150855881,-160.75450025549745,-1696.7439908421588,434.4229974313964,-0.36603881313778897,0.013023298556675831,-0.1366994660910997,-307.99332170093123,-1671.3939955040469,122.46836227473972
1099,0,-0.2054713422808855,0.020486252475467873,-0.02745197495133182,-322.17646405414325,-1665.7202477330495,459.17731912278094,-0.21316613183190203,0.03441097068659512,0.07676543287133783,-341.4110367348071,-1874.8372796255005,778.9113975398171,-0.611705037242135,-1.2742585417865537,-0.7421847227079156,-557.0752900074857,-1821.7662464911893,276.9812570973761,1.798087191161114,2.4967201464270814,2.6578636337003343,-579.1372304010521,-1735.778663629064,44.082732725836955,-0.24217646387908795,-0.05179183560704297,-0.09812243668903951,-448.00627323156283,-1677.6872682201072,458.11151648326745,-0.5996479460560089,1.2608239431314223,0.2354449421007294,-66.2850597262571,-1842.2707692806393,301.31076680574574,0.08527394887233705,0.3272996349445408,1.845058779140273,-162.6890968027814,-1642.5664225269336,297.3330307966473,-0.3570998833862261,0.20899620701147814,-0.2496125904339119,-160.52565062387612,-1697.486877767623,434.44340228978166,-0.3618749804759523,0.012356809356760446,-0.13714777358289368,-307.59277638647114,-1670.8217418886206,122.58901266240647
1100,0,-0.2042945480136202,0.01922424608976124,-0.02807909347447719,-321.96787814612964,-1666.3553333458262,459.3671396360189,-0.21281433516294862,0.0354037402691851,0.07597762968754425,-340.95689170126974,-1876.0916728994198,778.6821011958486,-0.6118679645297279,-1.2731581893201256,-0.747073202220465,-556.8205603775853,-1821.387998384629,276.62205394297695,1.798677431155013,2.488457740993296,2.661799183314498,-578.3451842922473,-1734.5960192481346,43.95104079631651,-0.23800744025592718,-0.05058284351202283,-0.10114988882224984,-447.79127979657034,-1678.3368692810698,458.17838747158504,-0.5965848829713258,1.2614565694101085,0.2368561473908194,-66.2008737556366,-1842.7288534008635,300.671757208622,0.08761547316595525,0.3268288776412884,1.847116962143272,-162.516295421742,-1642.9136938510583,297.3664631760421,-0.35467418414602075,0.2100201571912553,-0.24916197954906907,-160.31544908827826,-1698.1982464617604,434.47776598715336,-0.3578855908271902,0.011723966096782496,-0.13765174648905673,-307.2074820067279,-1670.2471277942466,122.72115815558294
1101,0,-0.20328712985120734,0.017922966831734683,-0.028804938495568998,-321.77701271496926,-1666.9554190556291,459.56973954831443,-0.21239361787163763,0.03648751341916051,0.07509742862849074,-340.54617653511866,-1877.326508693411,778.4710871650358,-0.6120486177451046,-1.2721922999536819,-0.7519512587773699,-556.5706907361157,-1820.9939855440061,276.27296377885534,1.7991793238729168,2.4801021127734524,2.6656540273501816,-577.5204741671328,-1733.3925469135195,43.832266541484145,-0.23393193407988733,-0.049443986970290475,-0.10412463637709388,-447.59177791572375,-1678.9520544704933,458.2549392287105,-0.5937324915749183,1.2620003398772885,0.23828397631754836,-66.11807504696972,-1843.1533276414082,300.0792492568858,0.08980496890196592,0.32637497585908026,1.8491515648505836,-162.380066031173,-1643.2388676302794,297.3976352757938,-0.3522471684394212,0.21098256814016958,-0.2487462656747452,-160.11863425983225,-1698.8782668802048,434.5298546464586,-0.3540762711415765,0.011140184607790624,-0.138213741000079,-306.8349762230901,-1669.6735147231386,122.86835755767714
1102,0,-0.2024250939986184,0.016605671998983492,-0.029636316342491864,-321.598399141319,-1667.5206694503718,459.7875534491202,-0.21188971398579381,0.037640614746553384,0.07413395628877387,-340.17726520016805,-1878.5437251093747,778.2797992238975,-0.6121987570525694,-1.2713565431759217,-0.7567456688611698,-556.325499968264,-1820.592021822618,275.93971276478084,1.799545377924459,2.471744329802944,2.669421542821627,-576.671315925818,-1732.1782776671728,43.7317840986787,-0.22996460326839122,-0.04838649385747604,-0.10701289046755384,-447.4023036009071,-1679.531152012278,458.34525131921276,-0.5910930330450191,1.262444965504418,0.239750727630755,-66.03165181979217,-1843.5404031844303,299.5378803758464,0.0918847578921694,0.32589818106131,1.8511434431607752,-162.27891053206142,-1643.5401563194396,297.43432356943254,-0.34981688268950906,0.21187865515338294,-0.24837433972078232,-159.93013654266173,-1699.527473023582,434.60262171889445,-0.3504483949540638,0.01061875086819019,-0.13883560268671308,-306.4726635719516,-1669.103675980464,123.03336700368378
1103,0,-0.20168094134136855,0.015295450686440943,-0.03057857839320317,-321.4267735227223,-1668.0515105721765,460.02214688258107,-0.21128787248741046,0.03883924719895359,0.07309791637702971,-339.84824769049396,-1879.7451791661974,778.108389791269,-0.6122740166191818,-1.270644015246046,-0.7613886052276035,-556.0851019287808,-1820.1890315429705,275.6269944774568,1.7997340188709083,2.4634702664759787,2.67309709530328,-575.8062531471414,-1730.9624786613613,43.653816972199024,-0.2261180273669836,-0.047417640449913694,-0.10978829555732109,-447.2176912650423,-1680.0726537541814,458.4524473793593,-0.5886615816057488,1.2627823003618477,0.24127422979473853,-65.93728233125941,-1843.8871420105747,299.0507862767648,0.09389892382240068,0.325361305024567,1.8530745597202551,-162.2108164901589,-1643.8161297262127,297.4835902274391,-0.3473814507366753,0.21270454245597706,-0.24805501316543832,-159.74520710012732,-1700.1467473106152,434.6981405170009,-0.3469995181018157,0.010170527306422442,-0.1395186105497685,-306.1178915580272,-1668.5397916237516,123.21808669332076
1104,0,-0.20102466004726932,0.014014555775195997,-0.03163521095820363,-321.25720884216594,-1668.5486387364151,460.2742091991022,-0.21057303184495801,0.04005855345984607,0.07200115900213466,-339.5569365603012,-1880.932581254821,777.9557491551801,-0.6122357494557148,-1.2700454415532159,-0.7658200420689736,-555.8498447319757,-1819.7908531799749,275.33839482379267,1.7997117899678272,2.4553584664748107,2.6766775323183576,-574.9339379633152,-1729.7534785127903,43.60134824296612,-0.222402401434886,-0.04654107925766374,-0.11243170158562424,-447.0332034510635,-1680.5752925331544,458.578655877577,-0.5864265510519646,1.2630065829804236,0.24286724253096867,-65.83142338570784,-1844.1915671804989,298.61957380145327,0.09589130037530633,0.3247310031377652,1.8549285222904004,-162.1732330659652,-1644.0657784517675,297.5515946155904,-0.34493923550408806,0.2134573721619127,-0.2477966206680457,-159.5595358788882,-1700.7372918115666,434.8175735736887,-0.34372390547099196,0.009803752456025496,-0.14026342613630605,-305.76803350341885,-1667.9834639395597,123.423545895128
1105,0,-0.20042480547971403,0.012783798496221719,-0.03280754592140352,-321.0852349961357,-1669.0130181783918,460.54358575943223,-0.20973008629545992,0.04127366258551084,0.07085624102136355,-339.30088769541373,-1882.1074315242086,777.8195910676687,-0.6120526095217577,-1.2695494524586866,-0.7699898228328119,-555.6202428382765,-1819.4020865614964,275.07636494102206,1.799455138424141,2.447478417991654,2.680160650649294,-574.0629254435869,-1728.5585294355478,43.576085482571,-0.2188253707747897,-0.045757251831227745,-0.11493069469331811,-446.84464392283905,-1681.0381110362148,458.7250144635132,-0.5843705066194566,1.26311461828165,0.24453713971553384,-65.7113744473308,-1844.4527288950671,298.24435214833983,0.09790341917766249,0.32397875790382713,1.8566910382962374,-162.1630762987941,-1644.2885580404347,297.6434448773907,-0.3424889905807582,0.21413538921819456,-0.24760663246373496,-159.36935349200294,-1701.3005874267287,434.96118031657085,-0.34061311118463944,0.009523935370983994,-0.14107004753892904,-305.420573112597,-1667.4357519701723,123.6499264232173
1106,0,-0.1998496129035408,0.011622031444370955,-0.03409460843226985,-320.90694180483786,-1669.445867436238,460.82934689240676,-0.20874424846227005,0.042460671203327804,0.06967599437865067,-339.07743357295533,-1883.2709611619698,777.6965910515331,-0.6117017939319037,-1.2691429250225599,-0.7738592957945625,-555.396905604522,-1819.0259917160326,274.8422416373423,1.798951720427607,2.4398892568185135,2.6835446837742327,-573.201484462579,-1727.3837107484699,43.57848204548795,-0.21539201221700158,-0.04506385627997915,-0.11727893805369768,-446.6484495179615,-1681.4605196227947,458.89171598637034,-0.5824712075122529,1.263105893118115,0.24628585642006823,-65.57531389734913,-1844.670726273122,297.9238204815666,0.09997252728179457,0.3230815164535145,1.858350250065713,-162.17676382363265,-1644.4844141483657,297.7630940098386,-0.34002999209310314,0.21473799084267509,-0.24749129504066317,-159.17151260873598,-1701.8383426231985,435.12836227803797,-0.3376565776658301,0.00933384232533789,-0.14193776844453193,-305.07318585215836,-1666.8972224025056,123.89662235889895
1107,0,-0.19926808709006108,0.010545737355738011,-0.03549310094880544,-320.71906097830094,-1669.8486353325877,461.12988847682925,-0.20760150269232427,0.04359751443291044,0.06847311852911664,-338.88372665796174,-1884.4240814114714,777.5825706576978,-0.6111698830084377,-1.268811378790714,-0.7774024437377314,-555.1804665186866,-1818.6644452312069,274.6363120948176,1.7982011767923436,2.432638899291353,2.6868278526030087,-572.3574274937574,-1726.2338763213975,43.60781304695633,-0.2121049543522906,-0.0444563411377216,-0.11947537791653855,-446.44175732424395,-1681.8423412181444,459.0780917491947,-0.5807028145310859,1.2629826187036077,0.24811006793565119,-65.42230491296591,-1844.8466866939746,297.6554065530058,0.10212978180512886,0.32202196361730573,1.8598969310650812,-162.21027737776197,-1644.653789606524,297.9132826428653,-0.3375621427649973,0.21526573225023485,-0.24745531609527066,-158.9635455529147,-1702.3524339064927,435.31774269709734,-0.3348422247697852,0.009233569977071131,-0.14286514254977153,-304.7238127884772,-1666.3680132647964,124.1623313657572
1108,0,-0.19865101655229286,0.009568732566377131,-0.03699750686214495,-320.5190240200156,-1670.2229683034711,461.4430568240017,-0.2062891335296171,0.04466469082810043,0.06725981141716159,-338.7167901879888,-1885.567342854992,777.4727181897763,-0.6104532337272636,-1.268539410723917,-0.7806064593918233,-554.9715175222169,-1818.3179572286876,274.45791711630835,1.797215350097028,2.42576359512277,2.690008016459311,-571.5379612951027,-1725.1126463595726,43.66230100329568,-0.20896461682652837,-0.0439284003154942,-0.12152336943480636,-446.2224450583497,-1682.1838420300069,459.2827253662323,-0.5790371909018539,1.2627496939632155,0.25000156023841874,-65.25226961645942,-1844.9827061876229,297.43544809194844,0.10439872000093546,0.3207884456908774,1.8613245430292358,-162.25924975418292,-1644.7976145633668,298.0955284518391,-0.3350860424530296,0.21572028487482608,-0.2475016066188799,-158.7436960288547,-1702.8448407204176,435.5272750772137,-0.33215700697886774,0.009220696603883752,-0.14384995365241862,-304.37072336412547,-1665.84790639934,124.44517081500733
1109,0,-0.19797186734844413,0.008701986339397418,-0.038600285552325704,-320.3049941820922,-1670.5706714798107,461.7662890346925,-0.20479630493902648,0.04564581685351891,0.06604745115814273,-338.57357341116443,-1886.7009070198449,777.3618342693236,-0.6095579021272522,-1.2683111526691773,-0.7834717457627028,-554.7705525545229,-1817.9857489489968,274.30558521318943,1.7960179337863715,2.4192878802670528,2.693082451615617,-570.7495600316545,-1724.0224418263542,43.73928298433274,-0.20596953905350704,-0.04347244796210329,-0.12342977321710545,-445.9891439096065,-1682.4857474567805,459.50358895115437,-0.5774452229761701,1.2624145853028277,0.25194775038254164,-65.06593153466439,-1845.0817556527395,297.25940645680146,0.10679408773828608,0.31937459648670624,1.8626291734526323,-162.31907120773232,-1644.9172809763363,298.3101598795076,-0.33260302197221336,0.21610434789070596,-0.24763108947548945,-158.51092421147175,-1703.317577842706,435.75437332385457,-0.32958742296796667,0.009290501264346688,-0.14488919187857785,-304.0125645839622,-1665.3364045768542,124.74281040107496
1110,0,-0.19720752067272757,0.007953550540621702,-0.04029212689748862,-320.0758718239142,-1670.893666261247,462.09675939846767,-0.20311465886176805,0.04652799827120062,0.06484633776804283,-338.4510083595135,-1887.8245317696076,777.244589286572,-0.608499092005307,-1.2681107343301168,-0.7860113483861998,-554.5779237244896,-1817.665887710235,274.1771883820332,1.7946435644202363,2.413224901659312,2.6960477718896487,-569.9978620295537,-1722.9645579225805,43.83540846917162,-0.2031167627816123,-0.043080056843584104,-0.12520406755351,-445.74122447135215,-1682.7492431212672,459.7381924430052,-0.5758980910883386,1.2619871209942801,0.2539323197406194,-64.86472800461948,-1845.1475586380072,297.1221004748936,0.10932108943248874,0.3177787530499806,1.8638093897751133,-162.38500880009067,-1645.0146026866973,298.5563898076187,-0.330115139122654,0.2164215180234779,-0.24784258025792918,-158.26488577488436,-1703.7726285138199,435.99605480554993,-0.3271199670580091,0.00943623964466105,-0.14597903704503024,-303.64839508572675,-1664.8328093327912,125.05261218844494
1111,0,-0.19633882892300644,0.007328588774283225,-0.0420622365884722,-319.83127383450494,-1671.1939471173496,462.4315226975274,-0.2012388969142528,0.04730201710839592,0.06366550119516066,-338.3460654315014,-1888.9375712680596,777.1157794187817,-0.6073001503308236,-1.2679227352082356,-0.7882498532616706,-554.3938123992494,-1817.355472934309,274.07010963798575,1.793136390357115,2.407577078082517,2.6988999910221607,-569.2875910995984,-1721.9392714712735,43.94685525478376,-0.2004022315424013,-0.04274234898864992,-0.12685751314528068,-445.47875763388095,-1682.9759614683503,459.98373672009393,-0.5743684290605887,1.2614792025836326,0.25593592955333905,-64.65069590628379,-1845.184447063364,297.017947650417,0.11197509879791702,0.3160032769078968,1.864866058310682,-162.45233101853242,-1645.091762310174,298.83242320905816,-0.32762513756080314,0.21667612615976578,-0.24813274282390152,-158.00588670779774,-1704.2118814849275,436.2490872621996,-0.3247415164414816,0.00964946468997384,-0.14711485095232743,-303.2777034816444,-1664.3362960619502,125.37176914118
1112,0,-0.1953509763034467,0.00682949021831371,-0.043898630755847524,-319.5714890699128,-1671.4735400503403,462.7676463345908,-0.19916730690963788,0.04796234288817309,0.06251257864023016,-338.25580538807367,-1890.0389905931017,776.970568482775,-0.6059911540367455,-1.2677326102834063,-0.7902218086853288,-554.2182161642003,-1817.050864240679,273.981412372865,1.7915481731929521,2.4023370541091364,2.7016347117704456,-568.6225031663618,-1720.9459758727965,44.06955003450688,-0.19782117286270645,-0.042450332347113005,-0.12840239735162973,-445.20245339337873,-1683.1679548071238,460.23726173018446,-0.572831322745738,1.2609044408810355,0.25793699438863144,-64.42633586877416,-1845.19720160768,296.94120012340835,0.11474184333936728,0.3140539080269194,1.8658021796015916,-162.51642959190238,-1645.1512463301035,299.135591746673,-0.3251363710629525,0.2168730519785702,-0.248496119018233,-157.7348169001783,-1704.637074908565,436.5101309452253,-0.32243965204857405,0.009920379711240343,-0.14829118113070702,-302.9004111192574,-1663.8459835284905,125.69743406765122
1113,0,-0.19423364205815077,0.006456051022824822,-0.04578842584615215,-319.2974129027749,-1671.7344646397366,463.10232482942877,-0.1969021965784015,0.04850698522052814,0.0613937607819055,-338.1774257927491,-1891.127394377315,776.8047042519296,-0.6046071576776926,-1.2675270761131847,-0.7919697507621739,-554.0509512567127,-1816.747940406469,273.90800237852716,1.789936001043341,2.397488897319699,2.7042474142964465,-568.0053586695756,-1719.9833365728507,44.19938074974425,-0.19536843514173916,-0.04219518157586103,-0.12985137460956345,-444.9135813921968,-1683.3276560608267,460.4957820986798,-0.57126511247945,1.2602777289896108,0.25991249375193193,-64.19446168595375,-1845.190883566021,296.886163905057,0.11759804785703226,0.31193926552789375,1.8666227855639963,-162.5729310298785,-1645.1957701245385,299.4625077496158,-0.3226526982508747,0.21701752962093798,-0.24892522997279481,-157.45306642263017,-1705.0497495476748,436.7758685877762,-0.32020291452597643,0.010238211416273457,-0.14950177900290534,-302.5168600122276,-1663.3609956637758,126.02683240536537
1114,0,-0.19298097651364085,0.006205705155499089,-0.0477181154431825,-319.01046486891516,-1671.978700967457,463.43297221022345,-0.19445020047376102,0.04893721144916033,0.06031380324072631,-338.1083004103143,-1892.2010682051648,776.6146997894134,-0.6031861953931974,-1.2672944463034093,-0.7935419304005678,-553.8916688826316,-1816.4423763376515,273.84677477050985,1.788359713879181,2.3930094835453946,2.7067338087216495,-567.4379207372839,-1719.0494597526194,44.33238940346665,-0.19303875887948976,-0.0419684644709077,-0.13121691035289976,-444.6138776184564,-1683.4578288216317,460.75640442029254,-0.5696519801080537,1.2596147686349972,0.26183880484575245,-63.95804287850719,-1845.1706648074128,296.84739180504863,0.12051249567668716,0.30967057353941635,1.8673349284633827,-162.61779195333528,-1645.228195132382,299.80922991128824,-0.32017835599700506,0.217114958204499,-0.24941074511694947,-157.1624291098307,-1705.4512131833799,437.04311754478795,-0.31802099953971713,0.01059159022492742,-0.15073963555078346,-302.1277871640353,-1662.880514269577,126.35735417277746
1115,0,-0.19159141112647218,0.0060737868320369995,-0.049673829299269445,-318.7124939722661,-1672.2081620934111,463.7572899513274,-0.19182243259036932,0.04925715750769638,0.05927609671495224,-338.04601059011407,-1893.258030941972,776.3979726498502,-0.6017671505218893,-1.2670249076901097,-0.794989853269733,-553.7398828844155,-1816.1299241566974,273.7947398512667,1.7868791594380282,2.388870011476287,2.7090902147171363,-566.9209784369003,-1718.1420671292494,44.46493639142552,-0.1908269703589003,-0.041762317971945934,-0.1325108284287856,-444.3054420515255,-1683.561508611389,461.0164224687831,-0.5679783168130214,1.2589315687778624,0.2636925400821559,-63.72004897718107,-1845.1416620773346,296.8198428293036,0.12344744314085768,0.3072616420001884,1.8679477705115954,-162.64737438595876,-1645.2514408658978,300.1714333536063,-0.31771782283630373,0.21717073074990256,-0.24994171434475615,-156.86499847260345,-1705.842517403915,437.3089204370327,-0.315884898125077,0.010968925363608405,-0.15199703739522555,-301.7342868986832,-1662.4038219574156,126.68662250766994
1116,0,-0.19006733238400533,0.006053807948072628,-0.05164157138896083,-318.40567648014627,-1672.4246721974685,464.0733101721907,-0.18903446648559766,0.04947336223268445,0.05828278696097047,-337.9883681724767,-1894.296095735818,776.1529373765944,-0.6003876177013967,-1.26671073093788,-0.7963657526627762,-553.5950055728977,-1815.806684195514,273.7491239853061,1.785551412318218,2.385037587096716,2.711313934033982,-566.4543935756492,-1717.2586701987482,44.593830154678436,-0.1887280942425346,-0.04156957926477623,-0.13374395663790284,-443.9906321533831,-1683.6419375310963,461.27338860705197,-0.5662348815783748,1.2582439374815655,0.26545137151738196,-63.48330406945438,-1845.1087813253625,296.7990034295503,0.126360304887857,0.3047290811755701,1.868472759083353,-162.65849943670602,-1645.2683949305235,300.544577355009,-0.3152756855395903,0.21719009382932916,-0.25050585816215,-156.56306108813726,-1706.2244472046593,437.57061261550524,-0.31378698825576645,0.01135876277579659,-0.15326564568277248,-301.3377631669493,-1661.930335279059,127.01253828005342
1117,0,-0.18841465474521582,0.006137735982924491,-0.0536074338999662,-318.0924110410538,-1672.6299500787356,464.3794156334807,-0.1861061359652518,0.049594255280685486,0.05733493425147894,-337.93342994291385,-1895.3129371414225,775.8790494885469,-0.5990818820713341,-1.2663464115118839,-0.7977201175885311,-553.4563881644186,-1815.4693521799331,273.70744368919577,1.7844280965516564,2.3814768200562217,2.7134035881283625,-566.0371686612609,-1716.396737846836,44.71641875127468,-0.1867373893803327,-0.04138387841504534,-0.13492586124015016,-443.67195698647333,-1683.7024947140724,461.5251615208304,-0.5644167704323151,1.25756698917728,0.26709482181413063,-63.2503594318374,-1845.0765770307814,296.7809686715713,0.12920551566104663,0.3020926828554927,1.8689238495509628,-162.64847994827312,-1645.2818245693486,300.92406498200864,-0.3128565215109399,0.21717804805172944,-0.251089909656272,-156.2589924594374,-1706.5975230756032,437.8258665411807,-0.3117210835950147,0.01175011504399205,-0.15453659921779647,-300.939874126593,-1661.4596284914787,127.33330212479126
1118,0,-0.18664232970131933,0.006316260415903787,-0.05555778366721209,-317.7752157245568,-1672.8255974332405,464.67433951854196,-0.1830611614508178,0.049629627057089225,0.056432701054438525,-337.8795040899418,-1896.3061616765417,775.576801966413,-0.5978791285621419,-1.265928738980005,-0.7990993939983081,-553.3233621770831,-1815.1154302006505,273.6675532328664,1.7835529510620158,2.37815137786644,2.7153594005670434,-565.6675328365777,-1715.5538519471547,44.830642594960004,-0.18485031882784803,-0.041199699083034926,-0.13606465914108656,-443.351976398986,-1683.746625132547,461.7699319064887,-0.562523222882859,1.2569146892385838,0.2686049990565395,-63.02339072605977,-1845.0491306756678,296.76248400935026,0.13193646926960115,0.2993758670240003,1.8693177196161714,-162.6151345202918,-1645.2942934507093,301.3053899800332,-0.31046480685115596,0.21713929660170148,-0.25168000063689355,-155.9551599142904,-1706.9620145624997,438.07271465197306,-0.30968244469705697,0.012132754323015069,-0.15580064186001036,-300.54247156902767,-1660.9914487249873,127.64741674492805
1119,0,-0.18476182702001614,0.006579038549315825,-0.05747941761859201,-317.4566311485913,-1673.0130912115744,464.9571490042522,-0.17992661853832806,0.049590106283697394,0.05557555633013705,-337.8251494728353,-1897.273379137767,775.2476778906662,-0.5968019746895968,-1.265456794244862,-0.8005439658413918,-553.1952783228068,-1814.743391091248,273.6276679167618,1.7829597670674147,2.375025449271235,2.71718341135905,-565.3430419365709,-1714.7278463360312,44.93505002013927,-0.18306246977859822,-0.041012413101589824,-0.13716689627499878,-443.0332091719466,-1683.777769311332,462.0062288798141,-0.5605572946418137,1.2562994557373939,0.2699672517869331,-62.80412439507105,-1845.0299516044079,296.7409507248413,0.13450743692083472,0.29660607555932045,1.869673909913591,-162.55678664551561,-1645.308087379756,301.68426742800807,-0.3081048556932611,0.2170782457788751,-0.2522620823740933,-155.65383646340658,-1707.3179637303244,438.3095534268834,-0.30766775671671365,0.012497461483891395,-0.15704827253415768,-300.1475379228854,-1660.5257234851572,127.95367340189146
1120,0,-0.18278662092206213,0.006914914582373969,-0.05935968485075068,-317.13913325329776,-1673.1937793578118,465.2272171810698,-0.17673227477180142,0.049486667387513755,0.05476248498617185,-337.76916875502286,-1898.2122721640656,774.8940651109203,-0.5958653965788504,-1.2649318756806918,-0.802086505690305,-553.0715398667494,-1814.352788462944,273.5863666135364,1.7826708074520392,2.3720650747417715,2.7188796170038687,-565.0606883445495,-1713.9169253700666,45.02877941817634,-0.18136944119529608,-0.04081829326892855,-0.13823748219965906,-442.7180532878291,-1683.7992963705917,462.2329106435497,-0.5585254260733908,1.255731834576359,0.2711707211243957,-62.593795739724605,-1845.0219025442348,296.71440002780724,0.1368753751997651,0.2938149960939306,1.8700148276200095,-162.47225337676912,-1645.3251522734377,302.05674572298426,-0.30578079190443286,0.21699905797968505,-0.25282236919220685,-155.357128694529,-1707.6652165747628,438.53513214190235,-0.30567507612363604,0.012836226896304434,-0.15826991462044157,-299.75712354771287,-1660.062561442971,128.25112709098252
1121,0,-0.18073170877162778,0.007312108684007869,-0.061186574837858713,-316.82505853826933,-1673.3688793050933,465.48418797997823,-0.17350982755705674,0.04933018595929796,0.053992191633670396,-337.71059659492715,-1899.1206618217768,774.5191404580366,-0.5950760922945324,-1.2643573565181296,-0.8037507635399153,-552.9516280876215,-1813.9443077687279,273.54257797889426,1.7826957922494606,2.3692393088713803,2.7204540353319397,-564.8170160954843,-1713.119759115733,45.111513331368855,-0.1797667166345044,-0.04061450713787938,-0.1392796733037289,-442.40872059818423,-1683.8144425633018,462.4491433658317,-0.556436935245568,1.2552202593094919,0.27220876824714496,-62.39313892285563,-1845.0271510755113,296.68144216352783,0.13900154761861513,0.29103851681238246,1.8703655616528747,-162.36082793578723,-1645.347047101834,302.41929836504215,-0.30349655041907203,0.21690575364052236,-0.25334779099882404,-155.06692079012586,-1708.0034602056608,438.74853023384657,-0.3037037475766986,0.013142400296664622,-0.1594561001629959,-299.3732868113016,-1659.6022473985943,128.5390649991507
1122,0,-0.17861318341023658,0.007758375551527102,-0.06294877349527075,-316.5165437419904,-1673.539478706425,465.7279384333257,-0.17029208017050915,0.04913105623996389,0.05326328881092736,-337.64868410982194,-1899.9965673608176,774.1267319568591,-0.5944322999717535,-1.2637384774917633,-0.8055508382992297,-552.8351183230576,-1813.519757224097,273.495554913353,1.7830315039078677,2.3665211854986,2.7219146976100608,-564.6082367174697,-1712.3355530833287,45.183410965916494,-0.1782495381323725,-0.04039909339646368,-0.14029509943960386,-442.10718720885717,-1683.8262571081257,462.6543722808977,-0.5543034635989115,1.2547709012428234,0.27307925748735035,-62.20240705307671,-1845.0471473553102,296.64119757656937,0.14085290119975688,0.28831634168351816,1.8707534764160683,-162.2222600701074,-1645.3749136477638,302.76889473940645,-0.301255902926335,0.2168023541552421,-0.25382643879539335,-154.7848356863194,-1708.332263515298,438.94912724446414,-0.3017542916827613,0.01341078895817665,-0.1605976631007823,-298.99803904110985,-1659.1452321960824,128.81697249711345
1123,0,-0.17644787322403704,0.008241134409281174,-0.064635690942832,-316.21548104926313,-1673.7065379752164,465.95854190240493,-0.16711209404191907,0.048898880131477994,0.05257446122356304,-337.58288076017305,-1900.8382587145904,773.7211677464767,-0.5939240616709841,-1.2630820810481866,-0.8074909502677856,-552.7216860594452,-1813.0820009417744,273.4448415146641,1.7836620330475252,2.363888461578371,2.7232715716459683,-564.4303416245303,-1711.5640912957206,45.2450260303142,-0.17681279509029482,-0.040170921859886494,-0.14128383076572085,-441.8151599448122,-1683.8375566679238,462.848288737387,-0.552138400605136,1.2543876094824449,0.27378467816983565,-62.02141868601043,-1845.0826274246774,296.59321723612356,0.14240315874677054,0.2856912311345144,1.8712075724160644,-162.05673694559707,-1645.4094639664859,303.10304966464753,-0.2990625013965116,0.2166930529875677,-0.2542479854246782,-154.51221332301867,-1708.6511190171225,439.13656902023456,-0.2998282651420138,0.013637704952471241,-0.16168593445547338,-298.63329591418676,-1658.6921182684925,129.08450021090255
1124,0,-0.1742530567495528,0.008747574529183582,-0.06623746662657293,-315.9234890091482,-1673.8708942751987,466.17623494895804,-0.16400235417840228,0.04864223282638767,0.05192459924350657,-337.5128146789994,-1901.6443007363482,773.3071200089214,-0.5935338985934605,-1.2623962964853543,-0.8095657055187353,-552.6111035318149,-1812.6348399431565,273.3902361070699,1.7845596514275923,2.361324121045744,2.7245364189824914,-564.2792074617652,-1710.8057523521827,45.29721665803158,-0.17545094032331035,-0.039929638005804284,-0.14224448300809947,-441.53405836032005,-1683.8508893151522,463.0307963321864,-0.5499563107935994,1.2540719355743448,0.27433209320934954,-61.84962561311013,-1845.1336404768645,296.53739873617224,0.1436336061781193,0.28320787246624823,1.8717576239863176,-161.86486615846715,-1645.450985405249,303.4198519418322,-0.2969199323962295,0.21658239784573619,-0.2546040624059286,-154.2501049488757,-1708.9594836242145,439.3107332381663,-0.2979280964371107,0.013820963689452723,-0.16271293131380343,-298.2808362796806,-1658.243641439761,129.34143476479144
1125,0,-0.1720462509791105,0.009264742154387426,-0.06774495888779092,-315.6418984845313,-1674.0332666240004,466.3813894370549,-0.16099398105736004,0.04836850603316118,0.0513128968995713,-337.4382723304285,-1902.4135885396265,772.8894512394305,-0.5932378409034109,-1.2616901890535834,-0.8117608163164509,-552.5032282265679,-1812.1828495272628,273.3317531669918,1.785686264629041,2.3588166262469072,2.725722587516074,-564.15069162211,-1710.0614989736234,45.34105356292928,-0.17415794376700144,-0.039675593110283444,-0.14317436019385227,-441.26501096103925,-1683.8685082845452,463.2019784708716,-0.5477723825776585,1.25382323417885,0.2747329102632853,-61.686195742469,-1845.1995975449886,296.473903896616,0.14453357111152046,0.28091142398027097,1.8724331252974569,-161.64766126541573,-1645.4993620198227,303.7179725543613,-0.29483177456835985,0.21647546359762043,-0.2548885730541165,-153.9992815966899,-1709.2568163701367,439.4716965095022,-0.296056902034961,0.013959837107837703,-0.16367153102934875,-297.94226886477855,-1657.8006496152097,129.58767472250884
1126,0,-0.1698450646074593,0.009779616219134627,-0.0691497270289447,-315.37175219113516,-1674.1942617637105,466.57449035746924,-0.15811601683541637,0.048083826121940794,0.050738911881744245,-337.3591782454906,-1903.1453736146348,772.4730688070937,-0.593006737798733,-1.2609733896592688,-0.8140542176400177,-552.3979854178967,-1811.73118361255,273.2695862117364,1.7869953634464737,2.356359912720489,2.7268447394251623,-564.0407161397324,-1709.3328422783147,45.377731666305216,-0.17292729250614253,-0.03940976123459675,-0.14406963407360332,-441.00886364082487,-1683.8923552705342,463.3620688152511,-0.5456019145885593,1.2536388298235401,0.2750024815833246,-61.53010428727832,-1845.2793382160942,296.40308248176547,0.14510060318764031,0.27884581199288483,1.8732620942410019,-161.4065291971257,-1645.5541102749028,303.9966535732363,-0.29280165074705905,0.2163779940286281,-0.2550979226989146,-153.76025417590066,-1709.5426114467468,439.6197044192478,-0.2942182894606451,0.014054965834256857,-0.1645556227568617,-297.6190068481501,-1657.3640790489299,129.82321220987367
1127,0,-0.16766710010776895,0.010279181431323472,-0.070444014204294,-315.11381577031455,-1674.3543804216868,466.75611888578646,-0.1553948067051974,0.047793041425425634,0.05020258757913736,-337.2755754552393,-1903.8392806212678,772.062792135697,-0.5928077624216869,-1.2602557245624342,-0.8164175003577557,-552.2953473238273,-1811.2853579760886,273.2040730351389,1.7884343620522285,2.3539531335547714,2.7279185146151304,-563.945339220229,-1708.621782755764,45.4084893602089,-0.17175204332070454,-0.03913364464926608,-0.1449255588704362,-440.7661978595365,-1683.9240525264743,463.51142524174105,-0.5434598525233577,1.2535142393323384,0.27515954988670016,-61.38022642216773,-1845.371211261968,296.32540546634044,0.14534037832182803,0.2770518855483766,1.874269797704841,-161.14325810809635,-1645.6144261405257,304.2556792386785,-0.2908332653556395,0.2162964907959395,-0.25523114909898675,-153.53330217993297,-1709.8164253751595,439.75514503305516,-0.29241615452336256,0.014108235347129605,-0.16536023014288542,-297.3122499212871,-1656.9349289610218,130.0481197930384
1128,0,-0.1655298830342691,0.010750507948914098,-0.07162073877744474,-314.86859791684003,-1674.5140235561803,466.9269394060023,-0.15285348834902093,0.04749977042780239,0.04970423961021589,-337.18760711711457,-1904.4953149209127,771.6632351684443,-0.5926060225017002,-1.2595468655292203,-0.8188175677302699,-552.1953115830225,-1810.8510247271024,273.13566408241684,1.7899471856805629,2.351600171939646,2.7289601324550032,-563.8608146663516,-1707.9307306173587,45.43453842507417,-0.1706249303541952,-0.0388491699328627,-0.14573671862714394,-440.53735584647325,-1683.9649026255986,463.6505072415595,-0.5413603875982929,1.2534434390363214,0.275225567264582,-61.235425023980014,-1845.4731645956151,296.2414101111001,0.14526635808372948,0.27556554645481973,1.8754774696407381,-160.86000366683206,-1645.6792401989592,304.49533112049807,-0.2889304178866241,0.21623823009908924,-0.2552899400989697,-153.31850781875343,-1710.0778975599164,439.8785257492618,-0.2906544807601682,0.014122621715540037,-0.1660816011918296,-297.0229732079347,-1656.514235363832,130.26254149328585
1129,0,-0.1634507943091459,0.01118084685174679,-0.07267350007207653,-314.6363768786567,-1674.6734981713696,467.0876887094252,-0.15051159455466137,0.047206500672000766,0.04924451133047009,-337.0954997078654,-1905.1138610170053,771.278705235392,-0.5923661905276625,-1.2588560195636964,-0.8212184145837157,-552.0978815282392,-1810.433749912012,273.0648942654254,1.7914769543530618,2.3493089537490532,2.7299859386055325,-563.7836402725555,-1707.2624089189821,45.457006480975544,-0.16953852578620157,-0.03855857802326977,-0.14649730216469564,-440.3224701214783,-1684.0158945064404,463.77985620094006,-0.53931662566958,1.2534191649107393,0.27522392065960266,-61.09462798827996,-1845.582839811651,296.1516580094412,0.14489924133480092,0.274415971928801,1.8769010949713092,-160.55927154361297,-1645.7472772172089,304.7163296938669,-0.2870969851891345,0.21621119164300898,-0.25527853089517716,-153.11579247910328,-1710.3267638669133,439.9904529355181,-0.2889371499721542,0.014102012888776008,-0.16671726344924562,-296.75192227367927,-1656.103045018137,130.46668638891052
1130,0,-0.1614469817226,0.011557749787320456,-0.07359660212909505,-314.4172306777408,-1674.8330223098044,467.2391653517443,-0.14838476702545175,0.04691472695014369,0.04882430418064591,-336.99954803934054,-1905.695672144133,770.9131181567053,-0.5920540749675405,-1.2581916734318,-0.8235829282702136,-552.0030502258315,-1810.0388050062284,272.99235813537723,1.7929686049012143,2.3470906040455377,2.731011907937576,-563.7105967967079,-1706.619743544215,45.47689280563359,-0.1684854461612078,-0.038264312775645695,-0.14720139753152509,-440.12149485120955,-1684.0777143723437,463.900077713015,-0.5373403331957343,1.2534332329219517,0.2751791004919314,-60.95689080442825,-1845.6976667897075,296.05670626253993,0.14426624765116927,0.2736240360796706,1.8785503289679244,-160.2438939357968,-1645.8171168212366,304.9197650729237,-0.28533686907855266,0.216223890224072,-0.25520347955987627,-152.92495275923753,-1710.5628632245935,440.09161355757,-0.28726777319203795,0.014051011845061336,-0.16726604442069673,-296.4996134174878,-1655.7023904536572,130.66082310585352
1131,0,-0.15953523008552994,0.011869219553694695,-0.07438509698498866,-314.21106866981705,-1674.9927289034347,467.3822172489332,-0.1464845738771431,0.046625116742674555,0.04844468944307709,-336.9001022483311,-1906.2418512967236,770.5699284888128,-0.5916380648295563,-1.2575614025175927,-0.8258746170036209,-551.910789568036,-1809.6709813859163,272.9186880562033,1.7943713024872112,2.344958499867163,2.7320531180429133,-563.6387793325654,-1706.0057447390197,45.49503746948809,-0.16745859213253836,-0.037968913679994235,-0.1478432943535777,-439.93423694381045,-1684.1507601248466,464.0118249680937,-0.5354417624337116,1.2534768671090322,0.27511584945147427,-60.82144150453664,-1845.814954400327,295.9570910636337,0.1434002709889952,0.2732010188338122,1.8804276147625467,-159.91699836674323,-1645.8872523704388,305.10701997599,-0.28365391059372375,0.21628510739921283,-0.2550733263557184,-152.74569385573662,-1710.7861375973748,440.18275795559344,-0.285649550896819,0.013974728207657055,-0.1677280585135769,-296.2663384679527,-1655.3132669340712,130.84527362169513
1132,0,-0.15773177477832095,0.012103896052250951,-0.07503484773345977,-314.01766253331505,-1675.152668300755,467.51772601488176,-0.14481841966156164,0.04633769090628743,0.048106808138282435,-336.79755682124147,-1906.753824043075,770.2520733085372,-0.5910903924674108,-1.2569717474580009,-0.8280591829329231,-551.8210449698079,-1809.3344348533858,272.84453485724873,1.7956405138475582,2.3429272747096164,2.733123210451641,-563.5656228205629,-1705.423385304834,45.512103051904504,-0.16645140553102764,-0.03767491877794272,-0.14841777978910833,-439.7603852736897,-1684.2351582340991,464.1157823248255,-0.5336295541776378,1.2535410243652518,0.27505832719812406,-60.68770669658278,-1845.9319741669153,295.85332225034824,0.14233893834188516,0.2731476708186978,1.8825275521238793,-159.5819676191945,-1645.9561457678217,305.2796882074619,-0.28205177675383697,0.216403528890239,-0.2548981495257238,-152.5776587208706,-1710.996626015974,440.26468302494516,-0.2840851693610245,0.013878565215859458,-0.16810466275266284,-296.05217337901774,-1654.9366121172948,131.02040515970455
1133,0,-0.15605205024724259,0.012251279115496666,-0.07554261121349737,-313.8366753791098,-1675.3128094813717,467.64658721761924,-0.14338953521536424,0.046052008202143585,0.04781176560908332,-336.69234163724803,-1907.2333035490517,769.9619278328928,-0.5903881731107706,-1.2564281564624742,-0.8301058729729994,-551.7337355419187,-1809.032565066044,272.7705503839287,1.7967396441516243,2.3410118275259086,2.7342338586376886,-563.488923108936,-1704.8754807024475,45.528567707436956,-0.16545812537243698,-0.03738478316281479,-0.14892041289304517,-439.5995369706413,-1684.3307822295706,464.21264837403317,-0.5319107125927021,1.2536167062544055,0.2750293240308696,-60.55531903155433,-1846.0460346891543,295.74588683513457,0.14112360303596758,0.2734536827728503,1.8848365590029732,-159.24239038247157,-1646.0222766310337,305.43949200635285,-0.2805338289480794,0.21658730233122955,-0.2546890373335078,-152.42045209091043,-1711.1944536421895,440.3382152789251,-0.2825767368943688,0.013768009174886183,-0.1683983841317054,-295.85699000975757,-1654.5732889662197,131.18661945839284
1134,0,-0.15451037280835458,0.01230198631211144,-0.07590614004926756,-313.6676882952003,-1675.4730401852435,467.76968651311387,-0.1421970352233079,0.04576734332712888,0.04756052694182241,-336.5849149460387,-1907.682248352571,769.7012714393859,-0.5895141934819502,-1.2559349866237948,-0.8319885588500053,-551.6487590529686,-1808.7679324518824,272.6973714001859,1.797641173265609,2.339226382289331,2.735394263577145,-563.4068544975784,-1704.3645761627668,45.544728021345016,-0.16447402387759458,-0.037100816858562494,-0.14934776333744498,-439.4512202540892,-1684.4372722775,464.30311814765463,-0.5302906435151536,1.253695248087983,0.2750495525972717,-60.42410798585483,-1846.154545598726,295.63525915129924,0.1397982969580328,0.27409758904598713,1.887332854046899,-158.90200288502615,-1646.0841848967877,305.58820152676094,-0.2791029838402934,0.2168435391264084,-0.2544575026830682,-152.27365914257058,-1711.37981706407,440.40419356067645,-0.2811257600260981,0.013648428625135012,-0.16861282182798643,-295.6804705647225,-1654.2240722259096,131.34433927908395
1135,0,-0.15311956518696287,0.012248040101503405,-0.07612430338749404,-313.51022417617276,-1675.6331663695676,467.88787235444767,-0.14123603377003432,0.04548284959305552,0.047353818790019556,-336.47575813387084,-1908.1028135933045,769.4712631975522,-0.5884574355231508,-1.2554955540367214,-0.8336865176244082,-551.5660005833591,-1808.5422130450936,272.6256044123706,1.7983272617511594,2.3375836355139805,2.7366106992209946,-563.317984152705,-1703.8928454691445,45.56070990243548,-0.1634956046229097,-0.03682514379028737,-0.14969760301348708,-439.3149137856724,-1684.5540555514115,464.3878645350679,-0.5287732450445608,1.2537685739378082,0.2751370417670311,-60.29407710466528,-1846.2550706949617,295.52191505176677,0.13840866127458887,0.27504711658747116,1.889986773811087,-158.56462239930548,-1646.1405064852338,305.7275594847956,-0.277761578008047,0.21717779239353788,-0.2542148719062533,-152.13685909969342,-1711.5529671368038,440.46345147439956,-0.2797331564075374,0.013524890324159945,-0.1687525277313926,-295.522124251003,-1653.8896385277465,131.49399257293737
1136,0,-0.15189053735444835,0.012083174911234255,-0.07619722474678,-313.36376906012407,-1675.7929115204518,468.00192657078435,-0.14049781161791977,0.04519769920988861,0.04719204237984927,-336.3653720721553,-1908.497296613996,769.2724267388975,-0.5872133341089003,-1.2551122203331995,-0.8351849032344584,-551.4853435230528,-1808.3561897821073,272.55581116025553,1.7987898301289018,2.3360940207189533,2.7378861315767975,-563.2212832455646,-1703.462005424926,45.57648568754924,-0.16252074727188504,-0.036559681440855155,-0.14996904227707422,-439.1900628966519,-1684.6803672712037,464.4675193627763,-0.5273610375178107,1.2538294050631213,0.2753066513441562,-60.16537170804147,-1846.345370636692,295.4063475669118,0.1370008716704907,0.2762599731357466,1.8927614231827337,-158.2340740556681,-1646.1900020922353,305.8592136286463,-0.2765112467321102,0.21759354855748314,-0.2539716822843248,-152.00963452886378,-1711.7141906921743,440.51679987723,-0.2783992989572573,0.013401998552251004,-0.16882286891747822,-295.3813057603565,-1653.5705599336281,131.63599519780846
1137,0,-0.150831843229671,0.011803151209742728,-0.07612643387154097,-313.22779138164054,-1675.9519163785715,468.1125345248011,-0.13997003268487845,0.044911196163709574,0.04707520153293754,-336.2542747877338,-1908.8680781029195,769.1046450525587,-0.5857837787442898,-1.2547865023866636,-0.8364749167175757,-551.4066814720198,-1808.2097772500988,272.4884947356996,1.7990301457546152,2.3347651119182737,2.739219935538617,-563.1161341938493,-1703.07324920564,45.59189565679515,-0.1615487867994186,-0.03630613892858511,-0.15016260602850048,-439.07609328509125,-1684.815272382728,464.54265490108367,-0.5260553191544429,1.2538714108485083,0.27556972055519485,-60.03824141368224,-1846.4234361249069,295.2890815679545,0.13562057219240298,0.2776850506848223,1.8956136417328853,-157.91411290872972,-1646.231579500452,305.98465916732437,-0.2753528257870989,0.21809177178275083,-0.2537371228757028,-151.89157729879514,-1711.8637923460894,440.5650099821115,-0.2771240846627924,0.01328376315183544,-0.16882987590035917,-295.25723519956915,-1653.2673005141971,131.77073340295362
1138,0,-0.14994923534642268,0.011406060772009563,-0.07591502746977914,-313.1017595696722,-1676.1097396018868,468.22025678061067,-0.1396370106228464,0.044622858814806036,0.04700284853371049,-336.1430001477966,-1909.2175602211387,768.9671664578282,-0.5841768777692308,-1.2545191923133283,-0.8375536968958861,-551.3299296601206,-1808.1020757031467,272.424086520955,1.799057978892369,2.333601183143918,2.740607732334602,-563.0023330055367,-1702.727200859701,45.606672263911555,-0.16058051956057917,-0.03606602978204536,-0.15028024823028968,-438.9724228584178,-1684.9576878842004,464.6137667491164,-0.5248563336781543,1.2538892971276392,0.2759338572008802,-59.91300167228508,-1846.4875128942,295.1706852961863,0.13431183163570187,0.27926400217891845,1.898495252457308,-157.60834366616677,-1646.2643100065218,306.1051926521851,-0.2742862830528787,0.21867053800106948,-0.25351855040792903,-151.78229223205082,-1712.0020774756435,440.60879775385143,-0.2759070211367463,0.013173500200593399,-0.1687800807318091,-295.1490190707744,-1652.980215381902,131.89854745691838
1139,0,-0.1492452403388475,0.010892605264818786,-0.07556783139840832,-312.98515831541556,-1676.265859802416,468.3255042485116,-0.1394800291408552,0.04433247145231072,0.04697404966787341,-336.0320972190032,-1909.5481034234767,768.8586234370749,-0.5824065094072909,-1.2543104762384507,-0.8384239642733191,-551.255034696424,-1808.0314493356498,272.3629343560327,1.7988904115799753,2.3326029373651345,2.742041367006628,-562.8800854716833,-1702.4238921941085,45.620465555986684,-0.15961813360816832,-0.03584069469662555,-0.1503253067056115,-438.8784723255552,-1685.1064057845106,464.68125911457435,-0.5237634368966086,1.2538788354924857,0.27640286800614056,-59.789997940746645,-1846.5361200373773,295.0517771053492,0.13311613814989925,0.2809331303483558,1.9013545429446774,-157.32014090455533,-1646.2874396622453,306.2218780881721,-0.27331068430197336,0.21932478986827253,-0.2533211072158552,-151.6813993756108,-1712.1293372506982,440.648810334182,-0.2747473240864276,0.013073767543559154,-0.16868034916037272,-295.0556718572499,-1652.7095514872346,132.0197177751376
1140,0,-0.1487187779376705,0.010266329118712109,-0.07509155452374842,-312.8775036509806,-1676.4196792697528,468.42851862565055,-0.13947772133108308,0.04404010601574032,0.0469873712969817,-335.92212994218266,-1909.8619639067092,768.7770661090073,-0.5804916880028776,-1.2541600422741799,-0.8390934587658462,-551.1819817576788,-1807.9956232926243,272.305292502846,1.7985503980604196,2.331767414900126,2.743509039974513,-562.7499958525043,-1702.1627622018746,45.632868474176284,-0.1586650658300627,-0.03563132907106669,-0.15030240293575997,-438.79367494786635,-1685.2601166023007,464.7454334607424,-0.5227752506611949,1.253836845309958,0.27697682423961495,-59.66957528856379,-1846.5680632132185,294.93302641348697,0.13207145111656812,0.2826255081584975,1.9041379133226102,-157.05257292977865,-1646.3003960396534,306.3355253233734,-0.2724241946419592,0.2200462367852215,-0.25314746233028007,-151.58853560708422,-1712.2458364050724,440.6856152124366,-0.2736440190634412,0.01298633578849144,-0.168537711026655,-294.97613771710525,-1652.4554494427236,132.13445472471167
1141,0,-0.14836484533009586,0.009533787584775537,-0.07449492248483762,-312.7783567567552,-1676.5705295418268,468.5293596413597,-0.13960651316300426,0.04374611691409283,0.04704088642523387,-335.81367676145044,-1910.1612337746917,768.7200118308931,-0.5784557771052908,-1.254067170484296,-0.8395742169122132,-551.1107986822841,-1807.9917936717334,272.2513140281899,1.7980651827625973,2.3310880869511905,2.7449956002391955,-562.6130467686845,-1701.9426781228756,45.64344097001052,-0.15772579336712442,-0.03543901015354065,-0.15021729393327227,-438.7174855954785,-1685.4174331943893,464.8064813579234,-0.5218897950061223,1.2537611442495913,0.27765225042610137,-59.552055283754115,-1846.582444132383,294.8151486306178,0.13121133329972595,0.2842732332324003,1.9067916127101094,-156.8083326092881,-1646.3027911716943,306.4466801184207,-0.27162411415411764,0.220823415790227,-0.252997690282604,-151.5033560318219,-1712.3518042198866,440.71969276907384,-0.27259604118510755,0.012912193903310144,-0.16835919287226378,-294.90931174809083,-1652.2179456630413,132.24289297834846
1142,0,-0.1481742868899226,0.008704632146202353,-0.0737887782716871,-312.6873361963511,-1676.7176788206523,468.62790017848005,-0.13984113415799881,0.043451113216743914,0.04713220086031171,-335.70732985879033,-1910.4477860755587,768.6845117559709,-0.5763255841310582,-1.2540308001145917,-0.8398817368284386,-551.0415567893191,-1808.01674481286,272.2010461628251,1.7974646805471566,2.3305551329257823,2.746483000731736,-562.4705692599025,-1701.7619762561708,45.65173211794012,-0.1568055711190876,-0.03526471916025327,-0.15007668507644772,-438.6493889953707,-1685.5769145690363,464.86448216387447,-0.5211045924601179,1.2536504824384598,0.2784224184767137,-59.43772103575894,-1846.5786673964083,294.6988946257933,0.13056418879263346,0.28580970878786527,1.9092634801360657,-156.58967836758032,-1646.2944212107027,306.5556248454857,-0.2709069438075953,0.22164191987284723,-0.25286929513258755,-151.42553536329228,-1712.4474289701693,440.75143265919473,-0.2716023270177133,0.012851587262709746,-0.16815165651506223,-294.85406028157126,-1651.9969741937366,132.34509090419735
1143,0,-0.14813366620664728,0.007791598254458992,-0.07298613613418464,-312.60412810159113,-1676.8603410827955,468.7238298271286,-0.14015519426191142,0.04315591336737009,0.047258497261358945,-335.6036936718405,-1910.7232268236294,768.6672342255812,-0.5741303737755215,-1.254049571946519,-0.8400340798752605,-550.9743685452861,-1808.066968466166,272.15442903892625,1.7967799146469174,2.330155890706587,2.747950908671097,-562.3242024092259,-1701.6185198113255,45.65729963914756,-0.15591013064593773,-0.035109354711616726,-0.1498880141377178,-438.58890685873496,-1685.737089236445,464.9194058827724,-0.5204167420710457,1.2535044718826978,0.2792777256819043,-59.326810358426606,-1846.556445315687,294.5850359771555,0.13015263160665635,0.2871718452419335,1.9115046097892336,-156.39838798781065,-1646.2752632068893,306.6623885863264,-0.27026847606462434,0.22248479025574952,-0.2527573797444765,-151.35476925482396,-1712.5328558677836,440.781134276181,-0.27066189353619047,0.01280408487016952,-0.16792164722964198,-294.8092397053252,-1651.7923677383762,132.44103506564826
1144,0,-0.14822525327434843,0.0068103847190184,-0.07210217596669825,-312.52849372569335,-1676.9976866272996,468.81666688299964,-0.14052182071864946,0.04286148796582069,0.047416594619014485,-335.5033824149248,-1910.9888559582464,768.6645637720359,-0.5719008385165132,-1.2541218461414632,-0.8400509569287978,-550.909382432704,-1808.1387799642425,272.11129801646825,1.7960415921747734,2.3298754582487344,2.749377455013702,-562.1758425431499,-1701.5097704175912,45.659726468328664,-0.1550453580809727,-0.03497373525299113,-0.14965921767464843,-438.5356034681251,-1685.8964776107678,464.97112123853594,-0.5198229639668673,1.2533235189341232,0.28020613357615715,-59.219516219467664,-1846.5158008034682,294.47434767132563,0.1299930057153623,0.2883020892838335,1.9134708729655894,-156.23572696156725,-1646.245469261865,306.7667654568091,-0.2697039037270259,0.22333305890605212,-0.25265495259845266,-151.29077539287917,-1712.6081883367867,440.8090112576569,-0.2697739000655539,0.012768671544979262,-0.1676752552229206,-294.7737134031729,-1651.6038575780065,132.5306495145618
1145,0,-0.14842713515869585,0.005779419922683453,-0.07115416703328761,-312.4602737698511,-1677.1288537557298,468.90577826165105,-0.14091434287739624,0.04256889612170019,0.04760302010295283,-335.4070163820478,-1911.2456389133267,768.6727133623649,-0.5696680641930137,-1.254245698130003,-0.8399528436947553,-550.8467755329935,-1808.2284272619677,272.0713896233894,1.7952788778547695,2.3296974143002265,2.7507400967150843,-562.027582761414,-1701.4328694117928,45.658634191988334,-0.1542169696361019,-0.034858589635112576,-0.14939849136719516,-438.48908929356577,-1686.053613018432,465.0194086804679,-0.5193196177490281,1.2531087644258925,0.2811936456409438,-59.11599301134168,-1846.4570678906234,294.3675900234223,0.1300950713725241,0.2891502062209837,1.9151242457170092,-156.10243209530952,-1646.2053581786804,306.868340150164,-0.2692079403818947,0.22416641768111498,-0.25255335666338086,-151.2332940815466,-1712.6734922985124,440.8351997006503,-0.2689376903447822,0.012743860148461983,-0.16741799423521317,-294.7463665227087,-1651.4310722982077,132.61380923097516
1146,0,-0.14871345386267384,0.00471951722431838,-0.07016131279059397,-312.39938897695544,-1677.2529612919536,468.99040628979316,-0.14130700668136675,0.042279220490436024,0.04781408985144636,-335.3152168843125,-1911.4941900861995,768.6878463947338,-0.5674625268946198,-1.2544188966731564,-0.839760162968773,-550.7867444362189,-1808.3321895806832,272.03435096643193,1.7945184062176023,2.329604616738826,2.752016553964439,-561.8816443485184,-1701.3847247212345,45.65369336123842,-0.15343020309707875,-0.03476453657902136,-0.1491140555820099,-438.44902227966014,-1686.2070609764623,465.06397775008276,-0.5189026996052859,1.2528620335885565,0.2822248041372595,-59.01636674363089,-1846.380888903301,294.26549142027363,0.13046186606169388,0.28967476163665656,1.9164339076507575,-155.9987101453325,-1646.1554046255396,306.9665198231141,-0.26877494619490344,0.22496398182889346,-0.2524427974200365,-151.18208803792533,-1712.7288030297523,440.8597694880978,-0.26815281319197126,0.012727818459049101,-0.16715470111917902,-294.72611842343366,-1651.2735354822642,132.69035681332142
1147,0,-0.14905477069906534,0.003653429989125487,-0.06914451265644989,-312.34583667287,-1677.3691217070675,469.06970089870856,-0.14167569450166007,0.04199350545819392,0.04804599520529335,-335.2285997598002,-1911.7347690236309,768.7062039196514,-0.565313154499205,-1.254638869021279,-0.839492562650363,-550.7294951560114,-1808.4464633138818,271.9997523089353,1.79378355259691,2.329580030081131,2.7531857737538115,-561.7403023599899,-1701.36209908709,45.64463082968893,-0.15268954272329313,-0.03469205522145826,-0.14881393636225088,-438.4151065865185,-1686.3554365533946,465.10448799296597,-0.5185678243052384,1.252585795690342,0.28328318904286104,-58.92074704094234,-1846.2882069903148,294.168733149594,0.13108974221848912,0.28984426688713966,1.917377091430208,-155.92425053580277,-1646.0962257659692,307.0605714657024,-0.26839905369909295,0.22570510883485054,-0.25231294068439,-151.13694116157487,-1712.7741340820137,440.8827379388228,-0.26741902151377295,0.012718505072074941,-0.16688945991436005,-294.7119327982251,-1651.1306627754618,132.760121359893
1148,0,-0.14941855252619726,0.0026053243759933467,-0.06812604165164764,-312.29968319346517,-1677.4764546883955,469.14275545282504,-0.14199862077354647,0.04171270215270826,0.048294891020436014,-335.14776748689906,-1911.9672896146021,768.7242316823275,-0.5632464823103369,-1.254902658231489,-0.8391683087616261,-550.6752327667456,-1808.567833741417,271.96710235204625,1.7930939649736326,2.32960753069235,2.7542288645534168,-561.605808252498,-1701.3616955774196,45.63123438269898,-0.15199849329064136,-0.03464145017030136,-0.148505770329598,-438.38708875768276,-1686.4974197812735,465.1405723964158,-0.518310199693507,1.2522831314325222,0.28435190484295925,-58.829238844342854,-1846.1802525711362,294.07793716583836,0.131968578177484,0.2896379685423621,1.9179396735360306,-155.878250735997,-1646.0285652926427,307.14966377294354,-0.2680742895011592,0.22637022984724897,-0.25215354649933697,-151.09765612338543,-1712.8094877058018,440.90408489578465,-0.26673625056152395,0.012713808626618875,-0.1666255531443715,-294.7028255841514,-1651.0017589549502,132.82293839949423
1149,0,-0.14976977209743267,0.0016001932861759167,-0.06712915430484762,-312.2610524132469,-1677.5741010545958,469.20864435500437,-0.14225697056765363,0.04143762311645212,0.04855698288184471,-335.07330002663076,-1912.1913420244077,768.7387010048241,-0.5612859275486273,-1.2552068775399792,-0.8388038047071859,-550.6241514675916,-1808.6931319084836,271.9358656131177,1.7924653428979704,2.3296726403570487,2.755129947423914,-561.4803127654762,-1701.3802368254635,45.61335500575728,-0.15135941639005687,-0.034612815276208825,-0.14819663987418247,-438.3647515031817,-1686.6317692261873,465.1718621730097,-0.5181246025285776,1.251957704536668,0.2854140438103497,-58.741951948781605,-1846.0585224341066,293.993657226334,0.1330821540139619,0.28904627419953555,1.9181165044071653,-155.85945260463998,-1645.953274843906,307.2329122911393,-0.26779468928215194,0.22694165100870378,-0.25195510394028003,-151.0640507303155,-1712.8348662150663,440.923768350899,-0.2661045775054982,0.012711684677324725,-0.16636544190941172,-294.69787087148757,-1650.8860158293542,132.87866972135026
1150,0,-0.1500716127149657,0.000663236201208914,-0.0661776240984071,-312.23011083488774,-1677.6612369647517,469.266460675788,-0.1424354475952247,0.04116890864853513,0.048828610174284186,-335.005744608467,-1912.4062265557168,768.7468173844726,-0.5594512022576761,-1.2555476666511916,-0.8384132419116491,-550.5764256844633,-1808.8194767323557,271.9054811995059,1.791909437022372,2.329763145866544,2.755876876519468,-561.3657923407897,-1701.4145351468671,45.590907189584875,-0.15077343824873418,-0.03460600048343253,-0.14789294270604136,-438.34790549190893,-1686.7573339370765,465.1980116114635,-0.5180053646654602,1.251613732793386,0.2864531171471633,-58.65900693644944,-1845.9247506189697,293.91637344912345,0.13440868043721635,0.28807081644244936,1.917911480366906,-155.86618790869912,-1645.8712928885234,307.30942630206937,-0.2675544048883974,0.22740428587000888,-0.25170943318871675,-151.0359531510755,-1712.850283760111,440.94173974383676,-0.2655241656120226,0.012710284611640036,-0.16611077500203159,-294.69620507852613,-1650.7825119188165,132.92722201619588
1151,0,-0.15028626609865822,-0.0001807727034558998,-0.06529523309011726,-312.2070498805229,-1677.737088407011,469.3153522936313,-0.1425227005456908,0.040907006029136495,0.04910632201812561,-334.94560474999673,-1912.6109981128836,768.7463110543553,-0.5577578788847607,-1.2559206551241353,-0.8380083819877764,-550.532202649618,-1808.9443029982542,271.87538224418194,1.791434233582516,2.32986957232906,2.7564617935799474,-561.2639822086709,-1701.4615515397365,45.56386769171952,-0.15024043344985735,-0.03462058567932936,-0.14760029753384882,-438.33637971089576,-1686.873064074722,465.2187217069965,-0.517946377365512,1.2512559532085743,0.28745344761469943,-58.58053664746764,-1845.7808708142518,293.84649002043113,0.13592146655495055,0.2867241639120603,1.917337361689575,-155.896431245709,-1645.7836213357073,307.3783556294935,-0.26734780344033243,0.22774628634032149,-0.2514102247319666,-151.0131962168244,-1712.8557780450728,440.9579581459571,-0.2649951973908123,0.012708071204816661,-0.1658624258863159,-294.69702968871394,-1650.6902149084704,132.96856336158385
1152,0,-0.15037581127443322,-0.0009081099274656882,-0.06450522776778994,-312.19206614864777,-1677.80094598509,469.3545553304623,-0.14251160190809584,0.04065216208502376,0.04938694311853032,-334.8933288586917,-1912.8045195069487,768.7355046114415,-0.5562171175461815,-1.2563209385538772,-0.8375984660437319,-550.4915966903409,-1809.0653763957582,271.8450152902439,1.791044282599196,2.329985488977356,2.7568814932338626,-561.176318921088,-1701.5184424486365,45.53227317025952,-0.1497590836053144,-0.03465586458990805,-0.1473234854714658,-438.3300110469774,-1686.9780205675577,465.23376137517585,-0.517941119371949,1.2508895758456724,0.28840051905148095,-58.50668300138791,-1845.6289707289295,293.78433552741666,0.1375897105547685,0.2850291946062139,1.9164153421701524,-155.9478586969908,-1645.6913003493396,307.4389353978639,-0.26716955897582173,0.22795954667717908,-0.2510534900144646,-150.99561112156906,-1712.8514216063822,440.9724026385039,-0.26451780179384377,0.012703915794791016,-0.1656205550619741,-294.69961285270534,-1650.6079878122548,133.0027367478108
1153,0,-0.1503031607442846,-0.001496707286816131,-0.06382975712083236,-312.18534047814677,-1677.8521800343772,469.3834239661477,-0.1423993608968164,0.040404428821842524,0.04966762674147674,-334.8492988028747,-1912.9855214944587,768.7133540602533,-0.5548355586019214,-1.2567430735493264,-0.8371902425158149,-550.4546852604744,-1809.1807971292449,271.8138589570454,1.7907411264918447,2.3301076370007605,2.757137586800647,-561.1038946279971,-1701.5825939960168,45.49621707549767,-0.14932700493019235,-0.034710840673627334,-0.14706642486497085,-438.3286337723981,-1687.071384137557,465.24298523033025,-0.5179827118221167,1.2505202215108502,0.28928127964137745,-58.437589644094096,-1845.4712396718412,293.7301652145183,0.13937939547636707,0.28301815265246183,1.9151743771362997,-156.0179106691235,-1645.595382085816,307.49052678636167,-0.26701473707554235,0.22804006178797315,-0.25063790275772885,-150.9830209240372,-1712.8373323406304,440.9850823136139,-0.2640919807878607,0.0126971727263124,-0.1653846942012396,-294.7032901461257,-1650.5345996247488,133.02987002880485
1154,0,-0.15003305778913395,-0.0019267245645033346,-0.06328930828363251,-312.1870166991861,-1677.8902560753645,469.40145598383594,-0.14218746091298762,0.04016368113202999,0.04994589245828833,-334.81381885974247,-1913.1526672079417,768.6794610992017,-0.5536153784717951,-1.2571810972340127,-0.8367881011795832,-550.4215065924976,-1809.2889939083468,271.78144127109704,1.7905237867194166,2.3302358786943884,2.757236461351365,-561.0474248064342,-1701.6516440983933,45.45584613318679,-0.1489409342011777,-0.03478423582539914,-0.1468321757074487,-438.3320695796657,-1687.152463982918,465.2463471410693,-0.5180640004016056,1.2501538395229561,0.2900843969162249,-58.37339143116179,-1845.3099112715267,293.68416435851407,0.1412542700039101,0.28073141660241746,1.9136502804179034,-156.10385750002962,-1645.4969042957018,307.5326519916824,-0.26687887230924556,0.2279881272864996,-0.2501650153221494,-150.97523428542365,-1712.8136830271715,440.9960434671683,-0.2637175404124159,0.012687727664768217,-0.165153847633493,-294.70746474713906,-1650.468740982019,133.05018188212557
1155,0,-0.14953310527296534,-0.00218108061922993,-0.06290215467262278,-312.19718095037484,-1677.9147505458125,469.40831361819994,-0.14188142138645726,0.03992964491479963,0.05021964705051297,-334.78710545120487,-1913.3046185150765,768.6340560710665,-0.5525545007760402,-1.2576285760463668,-0.8363942979185768,-550.3920587464886,-1809.3887102853598,271.74735510029575,1.7903892693737047,2.330372975667314,2.7571890383621023,-561.0072305024512,-1701.723493460635,45.41135668563525,-0.14859695902034256,-0.03487451164997746,-0.14662296878301065,-438.3401187321921,-1687.220706300736,465.2439090310449,-0.518177662678105,1.2497966034315602,0.29080046306374324,-58.31420209797475,-1845.1472037831454,293.64645192946404,0.1431768915107248,0.27821601527175593,1.9118846073237477,-156.2028664765801,-1645.396864896795,307.5650219070877,-0.2667580374416811,0.22780837437949367,-0.24963933979232986,-150.9720398612349,-1712.780709637194,441.00537371171976,-0.26339403079278934,0.012676017536196583,-0.16492660635923775,-294.71160725901024,-1650.4090450143428,133.06398356588875
1156,0,-0.1487748018457406,-0.00224593405924582,-0.06268383154010126,-312.21584240837774,-1677.925366651653,469.4038394462515,-0.14149039344520908,0.03970193337653015,0.05048718798580388,-334.76927806298784,-1913.4401018358783,768.5779526353501,-0.5516469492264828,-1.2580786871014484,-0.8360092525051469,-550.3662997879165,-1809.478985356318,271.71127120317567,1.7903330557743486,2.3305242109010464,2.7570103428454553,-560.9832354741492,-1701.7963068708418,45.362991078059714,-0.14829077581587352,-0.03497990216800538,-0.14644025418607723,-438.3525527952817,-1687.2757026967665,465.2358446521812,-0.5183163364973624,1.2494547846200248,0.29142214912741626,-58.26010159466663,-1844.9852607008208,293.61708375457596,0.14510970509026258,0.27552393684274834,1.909923350316332,-156.3120689035056,-1645.2961987148906,307.58755540447714,-0.26664890236459593,0.22750963790187487,-0.24906828877978476,-150.97320170793492,-1712.7387182621799,441.01320290850464,-0.2631206985077519,0.012663021098595548,-0.16470126977741176,-294.715255354578,-1650.3541131823965,133.07167646077136
1157,0,-0.14773455636076963,-0.0021111044458845753,-0.06264665419313577,-312.2429162201897,-1677.9219500498239,469.38806718215903,-0.14102660837750808,0.03948008887005885,0.050747190027714405,-334.76035170979367,-1913.5579710459624,768.5124768421003,-0.5508833235753653,-1.2585243334167684,-0.8356319000828901,-550.3441488337658,-1809.5591307845607,271.6729485019042,1.7903495505390965,2.330696875303589,2.7567188997513252,-560.9749779746401,-1701.8685065060458,45.31103418946864,-0.14801795762336983,-0.035098456091105686,-0.14628476382883787,-438.3691092980723,-1687.3171983772372,465.2224383100208,-0.518472763662577,1.249134606001944,0.2919443064528187,-58.211124497374335,-1844.8260944264193,293.5960545276872,0.14701612753047005,0.2727102889075347,1.9078154862941585,-156.42862575999547,-1645.1957575800943,307.60038952729536,-0.2665487798218957,0.22710466086046366,-0.2484619761791387,-150.97845598364577,-1712.6880905296732,441.0197009890892,-0.2628964533348318,0.012650220402471199,-0.16447597056490842,-294.7180133640792,-1650.3025454848605,133.07374557420403
1158,0,-0.14639464619436943,-0.0017704242920660834,-0.06279929457573184,-312.27820935575835,-1677.904503932862,469.36122732322224,-0.1405047068124229,0.03926362739686521,0.05099867667543753,-334.7602312631267,-1913.6572652877783,768.4393748044188,-0.5502513756657985,-1.2589582919370268,-0.8352600762062053,-550.3254877535298,-1809.6287059475017,271.6322412978803,1.79043246683439,2.3308996444522574,2.7563359799974734,-560.9816363152913,-1701.9387591165967,45.25581011496642,-0.14777421339466418,-0.03522808623989847,-0.1461565828824755,-438.38948855461877,-1687.3450998638034,465.20407876212226,-0.5186399417598704,1.2488420801293256,0.29236401375987536,-58.16725067790411,-1844.6715355846175,293.5832981987833,0.14886159933903487,0.26983138102221743,1.905611428088692,-156.549790288609,-1645.0962948500871,307.60388032634256,-0.26645565430350326,0.22660964388323565,-0.24783288335402248,-150.9875091333056,-1712.6292873985478,441.025072899945,-0.2627198499702698,0.012639534610963636,-0.1642487984995387,-294.7195518666078,-1650.2529740538523,133.07074935535968
1159,0,-0.14474408058623878,-0.0012220111031694863,-0.0631464322893468,-312.3214100080082,-1677.8732029354826,469.32374765128975,-0.1399409841451055,0.03905208282914926,0.051240979120617425,-334.76870790524873,-1913.7372597841393,768.3607044462861,-0.5497366594692851,-1.2593733905912616,-0.8348909151680528,-550.3101633798258,-1809.6874927629722,271.5891032547459,1.7905751361417328,2.3311418757984694,2.7558847240834075,-561.0020668088174,-1702.005958993668,45.19767892235016,-0.1475556214396564,-0.03536662329927895,-0.1460552257107271,-438.41335274300735,-1687.3594818291645,465.18124873456543,-0.5188112760177837,1.248582837747904,0.29268056884343596,-58.12839907534482,-1844.5231902784212,293.57868652165587,0.15061456270247814,0.2669428143134967,1.903361445520531,-156.67296565679456,-1644.9984552055178,307.5985944737432,-0.2663681901828255,0.2260436531799823,-0.2471954015853151,-151.00003766035744,-1712.5628512384376,441.02955105195963,-0.26258908409261306,0.012633228807910651,-0.16401791938792692,-294.71960728079966,-1650.2040988488573,133.0633063223867
1160,0,-0.142779326658389,-0.00046844763558588566,-0.06368849622305127,-312.37208105527014,-1677.8284051401224,469.2762486281349,-0.13935259305919298,0.03884504801386921,0.05147368617143406,-334.78545791925234,-1913.797508078088,768.2787177040865,-0.549323226993171,-1.2597627078545128,-0.8345212419399205,-550.2979901537054,-1809.7354714407911,271.543588069328,1.7907707376020716,2.331432860870789,2.755389177253232,-561.0348522067786,-1702.0692085466612,45.13703334707979,-0.1473588216714478,-0.03551187094934251,-0.14597971266630524,-438.44032721001236,-1687.3605925288891,465.1545106982541,-0.5189807227380483,1.2483619540750033,0.29289542513698175,-58.094425035547246,-1844.3824071832594,293.5820258163053,0.15224732162138707,0.26409766910495225,1.9011141288810292,-156.7957557706476,-1644.902770236153,307.5852921588659,-0.2662857154654341,0.2254279061383,-0.2465652671178856,-151.0156895013392,-1712.4894061040109,441.0333857876015,-0.2625020012047379,0.012633801518810136,-0.16378168563948559,-294.71798138567016,-1650.1547239360796,133.05207913850626
1161,0,-0.14050485391987405,0.00048314226438720857,-0.06442151255660093,-312.4296579705489,-1677.770661335479,469.2195337426268,-0.13875674634010846,0.0386422102243853,0.05169658906924884,-334.8100439736338,-1913.8378744859435,768.19573998431,-0.5489943409326808,-1.2601197858789455,-0.8341479393711319,-550.2887531878232,-1809.7727980495108,271.49584684432006,1.7910124495332698,2.3317810709584323,2.754873276891889,-561.0783583236775,-1702.1277981378173,45.074295270256734,-0.14718115448837452,-0.03566165949209996,-0.14592864508052553,-438.47000384478326,-1687.3488572161411,465.1244897042664,-0.5191429162978577,1.2481837807106342,0.2930120749932473,-58.06512132729823,-1844.2502558692095,293.5930522918404,0.1537367447298189,0.26134487641651016,1.8989149661390152,-156.9160075465678,-1644.809659934544,307.5649020956514,-0.26620817851174744,0.22478495960968103,-0.24595891070229456,-151.03408693923586,-1712.4096561224505,441.0368344840994,-0.26245611603400903,0.01264385568246289,-0.16353873542515812,-294.71454064279277,-1650.1037927023017,133.03775688802483
1162,0,-0.13793345332963133,0.0016211350698038085,-0.06533707376080772,-312.4934514224994,-1677.7007205947389,469.15457488453507,-0.13816996217773533,0.038443378946564334,0.05190962527120729,-334.8419190063459,-1913.8585559208277,768.1140535843181,-0.54873317473212,-1.260438846512205,-0.8337682743172421,-550.282211769185,-1809.7997844094402,271.44612227656313,1.79129353268902,2.332193438248893,2.75435984029,-561.1307961992948,-1702.181186563425,45.00991185085561,-0.14702073812638275,-0.035813895373546414,-0.1459002768573909,-438.5019462596424,-1687.3248788806652,465.09185418611366,-0.5192932729832763,1.2480517909840179,0.29303588325328606,-58.040222638820666,-1844.1275170980625,293.6114265423989,0.15506478109084762,0.2587278427123912,1.896805094502443,-157.0318434546998,-1644.7194397803205,307.5384897525516,-0.266136076723068,0.2241378321985821,-0.24539274899375793,-151.0548309199251,-1712.3243819277618,441.0401499818893,-0.26244863988233214,0.012665958686871112,-0.16328807776250992,-294.7092151425397,-1650.0504203003102,133.02103638734434
1163,0,-0.1350862899002573,0.0029295782418182256,-0.06642244112733746,-312.5626546731663,-1677.619531205702,469.082492851902,-0.13760738986489152,0.038248504700114816,0.0521128250769001,-334.8804327530819,-1913.8600925971477,768.0357911853812,-0.5485234712622633,-1.2607149985126695,-0.8333801690081127,-550.2781033416951,-1809.816880445721,271.3947398839884,1.791607360769913,2.332674716935667,2.753869608442654,-561.1902869187693,-1702.228983263831,44.944351251810595,-0.1468764807977156,-0.03596660442709698,-0.14589258217135026,-438.5356964378924,-1687.289435657134,465.0572956888099,-0.5194280667294312,1.247968445787512,0.2929738762667872,-58.019413113333314,-1844.0146850970386,293.63672803823187,0.15621877175432616,0.2562833747672167,1.894820271224524,-157.14168378235863,-1644.632332687335,307.50722016062707,-0.26607035821977704,0.22350909778435768,-0.24488245026565542,-151.07750657465235,-1712.2344350978947,441.0435690564791,-0.26247651323727716,0.012702497746385608,-0.16302916124995492,-294.7019969673816,-1649.9939216563134,133.00260340780895
1164,0,-0.1319926539146104,0.004388499972692051,-0.0676607900918102,-312.63635573795176,-1677.5282360209626,469.0045331669689,-0.13708224672423014,0.03805768841396158,0.052306264449656574,-334.92484089734455,-1913.8433674439284,767.9628445081876,-0.5483501327184832,-1.2609444240073293,-0.8329824071465629,-550.2761480108221,-1809.8246587861752,271.3420966126854,1.7919474179521593,2.3332269691816543,2.753420406959448,-561.2549261239096,-1702.270933012416,44.87809798750065,-0.1467480284886472,-0.036117967214500384,-0.14590331961729333,-438.57078246192583,-1687.243474299646,465.0215084774935,-0.5195444738660234,1.2479350859030092,0.2928344928901116,-58.002336297147856,-1843.9119810596055,293.6684505613036,0.15719155219232153,0.2540409289403257,1.8929900923152525,-157.24425865201525,-1644.548484746541,307.4723168714762,-0.26601229973146323,0.22291999169824891,-0.24444221098343355,-151.10168969780796,-1712.140730573034,441.04730163696746,-0.2625364412277335,0.012755537294542109,-0.16276192452770155,-294.6929377599955,-1649.933833488222,132.98311467875078
1165,0,-0.12868938560741408,0.005974363922660343,-0.06903160293207444,-312.71355412553055,-1677.4281614164913,468.9220374969332,-0.1366053882316573,0.0378711816594252,0.052490026572780984,-334.97431675157253,-1913.8095943323342,767.8967919199101,-0.5481997167930933,-1.261124532789409,-0.8325747679028912,-550.2760536017116,-1809.823801093057,271.2886472918379,1.792307284911884,2.333849217146497,2.753026484591672,-561.3228453584228,-1702.3069034909925,44.811647986981185,-0.14663565355888752,-0.03626634548646174,-0.14593009355700814,-438.60672692231634,-1687.1880992158492,464.98516991852694,-0.5196405859005939,1.2479518557864633,0.2926273051247684,-57.98860674861336,-1843.8193764696782,293.7059995698165,0.15798135150963502,0.25202218966604023,1.8913374735122108,-157.33861027753935,-1644.467983459468,307.4350188320202,-0.26596336603213705,0.2223895720921862,-0.2440840818670936,-151.1269538826775,-1712.0442370496387,441.0515214172349,-0.26262493010931814,0.012826685204185596,-0.16248682690317673,-294.6821453037829,-1649.8699289864985,132.96318147884682
1166,0,-0.12521996209844705,0.007660669018650275,-0.07051120709144357,-312.79318180847906,-1677.3207992585742,468.83641115592366,-0.13618502380737268,0.03768937866241,0.05266417368838449,-335.0279653160671,-1913.7602954714137,767.8388473612675,-0.5480608180547858,-1.2612540744583691,-0.83215808506459,-550.2775212758374,-1809.8150854000612,271.234889521875,1.7926806333379646,2.3345372930614277,2.752698079961028,-561.392267721283,-1702.336875811203,44.74550347449319,-0.14654009310381874,-0.03641029946441931,-0.1459704133439948,-438.6430556297825,-1687.1245566974635,464.94892242607364,-0.5197153910657087,1.248017662840442,0.2923627170086719,-57.977822496267535,-1843.7366243500035,293.748692422496,0.15859150333813793,0.25024096625425035,1.8898783959354766,-157.42408624487175,-1644.3908770296493,307.3965371155466,-0.26592505811421047,0.22193397679916083,-0.24381738125243482,-151.15287798547516,-1711.9459653576357,441.05635840965385,-0.26273832378634276,0.012916974568817314,-0.16220485797152842,-294.66977896456694,-1649.802224093034,132.94335551625437
1167,0,-0.12163325381928367,0.00941868636236228,-0.07207344930577506,-312.8741278834211,-1677.2077815852288,468.7490874007196,-0.13582658150290536,0.03751280138103306,0.05282872973492702,-335.08483950751753,-1913.6972685636981,767.789831554233,-0.5479243192708961,-1.2613332005291393,-0.8317342329073195,-550.2802516632526,-1809.7993736107085,271.1813476522988,1.7930612443617062,2.335283904613111,2.7524412478041045,-561.4615558169164,-1702.3609376892898,44.68016770970523,-0.14646234942748684,-0.03654859628280916,-0.1460217507674454,-438.6793062983826,-1687.0542141787623,464.91335763636033,-0.51976872678379,1.248130175334042,0.29205165118534304,-57.96957754468519,-1843.6632962147971,293.7957622611518,0.15902999063079276,0.24870338486265883,1.8886219090107295,-157.50032478953867,-1644.317193257109,307.3580135679155,-0.26589875876412217,0.22156581124116265,-0.24364822959030213,-151.17905358314488,-1711.8469548461412,441.06189386325127,-0.26287284026844077,0.013026767517104347,-0.16191752547028668,-294.656043900713,-1649.7309746675917,132.92411765164294
1168,0,-0.11798198083526176,0.011218314962382014,-0.0736904862062562,-312.95526616410416,-1677.0908481115307,468.6614895237475,-0.13553271629365432,0.0373420790264765,0.05298367337195675,-335.14395829691006,-1913.622544551953,767.7501651334865,-0.5477835052325379,-1.2613634712162394,-0.8313060445034844,-550.2839513948556,-1809.7775983159174,271.1285564995599,1.793443059575112,2.3360789142527336,2.7522579508461646,-561.529250591156,-1702.3792786253296,44.61613953472992,-0.14640346791566483,-0.03668021047403085,-0.146081595634601,-438.7150369236008,-1686.9785345992102,464.879003315256,-0.5198012063929353,1.2482858612617231,0.2917052332610444,-57.963473701845466,-1843.5988223533388,293.8463661480494,0.15930885215624294,0.24740834328621203,1.8875703750295334,-157.56723316064097,-1644.2469566524182,307.32048343062564,-0.2658855851452429,0.22129369671698657,-0.24357923234024587,-151.20509212123125,-1711.7482578333586,441.0681578201223,-0.263024608776023,0.013155687071037162,-0.16162682100889272,-294.64118402281855,-1649.6566642362418,132.90586984422586
1169,0,-0.11432092688326524,0.013029025597620383,-0.07533366192156656,-313.0354847170529,-1676.971807162803,468.5749920862192,-0.1353034491708352,0.03717792326521218,0.053128940253700734,-335.2043264402267,-1913.5383370349418,767.7198821642372,-0.5476340408172397,-1.26134780438443,-0.8308771717453983,-550.2883398285,-1809.7507481966757,271.0770453832968,1.7938202655177569,2.3369098107545474,2.7521463967138193,-561.5941002347364,-1702.3921860890648,44.55390758588462,-0.14636430992328492,-0.03680431779810839,-0.14614750902095613,-438.7498336298223,-1686.8990462257398,464.84631333205834,-0.5198141244386624,1.248480069505035,0.29133448446754895,-57.95913112588387,-1843.5425330712346,293.8995977882902,0.15944348225208932,0.24634818957105117,1.886719932692933,-157.6249602519526,-1644.1802025406573,307.28484382682166,-0.2658862582801249,0.22112200126230744,-0.24360933037653143,-151.23063150783267,-1711.6509222263862,441.07512942667125,-0.26318970883024434,0.013302582344007037,-0.1613351637570854,-294.62547377140567,-1649.5799824476364,132.88893051211033
1170,0,-0.11070499814487826,0.01482084909463319,-0.07697443363027993,-313.1137161111169,-1676.8524911899403,468.4908829775757,-0.1351364180670483,0.037021100074437485,0.05326443293521397,-335.2649554202191,-1913.4469846830164,767.6986615189553,-0.5474738244381788,-1.261290366988269,-0.8304518990040731,-550.293155667782,-1809.719851462274,271.0273229626546,1.7941874049672681,2.3377623323875354,2.7521015753452125,-561.6550788743587,-1702.4000414216878,44.493943977306564,-0.14634533974893732,-0.03692028400599228,-0.1462171733868866,-438.78331780538196,-1686.8173085787798,464.81566085952704,-0.5198093455127119,1.248707153593712,0.29095003294557276,-57.95619714251901,-1843.4936986541725,293.9545048435705,0.1594518572515675,0.24550958106423637,1.8860611509616194,-157.67386475975096,-1644.1169871541085,307.2518296380522,-0.26590099887911123,0.2210507674322239,-0.24373382835268276,-151.2553419799977,-1711.5559724961356,441.08273995637177,-0.26336421301628,0.013465531345509653,-0.16104532278441605,-294.6092088754379,-1649.5017947985878,132.8735333097257
1171,0,-0.10718723858861498,0.01656535499303554,-0.07858529874430131,-313.1889669545812,-1676.7347085465979,468.4103282281677,-0.1350272172718128,0.03687239895909421,0.05339003657468559,-335.32488514433663,-1913.350888240859,767.6858728477359,-0.547302736585029,-1.2611964121019212,-0.8300349239574552,-550.2981630907041,-1809.6859570084687,270.97986325880873,1.7945395026300812,2.3386211873948306,2.7521159355479545,-561.7113952447106,-1702.4033140228687,44.436697264993136,-0.14634644501954033,-0.03702765028011357,-0.14628843847504217,-438.81515238345685,-1686.7348753786648,464.78733480084924,-0.5197891818978573,1.2489606370675552,0.290561852866963,-57.9543530519291,-1843.4515660792463,294.01011048090345,0.15935372208902493,0.24487447812061372,1.8855798396024783,-157.7144801770153,-1644.0573930075745,307.2219978218016,-0.26592945779098076,0.22107584295295538,-0.2439446028174327,-151.27893113195128,-1711.4643893042353,441.0908783415873,-0.26354423517101633,0.013641884276151083,-0.16076031963992232,-294.5926963448026,-1649.4231046133013,132.85982915116662
1172,0,-0.10381692556049835,0.018236563044737707,-0.08014067462498894,-313.26034521760425,-1676.6201935991098,468.33434150962955,-0.13496979967689393,0.036732600076354455,0.053505638588214006,-335.3832058660153,-1913.2524439592692,767.6806334308109,-0.5471223096918414,-1.2610720673157825,-0.8296311197645619,-550.3031569609608,-1809.6501132509934,270.93509314967304,1.7948721902502998,2.33947081245806,2.7521801329674176,-561.7624919425355,-1702.4025524958845,44.382584554232004,-0.14636680834426052,-0.0371261171192143,-0.1463593616761069,-438.8450471653314,-1686.6532556661932,464.7615393043128,-0.5197562650932099,1.249233417859608,0.290179038695123,-57.95331881125424,-1843.4153908629762,294.0654384326648,0.15916976932137122,0.2444212260675938,1.8852579791322108,-157.747477931606,-1644.0015291974453,307.19572070366655,-0.2659706874942927,0.22118921132743993,-0.24423048333717684,-151.30114803981542,-1711.377088211837,441.0993988593902,-0.2637259855059719,0.0138283484497764,-0.1604833139881776,-294.57624402451603,-1649.3450086579278,132.84789115921902
1173,0,-0.10063786274957305,0.019811735149527214,-0.08161768497085516,-313.3270839474641,-1676.5105574160225,468.26375997284293,-0.13495691588156478,0.03660243979615147,0.05361115052561377,-335.4390797180285,-1913.1539755411754,767.6818720404177,-0.5469353488670537,-1.2609240828420964,-0.8292452925709253,-550.3079667122249,-1809.6133448924627,270.8933815138041,1.7951818169289382,2.3402961136378964,2.75228378555936,-561.8080362017745,-1702.3983717772455,44.33198271544895,-0.146404844519492,-0.037215528320933784,-0.14642824145311795,-438.872763116141,-1686.5738744408018,464.73839610869834,-0.5197134157659977,1.2495180072374334,0.2898096195866043,-57.95285562894291,-1843.3844628778609,294.1195405149133,0.15892084069154944,0.24412567986149056,1.8850747304168016,-157.77362991825592,-1643.9495266422225,307.1731882729716,-0.26602315853817626,0.22137951017569177,-0.24457779139584324,-151.32178644209046,-1711.2948980392491,441.10813048154967,-0.2639058335830172,0.014021113850351076,-0.16021747657071053,-294.5601500904254,-1649.2686481315516,132.83772210201548
1174,0,-0.09768696513535331,0.021272007283215634,-0.08299681559490857,-313.38856026173926,-1676.407241248432,468.1992275663289,-0.13498056549793544,0.03648257536442476,0.05370653058104189,-335.4917611729062,-1913.0576669060774,767.6883960177236,-0.5467455326062185,-1.2607595501273805,-0.8288819474605039,-550.3124585850138,-1809.576628202101,270.8550301073638,1.795465533486416,2.3410831437984894,2.7524161831925986,-561.8479033903859,-1702.39143579818,44.285218816960096,-0.146458212029102,-0.03729585645381129,-0.14649364253369596,-438.89811558702894,-1686.4980342961203,464.71794937077,-0.5196635160973722,1.2498067966395638,0.2894604167870189,-57.95276662323019,-1843.3581254551586,294.1715252950143,0.15862717879090887,0.2439623277991674,1.8850074828407823,-157.79377157993173,-1643.9015286613833,307.1544190302081,-0.266084821736729,0.22163271533945325,-0.24497101338825333,-151.34068694237482,-1711.2185395831484,441.1168872975333,-0.2640803790510562,0.014216015782350998,-0.15996585517331022,-294.5446928940529,-1649.1951570805863,132.82926379735105
1175,0,-0.09499320026704249,0.022602835688722976,-0.08426241354776606,-313.4443088609419,-1676.3114748424405,468.14118639264575,-0.1350324383748243,0.03637354962166959,0.05379180529245935,-335.54061568399214,-1912.9654982563893,767.6989580287857,-0.5465570192536254,-1.2605856040074772,-0.8285450745745533,-550.316536040947,-1809.540865701572,270.82026621785195,1.7957213435870159,2.3418196819423414,2.752566911253786,-561.8821546104189,-1702.3824358165573,44.24256005945315,-0.14652390075739213,-0.03736719079363734,-0.14655441192873558,-438.920976428162,-1686.426879613171,464.70017256402775,-0.5196093881411211,1.2500923431909703,0.28913694520573247,-57.95289577179966,-1843.3357875800768,294.2205864376961,0.15830775348932286,0.24390537336528237,1.8850328995687904,-157.80876659281597,-1643.8576776477134,307.1392784810655,-0.26615321335831327,0.22193295866612955,-0.245393575643331,-151.3577381991581,-1711.1486055342332,441.1254793670884,-0.2642465286491117,0.014408728109880479,-0.15973124032832953,-294.53012156905885,-1649.1256105153354,132.82240792008113
1176,0,-0.09257691999216075,0.023794245745571894,-0.08540301470360159,-313.4940296494499,-1676.224241405566,468.08987611690907,-0.13510432640515221,0.0362757571259231,0.053867089115374044,-335.5851357191617,-1912.8791880507686,767.7123193447447,-0.546374080122337,-1.2604091231795254,-0.8282379653395815,-550.3201383501514,-1809.5068614204517,270.7892371665074,1.795948118172667,2.342495690889794,2.752726361640292,-561.9110098844347,-1702.3720651613662,44.204203692404015,-0.14659839042373085,-0.037429728143207774,-0.14660968533327728,-438.94127495367235,-1686.3613648951568,464.6849770040122,-0.5195536817719987,1.2503676618043673,0.28884335923503673,-57.9531254183145,-1843.316929443141,294.2660291969922,0.15797968451084796,0.2439297375694568,1.8851279189880747,-157.81947412337146,-1643.8180989097555,307.1275039543399,-0.2662255967541606,0.22226343723972045,-0.2458286813410664,-151.37287706674934,-1711.0855425655704,441.13372336395304,-0.2644015763448492,0.014594977359711244,-0.15951603796301633,-294.51664779528556,-1649.0609746470338,132.81700763629925
1177,0,-0.090449590422346,0.024840884014724587,-0.0864114946141223,-313.53758935133146,-1676.1462508223508,468.0453409942811,-0.1351884897733522,0.03618941345642926,0.053932600678332256,-335.6249533836741,-1912.8001435327672,767.7273069488667,-0.5462007750172553,-1.260236444655558,-0.8279630667093566,-550.3232375155009,-1809.4752980781163,270.76200681001274,1.796145573196843,2.343103639546585,2.75288611719882,-561.9348184397119,-1702.3609917147182,44.17026758773203,-0.1466778667604368,-0.03748376631806013,-0.1466588839929751,-438.95899770364775,-1686.302228795196,464.6722215451312,-0.5194987759174755,1.2506265088972612,0.2885824421748471,-57.95337261634622,-1843.3011020178033,294.307293555401,0.15765777765881694,0.24401194783818275,1.8852706730981017,-157.82671955767088,-1643.7828830331873,307.11873406196906,-0.26629913017810997,0.22260736257173455,-0.24626016217690874,-151.3860876565905,-1711.0296366610714,441.1414524281846,-0.26454328184318243,0.01477076490563785,-0.15932215610429537,-294.5044390801719,-1649.0020617038417,132.8128895008447
